2.5	1	0.0188722
2.5	1.015	0.0188722
2.5	1.03	0.0188722
2.5	1.045	0.0188722
2.5	1.06	0.0188722
2.5	1.075	0.0188722
2.5	1.09	0.0188722
2.5	1.105	0.0188722
2.5	1.12	0.0188722
2.5	1.135	0.0188722
2.5	1.15	0.0188722
2.5	1.165	0.0188722
2.5	1.18	0.0188722
2.5	1.195	0.0188722
2.5	1.21	0.0188722
2.5	1.225	0.0188722
2.5	1.24	0.0188722
2.5	1.255	0.0188722
2.5	1.27	0.0188722
2.5	1.285	0.0188722
2.5	1.3	0.0188722
2.5	1.315	0.0188722
2.5	1.33	0.0188722
2.5	1.345	0.0188722
2.5	1.36	0.0188722
2.5	1.375	0.0188722
2.5	1.39	0.0188722
2.5	1.405	0.0188722
2.5	1.42	0.0188722
2.5	1.435	0.0188722
2.5	1.45	0.0188722
2.5	1.465	0.0188722
2.5	1.48	0.0188722
2.5	1.495	0.0188722
2.5	1.51	0.0188722
2.5	1.525	0.0188722
2.5	1.54	0.0188722
2.5	1.555	0.0188722
2.5	1.57	0.0188722
2.5	1.585	0.0188722
2.5	1.6	0.0188722
2.5	1.615	0.0188722
2.5	1.63	0.0188722
2.5	1.645	0.0188722
2.5	1.66	0.0188722
2.5	1.675	0.0188722
2.5	1.69	0.0188722
2.5	1.705	0.0188722
2.5	1.72	0.0188722
2.5	1.735	0.0188722
2.5	1.75	0.0188722
2.5	1.765	0.0188722
2.5	1.78	0.0188722
2.5	1.795	0.0188722
2.5	1.81	0.0188722
2.5	1.825	0.0188722
2.5	1.84	0.0188722
2.5	1.855	0.0188722
2.5	1.87	0.0188722
2.5	1.885	0.0188722
2.5	1.9	0.0188722
2.5	1.915	0.0188722
2.5	1.93	0.0188722
2.5	1.945	0.0188722
2.5	1.96	0.0188722
2.5	1.975	0.0188722
2.5	1.99	0.0188722
2.5	2.005	0.0188722
2.5	2.02	0.0188722
2.5	2.035	0.0188722
2.5	2.05	0.0188722
2.5	2.065	0.0188722
2.5	2.08	-0.00634003
2.5	2.095	-0.00634003
2.5	2.11	-0.00634003
2.5	2.125	-0.00634003
2.5	2.14	-0.00634003
2.5	2.155	-0.00634003
2.5	2.17	-0.00634003
2.5	2.185	-0.00634003
2.5	2.2	-0.00634003
2.5	2.215	-0.00634003
2.5	2.23	-0.00634003
2.5	2.245	-0.00634003
2.5	2.26	-0.00634003
2.5	2.275	-0.00634003
2.5	2.29	-0.00634003
2.5	2.305	-0.00634003
2.5	2.32	-0.00634003
2.5	2.335	-0.00634003
2.5	2.35	-0.00634003
2.5	2.365	-0.00634003
2.5	2.38	-0.00634003
2.5	2.395	-0.00634003
2.5	2.41	-0.00634003
2.5	2.425	-0.00634003
2.5	2.44	-0.00634003
2.5	2.455	-0.00634003
2.5	2.47	-0.00634003
2.5	2.485	-0.00634003
2.5	2.5	-0.00634003
2.5	2.515	-0.00634003
2.5	2.53	-0.00634003
2.5	2.545	-0.00634003
2.5	2.56	-0.00634003
2.5	2.575	-0.00634003
2.5	2.59	-0.00634003
2.5	2.605	-0.00634003
2.5	2.62	-0.00634003
2.5	2.635	-0.00634003
2.5	2.65	-0.00634003
2.5	2.665	-0.00634003
2.5	2.68	-0.00634003
2.5	2.695	-0.00634003
2.5	2.71	-0.00634003
2.5	2.725	-0.00634003
2.5	2.74	-0.00634003
2.5	2.755	-0.00634003
2.5	2.77	-0.00634003
2.5	2.785	-0.00634003
2.5	2.8	-0.00634003
2.5	2.815	-0.00634003
2.5	2.83	-0.00634003
2.5	2.845	-0.00634003
2.5	2.86	-0.00634003
2.5	2.875	-0.00634003
2.5	2.89	-0.00634003
2.5	2.905	-0.00634003
2.5	2.92	-0.00634003
2.5	2.935	-0.00634003
2.5	2.95	-0.00634003
2.5	2.965	-0.00634003
2.5	2.98	-0.00634003
2.5	2.995	-0.00634003
2.5	3.01	-0.00634003
2.5	3.025	-0.00634003
2.5	3.04	-0.00634003
2.5	3.055	-0.00634003
2.5	3.07	-0.00634003
2.5	3.085	-0.00634003
2.5	3.1	-0.00634003
2.5	3.115	-0.00634003
2.5	3.13	-0.00634003
2.5	3.145	-0.00197379
2.5	3.16	-0.00197379
2.5	3.175	-0.00197379
2.5	3.19	-0.00197379
2.5	3.205	-0.00197379
2.5	3.22	-0.00197379
2.5	3.235	-0.00197379
2.5	3.25	-0.00197379
2.5	3.265	-0.00197379
2.5	3.28	-0.00197379
2.5	3.295	-0.00197379
2.5	3.31	-0.00197379
2.5	3.325	-0.00197379
2.5	3.34	-0.00197379
2.5	3.355	-0.00197379
2.5	3.37	-0.00197379
2.5	3.385	-0.00197379
2.5	3.4	-0.00197379
2.5	3.415	-0.00197379
2.5	3.43	-0.00197379
2.5	3.445	-0.00197379
2.5	3.46	-0.00197379
2.5	3.475	-0.00197379
2.5	3.49	-0.00197379
2.5	3.505	-0.00197379
2.5	3.52	-0.00197379
2.5	3.535	-0.00197379
2.5	3.55	-0.00197379
2.5	3.565	-0.00197379
2.5	3.58	-0.00197379
2.5	3.595	-0.00197379
2.5	3.61	-0.00197379
2.5	3.625	-0.00197379
2.5	3.64	-0.00197379
2.5	3.655	-0.00197379
2.5	3.67	-0.00197379
2.5	3.685	-0.00197379
2.5	3.7	-0.00197379
2.5	3.715	-0.00197379
2.5	3.73	-0.00197379
2.5	3.745	-0.00197379
2.5	3.76	-0.00197379
2.5	3.775	-0.00197379
2.5	3.79	-0.00197379
2.5	3.805	-0.00197379
2.5	3.82	-0.00197379
2.5	3.835	-0.00197379
2.5	3.85	-0.00197379
2.5	3.865	-0.00197379
2.5	3.88	-0.00197379
2.5	3.895	-0.00197379
2.5	3.91	-0.00197379
2.5	3.925	-0.00197379
2.5	3.94	-0.00197379
2.5	3.955	-0.00197379
2.5	3.97	-0.00197379
2.5	3.985	-0.00197379
2.5	4	-0.00197379
2.5	4.015	-0.00197379
2.5	4.03	-0.00197379
2.5	4.045	-0.00197379
2.5	4.06	-0.00197379
2.5	4.075	-0.00197379
2.5	4.09	-0.00197379
2.5	4.105	-0.00197379
2.5	4.12	-0.00197379
2.5	4.135	-0.00197379
2.5	4.15	-0.00197379
2.5	4.165	-0.00197379
2.5	4.18	-0.00197379
2.5	4.195	-0.00197379
2.5	4.21	-0.00197379
2.5	4.225	-0.000654678
2.5	4.24	-0.000654678
2.5	4.255	-0.000654678
2.5	4.27	-0.000654678
2.5	4.285	-0.000654678
2.5	4.3	-0.000654678
2.5	4.315	-0.000654678
2.5	4.33	-0.000654678
2.5	4.345	-0.000654678
2.5	4.36	-0.000654678
2.5	4.375	-0.000654678
2.5	4.39	-0.000654678
2.5	4.405	-0.000654678
2.5	4.42	-0.000654678
2.5	4.435	-0.000654678
2.5	4.45	-0.000654678
2.5	4.465	-0.000654678
2.5	4.48	-0.000654678
2.5	4.495	-0.000654678
2.5	4.51	-0.000654678
2.5	4.525	-0.000654678
2.5	4.54	-0.000654678
2.5	4.555	-0.000654678
2.5	4.57	-0.000654678
2.5	4.585	-0.000654678
2.5	4.6	-0.000654678
2.5	4.615	-0.000654678
2.5	4.63	-0.000654678
2.5	4.645	-0.000654678
2.5	4.66	-0.000654678
2.5	4.675	-0.000654678
2.5	4.69	-0.000654678
2.5	4.705	-0.000654678
2.5	4.72	-0.000654678
2.5	4.735	-0.000654678
2.5	4.75	-0.000654678
2.5	4.765	-0.000654678
2.5	4.78	-0.000654678
2.5	4.795	-0.000654678
2.5	4.81	-0.000654678
2.5	4.825	-0.000654678
2.5	4.84	-0.000654678
2.5	4.855	-0.000654678
2.5	4.87	-0.000654678
2.5	4.885	-0.000654678
2.5	4.9	-0.000654678
2.5	4.915	-0.000654678
2.5	4.93	-0.000654678
2.5	4.945	-0.000654678
2.5	4.96	-0.000654678
2.5	4.975	-0.000654678
2.5	4.99	-0.000654678
2.5	5.005	-0.000654678
2.5	5.02	-0.000654678
2.5	5.035	-0.000654678
2.5	5.05	-0.000654678
2.5	5.065	-0.000654678
2.5	5.08	-0.000654678
2.5	5.095	-0.000654678
2.5	5.11	-0.000654678
2.5	5.125	-0.000654678
2.5	5.14	-0.000654678
2.5	5.155	-0.000654678
2.5	5.17	-0.000654678
2.5	5.185	-0.000654678
2.5	5.2	-0.000654678
2.5	5.215	-0.000654678
2.5	5.23	-0.000654678
2.5	5.245	-0.000654678
2.5	5.26	-0.000654678
2.5	5.275	-0.000654678
2.5	5.29	-0.000200435
2.5	5.305	-0.000200435
2.5	5.32	-0.000200435
2.5	5.335	-0.000200435
2.5	5.35	-0.000200435
2.5	5.365	-0.000200435
2.5	5.38	-0.000200435
2.5	5.395	-0.000200435
2.5	5.41	-0.000200435
2.5	5.425	-0.000200435
2.5	5.44	-0.000200435
2.5	5.455	-0.000200435
2.5	5.47	-0.000200435
2.5	5.485	-0.000200435
2.5	5.5	-0.000200435
2.5	5.515	-0.000200435
2.5	5.53	-0.000200435
2.5	5.545	-0.000200435
2.5	5.56	-0.000200435
2.5	5.575	-0.000200435
2.5	5.59	-0.000200435
2.5	5.605	-0.000200435
2.5	5.62	-0.000200435
2.5	5.635	-0.000200435
2.5	5.65	-0.000200435
2.5	5.665	-0.000200435
2.5	5.68	-0.000200435
2.5	5.695	-0.000200435
2.5	5.71	-0.000200435
2.5	5.725	-0.000200435
2.5	5.74	-0.000200435
2.5	5.755	-0.000200435
2.5	5.77	-0.000200435
2.5	5.785	-0.000200435
2.5	5.8	-0.000200435
2.5	5.815	-0.000200435
2.5	5.83	-0.000200435
2.5	5.845	-0.000200435
2.5	5.86	-0.000200435
2.5	5.875	-0.000200435
2.5	5.89	-0.000200435
2.5	5.905	-0.000200435
2.5	5.92	-0.000200435
2.5	5.935	-0.000200435
2.5	5.95	-0.000200435
2.5	5.965	-0.000200435
2.5	5.98	-0.000200435
2.5	5.995	-0.000200435
2.5	6.01	-0.000200435
2.5	6.025	-0.000200435
2.5	6.04	-0.000200435
2.5	6.055	-0.000200435
2.5	6.07	-0.000200435
2.5	6.085	-0.000200435
2.5	6.1	-0.000200435
2.5	6.115	-0.000200435
2.5	6.13	-0.000200435
2.5	6.145	-0.000200435
2.5	6.16	-0.000200435
2.5	6.175	-0.000200435
2.5	6.19	-0.000200435
2.5	6.205	-0.000200435
2.5	6.22	-0.000200435
2.5	6.235	-0.000200435
2.5	6.25	-0.000200435
2.5	6.265	-0.000200435
2.5	6.28	-0.000200435
2.5	6.295	-0.000200435
2.5	6.31	-0.000200435
2.5	6.325	-0.000200435
2.5	6.34	-0.000200435
2.5	6.355	-0.000200435
2.5	6.37	-6.00507e-05
2.5	6.385	-6.00507e-05
2.5	6.4	-6.00507e-05
2.5	6.415	-6.00507e-05
2.5	6.43	-6.00507e-05
2.5	6.445	-6.00507e-05
2.5	6.46	-6.00507e-05
2.5	6.475	-6.00507e-05
2.5	6.49	-6.00507e-05
2.5	6.505	-6.00507e-05
2.5	6.52	-6.00507e-05
2.5	6.535	-6.00507e-05
2.5	6.55	-6.00507e-05
2.5	6.565	-6.00507e-05
2.5	6.58	-6.00507e-05
2.5	6.595	-6.00507e-05
2.5	6.61	-6.00507e-05
2.5	6.625	-6.00507e-05
2.5	6.64	-6.00507e-05
2.5	6.655	-6.00507e-05
2.5	6.67	-6.00507e-05
2.5	6.685	-6.00507e-05
2.5	6.7	-6.00507e-05
2.5	6.715	-6.00507e-05
2.5	6.73	-6.00507e-05
2.5	6.745	-6.00507e-05
2.5	6.76	-6.00507e-05
2.5	6.775	-6.00507e-05
2.5	6.79	-6.00507e-05
2.5	6.805	-6.00507e-05
2.5	6.82	-6.00507e-05
2.5	6.835	-6.00507e-05
2.5	6.85	-6.00507e-05
2.5	6.865	-6.00507e-05
2.5	6.88	-6.00507e-05
2.5	6.895	-6.00507e-05
2.5	6.91	-6.00507e-05
2.5	6.925	-6.00507e-05
2.5	6.94	-6.00507e-05
2.5	6.955	-6.00507e-05
2.5	6.97	-6.00507e-05
2.5	6.985	-6.00507e-05
2.5	7	-6.00507e-05
2.5	7.015	-6.00507e-05
2.5	7.03	-6.00507e-05
2.5	7.045	-6.00507e-05
2.5	7.06	-6.00507e-05
2.5	7.075	-6.00507e-05
2.5	7.09	-6.00507e-05
2.5	7.105	-6.00507e-05
2.5	7.12	-6.00507e-05
2.5	7.135	-6.00507e-05
2.5	7.15	-6.00507e-05
2.5	7.165	-6.00507e-05
2.5	7.18	-6.00507e-05
2.5	7.195	-6.00507e-05
2.5	7.21	-6.00507e-05
2.5	7.225	-6.00507e-05
2.5	7.24	-6.00507e-05
2.5	7.255	-6.00507e-05
2.5	7.27	-6.00507e-05
2.5	7.285	-6.00507e-05
2.5	7.3	-6.00507e-05
2.5	7.315	-6.00507e-05
2.5	7.33	-6.00507e-05
2.5	7.345	-6.00507e-05
2.5	7.36	-6.00507e-05
2.5	7.375	-6.00507e-05
2.5	7.39	-6.00507e-05
2.5	7.405	-6.00507e-05
2.5	7.42	-6.00507e-05
2.5	7.435	-1.3128e-05
2.5	7.45	-1.3128e-05
2.5	7.465	-1.3128e-05
2.5	7.48	-1.3128e-05
2.5	7.495	-1.3128e-05
2.5	7.51	-1.3128e-05
2.5	7.525	-1.3128e-05
2.5	7.54	-1.3128e-05
2.5	7.555	-1.3128e-05
2.5	7.57	-1.3128e-05
2.5	7.585	-1.3128e-05
2.5	7.6	-1.3128e-05
2.5	7.615	-1.3128e-05
2.5	7.63	-1.3128e-05
2.5	7.645	-1.3128e-05
2.5	7.66	-1.3128e-05
2.5	7.675	-1.3128e-05
2.5	7.69	-1.3128e-05
2.5	7.705	-1.3128e-05
2.5	7.72	-1.3128e-05
2.5	7.735	-1.3128e-05
2.5	7.75	-1.3128e-05
2.5	7.765	-1.3128e-05
2.5	7.78	-1.3128e-05
2.5	7.795	-1.3128e-05
2.5	7.81	-1.3128e-05
2.5	7.825	-1.3128e-05
2.5	7.84	-1.3128e-05
2.5	7.855	-1.3128e-05
2.5	7.87	-1.3128e-05
2.5	7.885	-1.3128e-05
2.5	7.9	-1.3128e-05
2.5	7.915	-1.3128e-05
2.5	7.93	-1.3128e-05
2.5	7.945	-1.3128e-05
2.5	7.96	-1.3128e-05
2.5	7.975	-1.3128e-05
2.5	7.99	-1.3128e-05
2.5	8.005	-1.3128e-05
2.5	8.02	-1.3128e-05
2.5	8.035	-1.3128e-05
2.5	8.05	-1.3128e-05
2.5	8.065	-1.3128e-05
2.5	8.08	-1.3128e-05
2.5	8.095	-1.3128e-05
2.5	8.11	-1.3128e-05
2.5	8.125	-1.3128e-05
2.5	8.14	-1.3128e-05
2.5	8.155	-1.3128e-05
2.5	8.17	-1.3128e-05
2.5	8.185	-1.3128e-05
2.5	8.2	-1.3128e-05
2.5	8.215	-1.3128e-05
2.5	8.23	-1.3128e-05
2.5	8.245	-1.3128e-05
2.5	8.26	-1.3128e-05
2.5	8.275	-1.3128e-05
2.5	8.29	-1.3128e-05
2.5	8.305	-1.3128e-05
2.5	8.32	-1.3128e-05
2.5	8.335	-1.3128e-05
2.5	8.35	-1.3128e-05
2.5	8.365	-1.3128e-05
2.5	8.38	-1.3128e-05
2.5	8.395	-1.3128e-05
2.5	8.41	-1.3128e-05
2.5	8.425	-1.3128e-05
2.5	8.44	-1.3128e-05
2.5	8.455	-1.3128e-05
2.5	8.47	-1.3128e-05
2.5	8.485	-1.3128e-05
2.5	8.5	-1.3128e-05
2.5	8.515	1.3128e-05
2.5	8.53	1.3128e-05
2.5	8.545	1.3128e-05
2.5	8.56	1.3128e-05
2.5	8.575	1.3128e-05
2.5	8.59	1.3128e-05
2.5	8.605	1.3128e-05
2.5	8.62	1.3128e-05
2.5	8.635	1.3128e-05
2.5	8.65	1.3128e-05
2.5	8.665	1.3128e-05
2.5	8.68	1.3128e-05
2.5	8.695	1.3128e-05
2.5	8.71	1.3128e-05
2.5	8.725	1.3128e-05
2.5	8.74	1.3128e-05
2.5	8.755	1.3128e-05
2.5	8.77	1.3128e-05
2.5	8.785	1.3128e-05
2.5	8.8	1.3128e-05
2.5	8.815	1.3128e-05
2.5	8.83	1.3128e-05
2.5	8.845	1.3128e-05
2.5	8.86	1.3128e-05
2.5	8.875	1.3128e-05
2.5	8.89	1.3128e-05
2.5	8.905	1.3128e-05
2.5	8.92	1.3128e-05
2.5	8.935	1.3128e-05
2.5	8.95	1.3128e-05
2.5	8.965	1.3128e-05
2.5	8.98	1.3128e-05
2.5	8.995	1.3128e-05
2.5	9.01	1.3128e-05
2.5	9.025	1.3128e-05
2.5	9.04	1.3128e-05
2.5	9.055	1.3128e-05
2.5	9.07	1.3128e-05
2.5	9.085	1.3128e-05
2.5	9.1	1.3128e-05
2.5	9.115	1.3128e-05
2.5	9.13	1.3128e-05
2.5	9.145	1.3128e-05
2.5	9.16	1.3128e-05
2.5	9.175	1.3128e-05
2.5	9.19	1.3128e-05
2.5	9.205	1.3128e-05
2.5	9.22	1.3128e-05
2.5	9.235	1.3128e-05
2.5	9.25	1.3128e-05
2.5	9.265	1.3128e-05
2.5	9.28	1.3128e-05
2.5	9.295	1.3128e-05
2.5	9.31	1.3128e-05
2.5	9.325	1.3128e-05
2.5	9.34	1.3128e-05
2.5	9.355	1.3128e-05
2.5	9.37	1.3128e-05
2.5	9.385	1.3128e-05
2.5	9.4	1.3128e-05
2.5	9.415	1.3128e-05
2.5	9.43	1.3128e-05
2.5	9.445	1.3128e-05
2.5	9.46	1.3128e-05
2.5	9.475	1.3128e-05
2.5	9.49	1.3128e-05
2.5	9.505	1.3128e-05
2.5	9.52	1.3128e-05
2.5	9.535	1.3128e-05
2.5	9.55	1.3128e-05
2.5	9.565	1.3128e-05
2.5	9.58	6.00507e-05
2.5	9.595	6.00507e-05
2.5	9.61	6.00507e-05
2.5	9.625	6.00507e-05
2.5	9.64	6.00507e-05
2.5	9.655	6.00507e-05
2.5	9.67	6.00507e-05
2.5	9.685	6.00507e-05
2.5	9.7	6.00507e-05
2.5	9.715	6.00507e-05
2.5	9.73	6.00507e-05
2.5	9.745	6.00507e-05
2.5	9.76	6.00507e-05
2.5	9.775	6.00507e-05
2.5	9.79	6.00507e-05
2.5	9.805	6.00507e-05
2.5	9.82	6.00507e-05
2.5	9.835	6.00507e-05
2.5	9.85	6.00507e-05
2.5	9.865	6.00507e-05
2.5	9.88	6.00507e-05
2.5	9.895	6.00507e-05
2.5	9.91	6.00507e-05
2.5	9.925	6.00507e-05
2.5	9.94	6.00507e-05
2.5	9.955	6.00507e-05
2.5	9.97	6.00507e-05
2.5	9.985	6.00507e-05
2.5	10	6.00507e-05
2.5	10.015	6.00507e-05
2.5	10.03	6.00507e-05
2.5	10.045	6.00507e-05
2.5	10.06	6.00507e-05
2.5	10.075	6.00507e-05
2.5	10.09	6.00507e-05
2.5	10.105	6.00507e-05
2.5	10.12	6.00507e-05
2.5	10.135	6.00507e-05
2.5	10.15	6.00507e-05
2.5	10.165	6.00507e-05
2.5	10.18	6.00507e-05
2.5	10.195	6.00507e-05
2.5	10.21	6.00507e-05
2.5	10.225	6.00507e-05
2.5	10.24	6.00507e-05
2.5	10.255	6.00507e-05
2.5	10.27	6.00507e-05
2.5	10.285	6.00507e-05
2.5	10.3	6.00507e-05
2.5	10.315	6.00507e-05
2.5	10.33	6.00507e-05
2.5	10.345	6.00507e-05
2.5	10.36	6.00507e-05
2.5	10.375	6.00507e-05
2.5	10.39	6.00507e-05
2.5	10.405	6.00507e-05
2.5	10.42	6.00507e-05
2.5	10.435	6.00507e-05
2.5	10.45	6.00507e-05
2.5	10.465	6.00507e-05
2.5	10.48	6.00507e-05
2.5	10.495	6.00507e-05
2.5	10.51	6.00507e-05
2.5	10.525	6.00507e-05
2.5	10.54	6.00507e-05
2.5	10.555	6.00507e-05
2.5	10.57	6.00507e-05
2.5	10.585	6.00507e-05
2.5	10.6	6.00507e-05
2.5	10.615	6.00507e-05
2.5	10.63	6.00507e-05
2.5	10.645	0.000200435
2.5	10.66	0.000200435
2.5	10.675	0.000200435
2.5	10.69	0.000200435
2.5	10.705	0.000200435
2.5	10.72	0.000200435
2.5	10.735	0.000200435
2.5	10.75	0.000200435
2.5	10.765	0.000200435
2.5	10.78	0.000200435
2.5	10.795	0.000200435
2.5	10.81	0.000200435
2.5	10.825	0.000200435
2.5	10.84	0.000200435
2.5	10.855	0.000200435
2.5	10.87	0.000200435
2.5	10.885	0.000200435
2.5	10.9	0.000200435
2.5	10.915	0.000200435
2.5	10.93	0.000200435
2.5	10.945	0.000200435
2.5	10.96	0.000200435
2.5	10.975	0.000200435
2.5	10.99	0.000200435
2.5	11.005	0.000200435
2.5	11.02	0.000200435
2.5	11.035	0.000200435
2.5	11.05	0.000200435
2.5	11.065	0.000200435
2.5	11.08	0.000200435
2.5	11.095	0.000200435
2.5	11.11	0.000200435
2.5	11.125	0.000200435
2.5	11.14	0.000200435
2.5	11.155	0.000200435
2.5	11.17	0.000200435
2.5	11.185	0.000200435
2.5	11.2	0.000200435
2.5	11.215	0.000200435
2.5	11.23	0.000200435
2.5	11.245	0.000200435
2.5	11.26	0.000200435
2.5	11.275	0.000200435
2.5	11.29	0.000200435
2.5	11.305	0.000200435
2.5	11.32	0.000200435
2.5	11.335	0.000200435
2.5	11.35	0.000200435
2.5	11.365	0.000200435
2.5	11.38	0.000200435
2.5	11.395	0.000200435
2.5	11.41	0.000200435
2.5	11.425	0.000200435
2.5	11.44	0.000200435
2.5	11.455	0.000200435
2.5	11.47	0.000200435
2.5	11.485	0.000200435
2.5	11.5	0.000200435
2.5	11.515	0.000200435
2.5	11.53	0.000200435
2.5	11.545	0.000200435
2.5	11.56	0.000200435
2.5	11.575	0.000200435
2.5	11.59	0.000200435
2.5	11.605	0.000200435
2.5	11.62	0.000200435
2.5	11.635	0.000200435
2.5	11.65	0.000200435
2.5	11.665	0.000200435
2.5	11.68	0.000200435
2.5	11.695	0.000200435
2.5	11.71	0.000200435
2.5	11.725	0.000654678
2.5	11.74	0.000654678
2.5	11.755	0.000654678
2.5	11.77	0.000654678
2.5	11.785	0.000654678
2.5	11.8	0.000654678
2.5	11.815	0.000654678
2.5	11.83	0.000654678
2.5	11.845	0.000654678
2.5	11.86	0.000654678
2.5	11.875	0.000654678
2.5	11.89	0.000654678
2.5	11.905	0.000654678
2.5	11.92	0.000654678
2.5	11.935	0.000654678
2.5	11.95	0.000654678
2.5	11.965	0.000654678
2.5	11.98	0.000654678
2.5	11.995	0.000654678
2.5	12.01	0.000654678
2.5	12.025	0.000654678
2.5	12.04	0.000654678
2.5	12.055	0.000654678
2.5	12.07	0.000654678
2.5	12.085	0.000654678
2.5	12.1	0.000654678
2.5	12.115	0.000654678
2.5	12.13	0.000654678
2.5	12.145	0.000654678
2.5	12.16	0.000654678
2.5	12.175	0.000654678
2.5	12.19	0.000654678
2.5	12.205	0.000654678
2.5	12.22	0.000654678
2.5	12.235	0.000654678
2.5	12.25	0.000654678
2.5	12.265	0.000654678
2.5	12.28	0.000654678
2.5	12.295	0.000654678
2.5	12.31	0.000654678
2.5	12.325	0.000654678
2.5	12.34	0.000654678
2.5	12.355	0.000654678
2.5	12.37	0.000654678
2.5	12.385	0.000654678
2.5	12.4	0.000654678
2.5	12.415	0.000654678
2.5	12.43	0.000654678
2.5	12.445	0.000654678
2.5	12.46	0.000654678
2.5	12.475	0.000654678
2.5	12.49	0.000654678
2.5	12.505	0.000654678
2.5	12.52	0.000654678
2.5	12.535	0.000654678
2.5	12.55	0.000654678
2.5	12.565	0.000654678
2.5	12.58	0.000654678
2.5	12.595	0.000654678
2.5	12.61	0.000654678
2.5	12.625	0.000654678
2.5	12.64	0.000654678
2.5	12.655	0.000654678
2.5	12.67	0.000654678
2.5	12.685	0.000654678
2.5	12.7	0.000654678
2.5	12.715	0.000654678
2.5	12.73	0.000654678
2.5	12.745	0.000654678
2.5	12.76	0.000654678
2.5	12.775	0.000654678
2.5	12.79	0.00197379
2.5	12.805	0.00197379
2.5	12.82	0.00197379
2.5	12.835	0.00197379
2.5	12.85	0.00197379
2.5	12.865	0.00197379
2.5	12.88	0.00197379
2.5	12.895	0.00197379
2.5	12.91	0.00197379
2.5	12.925	0.00197379
2.5	12.94	0.00197379
2.5	12.955	0.00197379
2.5	12.97	0.00197379
2.5	12.985	0.00197379
2.5	13	0.00197379
2.5	13.015	0.00197379
2.5	13.03	0.00197379
2.5	13.045	0.00197379
2.5	13.06	0.00197379
2.5	13.075	0.00197379
2.5	13.09	0.00197379
2.5	13.105	0.00197379
2.5	13.12	0.00197379
2.5	13.135	0.00197379
2.5	13.15	0.00197379
2.5	13.165	0.00197379
2.5	13.18	0.00197379
2.5	13.195	0.00197379
2.5	13.21	0.00197379
2.5	13.225	0.00197379
2.5	13.24	0.00197379
2.5	13.255	0.00197379
2.5	13.27	0.00197379
2.5	13.285	0.00197379
2.5	13.3	0.00197379
2.5	13.315	0.00197379
2.5	13.33	0.00197379
2.5	13.345	0.00197379
2.5	13.36	0.00197379
2.5	13.375	0.00197379
2.5	13.39	0.00197379
2.5	13.405	0.00197379
2.5	13.42	0.00197379
2.5	13.435	0.00197379
2.5	13.45	0.00197379
2.5	13.465	0.00197379
2.5	13.48	0.00197379
2.5	13.495	0.00197379
2.5	13.51	0.00197379
2.5	13.525	0.00197379
2.5	13.54	0.00197379
2.5	13.555	0.00197379
2.5	13.57	0.00197379
2.5	13.585	0.00197379
2.5	13.6	0.00197379
2.5	13.615	0.00197379
2.5	13.63	0.00197379
2.5	13.645	0.00197379
2.5	13.66	0.00197379
2.5	13.675	0.00197379
2.5	13.69	0.00197379
2.5	13.705	0.00197379
2.5	13.72	0.00197379
2.5	13.735	0.00197379
2.5	13.75	0.00197379
2.5	13.765	0.00197379
2.5	13.78	0.00197379
2.5	13.795	0.00197379
2.5	13.81	0.00197379
2.5	13.825	0.00197379
2.5	13.84	0.00197379
2.5	13.855	0.00197379
2.5	13.87	0.00634003
2.5	13.885	0.00634003
2.5	13.9	0.00634003
2.5	13.915	0.00634003
2.5	13.93	0.00634003
2.5	13.945	0.00634003
2.5	13.96	0.00634003
2.5	13.975	0.00634003
2.5	13.99	0.00634003
2.5	14.005	0.00634003
2.5	14.02	0.00634003
2.5	14.035	0.00634003
2.5	14.05	0.00634003
2.5	14.065	0.00634003
2.5	14.08	0.00634003
2.5	14.095	0.00634003
2.5	14.11	0.00634003
2.5	14.125	0.00634003
2.5	14.14	0.00634003
2.5	14.155	0.00634003
2.5	14.17	0.00634003
2.5	14.185	0.00634003
2.5	14.2	0.00634003
2.5	14.215	0.00634003
2.5	14.23	0.00634003
2.5	14.245	0.00634003
2.5	14.26	0.00634003
2.5	14.275	0.00634003
2.5	14.29	0.00634003
2.5	14.305	0.00634003
2.5	14.32	0.00634003
2.5	14.335	0.00634003
2.5	14.35	0.00634003
2.5	14.365	0.00634003
2.5	14.38	0.00634003
2.5	14.395	0.00634003
2.5	14.41	0.00634003
2.5	14.425	0.00634003
2.5	14.44	0.00634003
2.5	14.455	0.00634003
2.5	14.47	0.00634003
2.5	14.485	0.00634003
2.5	14.5	0.00634003
2.5	14.515	0.00634003
2.5	14.53	0.00634003
2.5	14.545	0.00634003
2.5	14.56	0.00634003
2.5	14.575	0.00634003
2.5	14.59	0.00634003
2.5	14.605	0.00634003
2.5	14.62	0.00634003
2.5	14.635	0.00634003
2.5	14.65	0.00634003
2.5	14.665	0.00634003
2.5	14.68	0.00634003
2.5	14.695	0.00634003
2.5	14.71	0.00634003
2.5	14.725	0.00634003
2.5	14.74	0.00634003
2.5	14.755	0.00634003
2.5	14.77	0.00634003
2.5	14.785	0.00634003
2.5	14.8	0.00634003
2.5	14.815	0.00634003
2.5	14.83	0.00634003
2.5	14.845	0.00634003
2.5	14.86	0.00634003
2.5	14.875	0.00634003
2.5	14.89	0.00634003
2.5	14.905	0.00634003
2.5	14.92	0.00634003
2.5	14.935	-0.0188722
2.5	14.95	-0.0188722
2.5	14.965	-0.0188722
2.5	14.98	-0.0188722
2.5	14.995	-0.0188722
2.5	15.01	-0.0188722
2.5	15.025	-0.0188722
2.5	15.04	-0.0188722
2.5	15.055	-0.0188722
2.5	15.07	-0.0188722
2.5	15.085	-0.0188722
2.5	15.1	-0.0188722
2.5	15.115	-0.0188722
2.5	15.13	-0.0188722
2.5	15.145	-0.0188722
2.5	15.16	-0.0188722
2.5	15.175	-0.0188722
2.5	15.19	-0.0188722
2.5	15.205	-0.0188722
2.5	15.22	-0.0188722
2.5	15.235	-0.0188722
2.5	15.25	-0.0188722
2.5	15.265	-0.0188722
2.5	15.28	-0.0188722
2.5	15.295	-0.0188722
2.5	15.31	-0.0188722
2.5	15.325	-0.0188722
2.5	15.34	-0.0188722
2.5	15.355	-0.0188722
2.5	15.37	-0.0188722
2.5	15.385	-0.0188722
2.5	15.4	-0.0188722
2.5	15.415	-0.0188722
2.5	15.43	-0.0188722
2.5	15.445	-0.0188722
2.5	15.46	-0.0188722
2.5	15.475	-0.0188722
2.5	15.49	-0.0188722
2.5	15.505	-0.0188722
2.5	15.52	-0.0188722
2.5	15.535	-0.0188722
2.5	15.55	-0.0188722
2.5	15.565	-0.0188722
2.5	15.58	-0.0188722
2.5	15.595	-0.0188722
2.5	15.61	-0.0188722
2.5	15.625	-0.0188722
2.5	15.64	-0.0188722
2.5	15.655	-0.0188722
2.5	15.67	-0.0188722
2.5	15.685	-0.0188722
2.5	15.7	-0.0188722
2.5	15.715	-0.0188722
2.5	15.73	-0.0188722
2.5	15.745	-0.0188722
2.5	15.76	-0.0188722
2.5	15.775	-0.0188722
2.5	15.79	-0.0188722
2.5	15.805	-0.0188722
2.5	15.82	-0.0188722
2.5	15.835	-0.0188722
2.5	15.85	-0.0188722
2.5	15.865	-0.0188722
2.5	15.88	-0.0188722
2.5	15.895	-0.0188722
2.5	15.91	-0.0188722
2.5	15.925	-0.0188722
2.5	15.94	-0.0188722
2.5	15.955	-0.0188722
2.5	15.97	-0.0188722
2.5	15.985	-0.0188722
2.5	16	-0.0188722
