1	2.5	-0.0237994
1.015	2.5	-0.0237994
1.03	2.5	-0.0237994
1.045	2.5	-0.0237994
1.06	2.5	-0.0237994
1.075	2.5	-0.0237994
1.09	2.5	-0.0237994
1.105	2.5	-0.0237994
1.12	2.5	-0.0237994
1.135	2.5	-0.0237994
1.15	2.5	-0.0237994
1.165	2.5	-0.0237994
1.18	2.5	-0.0237994
1.195	2.5	-0.0237994
1.21	2.5	-0.0237994
1.225	2.5	-0.0237994
1.24	2.5	-0.0237994
1.255	2.5	-0.0237994
1.27	2.5	-0.0237994
1.285	2.5	-0.0237994
1.3	2.5	-0.0237994
1.315	2.5	-0.0237994
1.33	2.5	-0.0237994
1.345	2.5	-0.0237994
1.36	2.5	-0.0237994
1.375	2.5	-0.0237994
1.39	2.5	-0.0237994
1.405	2.5	-0.0237994
1.42	2.5	-0.0237994
1.435	2.5	-0.0237994
1.45	2.5	-0.0237994
1.465	2.5	-0.0237994
1.48	2.5	-0.0237994
1.495	2.5	-0.0237994
1.51	2.5	-0.0237994
1.525	2.5	-0.0237994
1.54	2.5	-0.0237994
1.555	2.5	-0.0237994
1.57	2.5	-0.0237994
1.585	2.5	-0.0237994
1.6	2.5	-0.0237994
1.615	2.5	-0.0237994
1.63	2.5	-0.0237994
1.645	2.5	-0.0237994
1.66	2.5	-0.0237994
1.675	2.5	-0.0237994
1.69	2.5	-0.0237994
1.705	2.5	-0.0237994
1.72	2.5	-0.0237994
1.735	2.5	-0.0237994
1.75	2.5	-0.0237994
1.765	2.5	-0.0237994
1.78	2.5	-0.0237994
1.795	2.5	-0.0237994
1.81	2.5	-0.0237994
1.825	2.5	-0.0237994
1.84	2.5	-0.0237994
1.855	2.5	-0.0237994
1.87	2.5	-0.0237994
1.885	2.5	-0.0237994
1.9	2.5	-0.0237994
1.915	2.5	-0.0237994
1.93	2.5	-0.0237994
1.945	2.5	-0.0237994
1.96	2.5	-0.0237994
1.975	2.5	-0.0237994
1.99	2.5	-0.0237994
2.005	2.5	-0.0237994
2.02	2.5	-0.0237994
2.035	2.5	-0.0237994
2.05	2.5	-0.0237994
2.065	2.5	-0.0237994
2.08	2.5	-0.00634003
2.095	2.5	-0.00634003
2.11	2.5	-0.00634003
2.125	2.5	-0.00634003
2.14	2.5	-0.00634003
2.155	2.5	-0.00634003
2.17	2.5	-0.00634003
2.185	2.5	-0.00634003
2.2	2.5	-0.00634003
2.215	2.5	-0.00634003
2.23	2.5	-0.00634003
2.245	2.5	-0.00634003
2.26	2.5	-0.00634003
2.275	2.5	-0.00634003
2.29	2.5	-0.00634003
2.305	2.5	-0.00634003
2.32	2.5	-0.00634003
2.335	2.5	-0.00634003
2.35	2.5	-0.00634003
2.365	2.5	-0.00634003
2.38	2.5	-0.00634003
2.395	2.5	-0.00634003
2.41	2.5	-0.00634003
2.425	2.5	-0.00634003
2.44	2.5	-0.00634003
2.455	2.5	-0.00634003
2.47	2.5	-0.00634003
2.485	2.5	-0.00634003
2.5	2.5	-0.00634003
2.515	2.5	-0.00634003
2.53	2.5	-0.00634003
2.545	2.5	-0.00634003
2.56	2.5	-0.00634003
2.575	2.5	-0.00634003
2.59	2.5	-0.00634003
2.605	2.5	-0.00634003
2.62	2.5	-0.00634003
2.635	2.5	-0.00634003
2.65	2.5	-0.00634003
2.665	2.5	-0.00634003
2.68	2.5	-0.00634003
2.695	2.5	-0.00634003
2.71	2.5	-0.00634003
2.725	2.5	-0.00634003
2.74	2.5	-0.00634003
2.755	2.5	-0.00634003
2.77	2.5	-0.00634003
2.785	2.5	-0.00634003
2.8	2.5	-0.00634003
2.815	2.5	-0.00634003
2.83	2.5	-0.00634003
2.845	2.5	-0.00634003
2.86	2.5	-0.00634003
2.875	2.5	-0.00634003
2.89	2.5	-0.00634003
2.905	2.5	-0.00634003
2.92	2.5	-0.00634003
2.935	2.5	-0.00634003
2.95	2.5	-0.00634003
2.965	2.5	-0.00634003
2.98	2.5	-0.00634003
2.995	2.5	-0.00634003
3.01	2.5	-0.00634003
3.025	2.5	-0.00634003
3.04	2.5	-0.00634003
3.055	2.5	-0.00634003
3.07	2.5	-0.00634003
3.085	2.5	-0.00634003
3.1	2.5	-0.00634003
3.115	2.5	-0.00634003
3.13	2.5	-0.00634003
3.145	2.5	0.00440855
3.16	2.5	0.00440855
3.175	2.5	0.00440855
3.19	2.5	0.00440855
3.205	2.5	0.00440855
3.22	2.5	0.00440855
3.235	2.5	0.00440855
3.25	2.5	0.00440855
3.265	2.5	0.00440855
3.28	2.5	0.00440855
3.295	2.5	0.00440855
3.31	2.5	0.00440855
3.325	2.5	0.00440855
3.34	2.5	0.00440855
3.355	2.5	0.00440855
3.37	2.5	0.00440855
3.385	2.5	0.00440855
3.4	2.5	0.00440855
3.415	2.5	0.00440855
3.43	2.5	0.00440855
3.445	2.5	0.00440855
3.46	2.5	0.00440855
3.475	2.5	0.00440855
3.49	2.5	0.00440855
3.505	2.5	0.00440855
3.52	2.5	0.00440855
3.535	2.5	0.00440855
3.55	2.5	0.00440855
3.565	2.5	0.00440855
3.58	2.5	0.00440855
3.595	2.5	0.00440855
3.61	2.5	0.00440855
3.625	2.5	0.00440855
3.64	2.5	0.00440855
3.655	2.5	0.00440855
3.67	2.5	0.00440855
3.685	2.5	0.00440855
3.7	2.5	0.00440855
3.715	2.5	0.00440855
3.73	2.5	0.00440855
3.745	2.5	0.00440855
3.76	2.5	0.00440855
3.775	2.5	0.00440855
3.79	2.5	0.00440855
3.805	2.5	0.00440855
3.82	2.5	0.00440855
3.835	2.5	0.00440855
3.85	2.5	0.00440855
3.865	2.5	0.00440855
3.88	2.5	0.00440855
3.895	2.5	0.00440855
3.91	2.5	0.00440855
3.925	2.5	0.00440855
3.94	2.5	0.00440855
3.955	2.5	0.00440855
3.97	2.5	0.00440855
3.985	2.5	0.00440855
4	2.5	0.00440855
4.015	2.5	0.00440855
4.03	2.5	0.00440855
4.045	2.5	0.00440855
4.06	2.5	0.00440855
4.075	2.5	0.00440855
4.09	2.5	0.00440855
4.105	2.5	0.00440855
4.12	2.5	0.00440855
4.135	2.5	0.00440855
4.15	2.5	0.00440855
4.165	2.5	0.00440855
4.18	2.5	0.00440855
4.195	2.5	0.00440855
4.21	2.5	0.00440855
4.225	2.5	0.00457631
4.24	2.5	0.00457631
4.255	2.5	0.00457631
4.27	2.5	0.00457631
4.285	2.5	0.00457631
4.3	2.5	0.00457631
4.315	2.5	0.00457631
4.33	2.5	0.00457631
4.345	2.5	0.00457631
4.36	2.5	0.00457631
4.375	2.5	0.00457631
4.39	2.5	0.00457631
4.405	2.5	0.00457631
4.42	2.5	0.00457631
4.435	2.5	0.00457631
4.45	2.5	0.00457631
4.465	2.5	0.00457631
4.48	2.5	0.00457631
4.495	2.5	0.00457631
4.51	2.5	0.00457631
4.525	2.5	0.00457631
4.54	2.5	0.00457631
4.555	2.5	0.00457631
4.57	2.5	0.00457631
4.585	2.5	0.00457631
4.6	2.5	0.00457631
4.615	2.5	0.00457631
4.63	2.5	0.00457631
4.645	2.5	0.00457631
4.66	2.5	0.00457631
4.675	2.5	0.00457631
4.69	2.5	0.00457631
4.705	2.5	0.00457631
4.72	2.5	0.00457631
4.735	2.5	0.00457631
4.75	2.5	0.00457631
4.765	2.5	0.00457631
4.78	2.5	0.00457631
4.795	2.5	0.00457631
4.81	2.5	0.00457631
4.825	2.5	0.00457631
4.84	2.5	0.00457631
4.855	2.5	0.00457631
4.87	2.5	0.00457631
4.885	2.5	0.00457631
4.9	2.5	0.00457631
4.915	2.5	0.00457631
4.93	2.5	0.00457631
4.945	2.5	0.00457631
4.96	2.5	0.00457631
4.975	2.5	0.00457631
4.99	2.5	0.00457631
5.005	2.5	0.00457631
5.02	2.5	0.00457631
5.035	2.5	0.00457631
5.05	2.5	0.00457631
5.065	2.5	0.00457631
5.08	2.5	0.00457631
5.095	2.5	0.00457631
5.11	2.5	0.00457631
5.125	2.5	0.00457631
5.14	2.5	0.00457631
5.155	2.5	0.00457631
5.17	2.5	0.00457631
5.185	2.5	0.00457631
5.2	2.5	0.00457631
5.215	2.5	0.00457631
5.23	2.5	0.00457631
5.245	2.5	0.00457631
5.26	2.5	0.00457631
5.275	2.5	0.00457631
5.29	2.5	0.00352198
5.305	2.5	0.00352198
5.32	2.5	0.00352198
5.335	2.5	0.00352198
5.35	2.5	0.00352198
5.365	2.5	0.00352198
5.38	2.5	0.00352198
5.395	2.5	0.00352198
5.41	2.5	0.00352198
5.425	2.5	0.00352198
5.44	2.5	0.00352198
5.455	2.5	0.00352198
5.47	2.5	0.00352198
5.485	2.5	0.00352198
5.5	2.5	0.00352198
5.515	2.5	0.00352198
5.53	2.5	0.00352198
5.545	2.5	0.00352198
5.56	2.5	0.00352198
5.575	2.5	0.00352198
5.59	2.5	0.00352198
5.605	2.5	0.00352198
5.62	2.5	0.00352198
5.635	2.5	0.00352198
5.65	2.5	0.00352198
5.665	2.5	0.00352198
5.68	2.5	0.00352198
5.695	2.5	0.00352198
5.71	2.5	0.00352198
5.725	2.5	0.00352198
5.74	2.5	0.00352198
5.755	2.5	0.00352198
5.77	2.5	0.00352198
5.785	2.5	0.00352198
5.8	2.5	0.00352198
5.815	2.5	0.00352198
5.83	2.5	0.00352198
5.845	2.5	0.00352198
5.86	2.5	0.00352198
5.875	2.5	0.00352198
5.89	2.5	0.00352198
5.905	2.5	0.00352198
5.92	2.5	0.00352198
5.935	2.5	0.00352198
5.95	2.5	0.00352198
5.965	2.5	0.00352198
5.98	2.5	0.00352198
5.995	2.5	0.00352198
6.01	2.5	0.00352198
6.025	2.5	0.00352198
6.04	2.5	0.00352198
6.055	2.5	0.00352198
6.07	2.5	0.00352198
6.085	2.5	0.00352198
6.1	2.5	0.00352198
6.115	2.5	0.00352198
6.13	2.5	0.00352198
6.145	2.5	0.00352198
6.16	2.5	0.00352198
6.175	2.5	0.00352198
6.19	2.5	0.00352198
6.205	2.5	0.00352198
6.22	2.5	0.00352198
6.235	2.5	0.00352198
6.25	2.5	0.00352198
6.265	2.5	0.00352198
6.28	2.5	0.00352198
6.295	2.5	0.00352198
6.31	2.5	0.00352198
6.325	2.5	0.00352198
6.34	2.5	0.00352198
6.355	2.5	0.00352198
6.37	2.5	0.00260188
6.385	2.5	0.00260188
6.4	2.5	0.00260188
6.415	2.5	0.00260188
6.43	2.5	0.00260188
6.445	2.5	0.00260188
6.46	2.5	0.00260188
6.475	2.5	0.00260188
6.49	2.5	0.00260188
6.505	2.5	0.00260188
6.52	2.5	0.00260188
6.535	2.5	0.00260188
6.55	2.5	0.00260188
6.565	2.5	0.00260188
6.58	2.5	0.00260188
6.595	2.5	0.00260188
6.61	2.5	0.00260188
6.625	2.5	0.00260188
6.64	2.5	0.00260188
6.655	2.5	0.00260188
6.67	2.5	0.00260188
6.685	2.5	0.00260188
6.7	2.5	0.00260188
6.715	2.5	0.00260188
6.73	2.5	0.00260188
6.745	2.5	0.00260188
6.76	2.5	0.00260188
6.775	2.5	0.00260188
6.79	2.5	0.00260188
6.805	2.5	0.00260188
6.82	2.5	0.00260188
6.835	2.5	0.00260188
6.85	2.5	0.00260188
6.865	2.5	0.00260188
6.88	2.5	0.00260188
6.895	2.5	0.00260188
6.91	2.5	0.00260188
6.925	2.5	0.00260188
6.94	2.5	0.00260188
6.955	2.5	0.00260188
6.97	2.5	0.00260188
6.985	2.5	0.00260188
7	2.5	0.00260188
7.015	2.5	0.00260188
7.03	2.5	0.00260188
7.045	2.5	0.00260188
7.06	2.5	0.00260188
7.075	2.5	0.00260188
7.09	2.5	0.00260188
7.105	2.5	0.00260188
7.12	2.5	0.00260188
7.135	2.5	0.00260188
7.15	2.5	0.00260188
7.165	2.5	0.00260188
7.18	2.5	0.00260188
7.195	2.5	0.00260188
7.21	2.5	0.00260188
7.225	2.5	0.00260188
7.24	2.5	0.00260188
7.255	2.5	0.00260188
7.27	2.5	0.00260188
7.285	2.5	0.00260188
7.3	2.5	0.00260188
7.315	2.5	0.00260188
7.33	2.5	0.00260188
7.345	2.5	0.00260188
7.36	2.5	0.00260188
7.375	2.5	0.00260188
7.39	2.5	0.00260188
7.405	2.5	0.00260188
7.42	2.5	0.00260188
7.435	2.5	0.00195374
7.45	2.5	0.00195374
7.465	2.5	0.00195374
7.48	2.5	0.00195374
7.495	2.5	0.00195374
7.51	2.5	0.00195374
7.525	2.5	0.00195374
7.54	2.5	0.00195374
7.555	2.5	0.00195374
7.57	2.5	0.00195374
7.585	2.5	0.00195374
7.6	2.5	0.00195374
7.615	2.5	0.00195374
7.63	2.5	0.00195374
7.645	2.5	0.00195374
7.66	2.5	0.00195374
7.675	2.5	0.00195374
7.69	2.5	0.00195374
7.705	2.5	0.00195374
7.72	2.5	0.00195374
7.735	2.5	0.00195374
7.75	2.5	0.00195374
7.765	2.5	0.00195374
7.78	2.5	0.00195374
7.795	2.5	0.00195374
7.81	2.5	0.00195374
7.825	2.5	0.00195374
7.84	2.5	0.00195374
7.855	2.5	0.00195374
7.87	2.5	0.00195374
7.885	2.5	0.00195374
7.9	2.5	0.00195374
7.915	2.5	0.00195374
7.93	2.5	0.00195374
7.945	2.5	0.00195374
7.96	2.5	0.00195374
7.975	2.5	0.00195374
7.99	2.5	0.00195374
8.005	2.5	0.00195374
8.02	2.5	0.00195374
8.035	2.5	0.00195374
8.05	2.5	0.00195374
8.065	2.5	0.00195374
8.08	2.5	0.00195374
8.095	2.5	0.00195374
8.11	2.5	0.00195374
8.125	2.5	0.00195374
8.14	2.5	0.00195374
8.155	2.5	0.00195374
8.17	2.5	0.00195374
8.185	2.5	0.00195374
8.2	2.5	0.00195374
8.215	2.5	0.00195374
8.23	2.5	0.00195374
8.245	2.5	0.00195374
8.26	2.5	0.00195374
8.275	2.5	0.00195374
8.29	2.5	0.00195374
8.305	2.5	0.00195374
8.32	2.5	0.00195374
8.335	2.5	0.00195374
8.35	2.5	0.00195374
8.365	2.5	0.00195374
8.38	2.5	0.00195374
8.395	2.5	0.00195374
8.41	2.5	0.00195374
8.425	2.5	0.00195374
8.44	2.5	0.00195374
8.455	2.5	0.00195374
8.47	2.5	0.00195374
8.485	2.5	0.00195374
8.5	2.5	0.00195374
8.515	2.5	0.00151243
8.53	2.5	0.00151243
8.545	2.5	0.00151243
8.56	2.5	0.00151243
8.575	2.5	0.00151243
8.59	2.5	0.00151243
8.605	2.5	0.00151243
8.62	2.5	0.00151243
8.635	2.5	0.00151243
8.65	2.5	0.00151243
8.665	2.5	0.00151243
8.68	2.5	0.00151243
8.695	2.5	0.00151243
8.71	2.5	0.00151243
8.725	2.5	0.00151243
8.74	2.5	0.00151243
8.755	2.5	0.00151243
8.77	2.5	0.00151243
8.785	2.5	0.00151243
8.8	2.5	0.00151243
8.815	2.5	0.00151243
8.83	2.5	0.00151243
8.845	2.5	0.00151243
8.86	2.5	0.00151243
8.875	2.5	0.00151243
8.89	2.5	0.00151243
8.905	2.5	0.00151243
8.92	2.5	0.00151243
8.935	2.5	0.00151243
8.95	2.5	0.00151243
8.965	2.5	0.00151243
8.98	2.5	0.00151243
8.995	2.5	0.00151243
9.01	2.5	0.00151243
9.025	2.5	0.00151243
9.04	2.5	0.00151243
9.055	2.5	0.00151243
9.07	2.5	0.00151243
9.085	2.5	0.00151243
9.1	2.5	0.00151243
9.115	2.5	0.00151243
9.13	2.5	0.00151243
9.145	2.5	0.00151243
9.16	2.5	0.00151243
9.175	2.5	0.00151243
9.19	2.5	0.00151243
9.205	2.5	0.00151243
9.22	2.5	0.00151243
9.235	2.5	0.00151243
9.25	2.5	0.00151243
9.265	2.5	0.00151243
9.28	2.5	0.00151243
9.295	2.5	0.00151243
9.31	2.5	0.00151243
9.325	2.5	0.00151243
9.34	2.5	0.00151243
9.355	2.5	0.00151243
9.37	2.5	0.00151243
9.385	2.5	0.00151243
9.4	2.5	0.00151243
9.415	2.5	0.00151243
9.43	2.5	0.00151243
9.445	2.5	0.00151243
9.46	2.5	0.00151243
9.475	2.5	0.00151243
9.49	2.5	0.00151243
9.505	2.5	0.00151243
9.52	2.5	0.00151243
9.535	2.5	0.00151243
9.55	2.5	0.00151243
9.565	2.5	0.00151243
9.58	2.5	0.00121631
9.595	2.5	0.00121631
9.61	2.5	0.00121631
9.625	2.5	0.00121631
9.64	2.5	0.00121631
9.655	2.5	0.00121631
9.67	2.5	0.00121631
9.685	2.5	0.00121631
9.7	2.5	0.00121631
9.715	2.5	0.00121631
9.73	2.5	0.00121631
9.745	2.5	0.00121631
9.76	2.5	0.00121631
9.775	2.5	0.00121631
9.79	2.5	0.00121631
9.805	2.5	0.00121631
9.82	2.5	0.00121631
9.835	2.5	0.00121631
9.85	2.5	0.00121631
9.865	2.5	0.00121631
9.88	2.5	0.00121631
9.895	2.5	0.00121631
9.91	2.5	0.00121631
9.925	2.5	0.00121631
9.94	2.5	0.00121631
9.955	2.5	0.00121631
9.97	2.5	0.00121631
9.985	2.5	0.00121631
10	2.5	0.00121631
10.015	2.5	0.00121631
10.03	2.5	0.00121631
10.045	2.5	0.00121631
10.06	2.5	0.00121631
10.075	2.5	0.00121631
10.09	2.5	0.00121631
10.105	2.5	0.00121631
10.12	2.5	0.00121631
10.135	2.5	0.00121631
10.15	2.5	0.00121631
10.165	2.5	0.00121631
10.18	2.5	0.00121631
10.195	2.5	0.00121631
10.21	2.5	0.00121631
10.225	2.5	0.00121631
10.24	2.5	0.00121631
10.255	2.5	0.00121631
10.27	2.5	0.00121631
10.285	2.5	0.00121631
10.3	2.5	0.00121631
10.315	2.5	0.00121631
10.33	2.5	0.00121631
10.345	2.5	0.00121631
10.36	2.5	0.00121631
10.375	2.5	0.00121631
10.39	2.5	0.00121631
10.405	2.5	0.00121631
10.42	2.5	0.00121631
10.435	2.5	0.00121631
10.45	2.5	0.00121631
10.465	2.5	0.00121631
10.48	2.5	0.00121631
10.495	2.5	0.00121631
10.51	2.5	0.00121631
10.525	2.5	0.00121631
10.54	2.5	0.00121631
10.555	2.5	0.00121631
10.57	2.5	0.00121631
10.585	2.5	0.00121631
10.6	2.5	0.00121631
10.615	2.5	0.00121631
10.63	2.5	0.00121631
10.645	2.5	0.00104186
10.66	2.5	0.00104186
10.675	2.5	0.00104186
10.69	2.5	0.00104186
10.705	2.5	0.00104186
10.72	2.5	0.00104186
10.735	2.5	0.00104186
10.75	2.5	0.00104186
10.765	2.5	0.00104186
10.78	2.5	0.00104186
10.795	2.5	0.00104186
10.81	2.5	0.00104186
10.825	2.5	0.00104186
10.84	2.5	0.00104186
10.855	2.5	0.00104186
10.87	2.5	0.00104186
10.885	2.5	0.00104186
10.9	2.5	0.00104186
10.915	2.5	0.00104186
10.93	2.5	0.00104186
10.945	2.5	0.00104186
10.96	2.5	0.00104186
10.975	2.5	0.00104186
10.99	2.5	0.00104186
11.005	2.5	0.00104186
11.02	2.5	0.00104186
11.035	2.5	0.00104186
11.05	2.5	0.00104186
11.065	2.5	0.00104186
11.08	2.5	0.00104186
11.095	2.5	0.00104186
11.11	2.5	0.00104186
11.125	2.5	0.00104186
11.14	2.5	0.00104186
11.155	2.5	0.00104186
11.17	2.5	0.00104186
11.185	2.5	0.00104186
11.2	2.5	0.00104186
11.215	2.5	0.00104186
11.23	2.5	0.00104186
11.245	2.5	0.00104186
11.26	2.5	0.00104186
11.275	2.5	0.00104186
11.29	2.5	0.00104186
11.305	2.5	0.00104186
11.32	2.5	0.00104186
11.335	2.5	0.00104186
11.35	2.5	0.00104186
11.365	2.5	0.00104186
11.38	2.5	0.00104186
11.395	2.5	0.00104186
11.41	2.5	0.00104186
11.425	2.5	0.00104186
11.44	2.5	0.00104186
11.455	2.5	0.00104186
11.47	2.5	0.00104186
11.485	2.5	0.00104186
11.5	2.5	0.00104186
11.515	2.5	0.00104186
11.53	2.5	0.00104186
11.545	2.5	0.00104186
11.56	2.5	0.00104186
11.575	2.5	0.00104186
11.59	2.5	0.00104186
11.605	2.5	0.00104186
11.62	2.5	0.00104186
11.635	2.5	0.00104186
11.65	2.5	0.00104186
11.665	2.5	0.00104186
11.68	2.5	0.00104186
11.695	2.5	0.00104186
11.71	2.5	0.00104186
11.725	2.5	0.00103482
11.74	2.5	0.00103482
11.755	2.5	0.00103482
11.77	2.5	0.00103482
11.785	2.5	0.00103482
11.8	2.5	0.00103482
11.815	2.5	0.00103482
11.83	2.5	0.00103482
11.845	2.5	0.00103482
11.86	2.5	0.00103482
11.875	2.5	0.00103482
11.89	2.5	0.00103482
11.905	2.5	0.00103482
11.92	2.5	0.00103482
11.935	2.5	0.00103482
11.95	2.5	0.00103482
11.965	2.5	0.00103482
11.98	2.5	0.00103482
11.995	2.5	0.00103482
12.01	2.5	0.00103482
12.025	2.5	0.00103482
12.04	2.5	0.00103482
12.055	2.5	0.00103482
12.07	2.5	0.00103482
12.085	2.5	0.00103482
12.1	2.5	0.00103482
12.115	2.5	0.00103482
12.13	2.5	0.00103482
12.145	2.5	0.00103482
12.16	2.5	0.00103482
12.175	2.5	0.00103482
12.19	2.5	0.00103482
12.205	2.5	0.00103482
12.22	2.5	0.00103482
12.235	2.5	0.00103482
12.25	2.5	0.00103482
12.265	2.5	0.00103482
12.28	2.5	0.00103482
12.295	2.5	0.00103482
12.31	2.5	0.00103482
12.325	2.5	0.00103482
12.34	2.5	0.00103482
12.355	2.5	0.00103482
12.37	2.5	0.00103482
12.385	2.5	0.00103482
12.4	2.5	0.00103482
12.415	2.5	0.00103482
12.43	2.5	0.00103482
12.445	2.5	0.00103482
12.46	2.5	0.00103482
12.475	2.5	0.00103482
12.49	2.5	0.00103482
12.505	2.5	0.00103482
12.52	2.5	0.00103482
12.535	2.5	0.00103482
12.55	2.5	0.00103482
12.565	2.5	0.00103482
12.58	2.5	0.00103482
12.595	2.5	0.00103482
12.61	2.5	0.00103482
12.625	2.5	0.00103482
12.64	2.5	0.00103482
12.655	2.5	0.00103482
12.67	2.5	0.00103482
12.685	2.5	0.00103482
12.7	2.5	0.00103482
12.715	2.5	0.00103482
12.73	2.5	0.00103482
12.745	2.5	0.00103482
12.76	2.5	0.00103482
12.775	2.5	0.00103482
12.79	2.5	0.00140287
12.805	2.5	0.00140287
12.82	2.5	0.00140287
12.835	2.5	0.00140287
12.85	2.5	0.00140287
12.865	2.5	0.00140287
12.88	2.5	0.00140287
12.895	2.5	0.00140287
12.91	2.5	0.00140287
12.925	2.5	0.00140287
12.94	2.5	0.00140287
12.955	2.5	0.00140287
12.97	2.5	0.00140287
12.985	2.5	0.00140287
13	2.5	0.00140287
13.015	2.5	0.00140287
13.03	2.5	0.00140287
13.045	2.5	0.00140287
13.06	2.5	0.00140287
13.075	2.5	0.00140287
13.09	2.5	0.00140287
13.105	2.5	0.00140287
13.12	2.5	0.00140287
13.135	2.5	0.00140287
13.15	2.5	0.00140287
13.165	2.5	0.00140287
13.18	2.5	0.00140287
13.195	2.5	0.00140287
13.21	2.5	0.00140287
13.225	2.5	0.00140287
13.24	2.5	0.00140287
13.255	2.5	0.00140287
13.27	2.5	0.00140287
13.285	2.5	0.00140287
13.3	2.5	0.00140287
13.315	2.5	0.00140287
13.33	2.5	0.00140287
13.345	2.5	0.00140287
13.36	2.5	0.00140287
13.375	2.5	0.00140287
13.39	2.5	0.00140287
13.405	2.5	0.00140287
13.42	2.5	0.00140287
13.435	2.5	0.00140287
13.45	2.5	0.00140287
13.465	2.5	0.00140287
13.48	2.5	0.00140287
13.495	2.5	0.00140287
13.51	2.5	0.00140287
13.525	2.5	0.00140287
13.54	2.5	0.00140287
13.555	2.5	0.00140287
13.57	2.5	0.00140287
13.585	2.5	0.00140287
13.6	2.5	0.00140287
13.615	2.5	0.00140287
13.63	2.5	0.00140287
13.645	2.5	0.00140287
13.66	2.5	0.00140287
13.675	2.5	0.00140287
13.69	2.5	0.00140287
13.705	2.5	0.00140287
13.72	2.5	0.00140287
13.735	2.5	0.00140287
13.75	2.5	0.00140287
13.765	2.5	0.00140287
13.78	2.5	0.00140287
13.795	2.5	0.00140287
13.81	2.5	0.00140287
13.825	2.5	0.00140287
13.84	2.5	0.00140287
13.855	2.5	0.00140287
13.87	2.5	0.00293531
13.885	2.5	0.00293531
13.9	2.5	0.00293531
13.915	2.5	0.00293531
13.93	2.5	0.00293531
13.945	2.5	0.00293531
13.96	2.5	0.00293531
13.975	2.5	0.00293531
13.99	2.5	0.00293531
14.005	2.5	0.00293531
14.02	2.5	0.00293531
14.035	2.5	0.00293531
14.05	2.5	0.00293531
14.065	2.5	0.00293531
14.08	2.5	0.00293531
14.095	2.5	0.00293531
14.11	2.5	0.00293531
14.125	2.5	0.00293531
14.14	2.5	0.00293531
14.155	2.5	0.00293531
14.17	2.5	0.00293531
14.185	2.5	0.00293531
14.2	2.5	0.00293531
14.215	2.5	0.00293531
14.23	2.5	0.00293531
14.245	2.5	0.00293531
14.26	2.5	0.00293531
14.275	2.5	0.00293531
14.29	2.5	0.00293531
14.305	2.5	0.00293531
14.32	2.5	0.00293531
14.335	2.5	0.00293531
14.35	2.5	0.00293531
14.365	2.5	0.00293531
14.38	2.5	0.00293531
14.395	2.5	0.00293531
14.41	2.5	0.00293531
14.425	2.5	0.00293531
14.44	2.5	0.00293531
14.455	2.5	0.00293531
14.47	2.5	0.00293531
14.485	2.5	0.00293531
14.5	2.5	0.00293531
14.515	2.5	0.00293531
14.53	2.5	0.00293531
14.545	2.5	0.00293531
14.56	2.5	0.00293531
14.575	2.5	0.00293531
14.59	2.5	0.00293531
14.605	2.5	0.00293531
14.62	2.5	0.00293531
14.635	2.5	0.00293531
14.65	2.5	0.00293531
14.665	2.5	0.00293531
14.68	2.5	0.00293531
14.695	2.5	0.00293531
14.71	2.5	0.00293531
14.725	2.5	0.00293531
14.74	2.5	0.00293531
14.755	2.5	0.00293531
14.77	2.5	0.00293531
14.785	2.5	0.00293531
14.8	2.5	0.00293531
14.815	2.5	0.00293531
14.83	2.5	0.00293531
14.845	2.5	0.00293531
14.86	2.5	0.00293531
14.875	2.5	0.00293531
14.89	2.5	0.00293531
14.905	2.5	0.00293531
14.92	2.5	0.00293531
14.935	2.5	0.00393334
14.95	2.5	0.00393334
14.965	2.5	0.00393334
14.98	2.5	0.00393334
14.995	2.5	0.00393334
15.01	2.5	0.00393334
15.025	2.5	0.00393334
15.04	2.5	0.00393334
15.055	2.5	0.00393334
15.07	2.5	0.00393334
15.085	2.5	0.00393334
15.1	2.5	0.00393334
15.115	2.5	0.00393334
15.13	2.5	0.00393334
15.145	2.5	0.00393334
15.16	2.5	0.00393334
15.175	2.5	0.00393334
15.19	2.5	0.00393334
15.205	2.5	0.00393334
15.22	2.5	0.00393334
15.235	2.5	0.00393334
15.25	2.5	0.00393334
15.265	2.5	0.00393334
15.28	2.5	0.00393334
15.295	2.5	0.00393334
15.31	2.5	0.00393334
15.325	2.5	0.00393334
15.34	2.5	0.00393334
15.355	2.5	0.00393334
15.37	2.5	0.00393334
15.385	2.5	0.00393334
15.4	2.5	0.00393334
15.415	2.5	0.00393334
15.43	2.5	0.00393334
15.445	2.5	0.00393334
15.46	2.5	0.00393334
15.475	2.5	0.00393334
15.49	2.5	0.00393334
15.505	2.5	0.00393334
15.52	2.5	0.00393334
15.535	2.5	0.00393334
15.55	2.5	0.00393334
15.565	2.5	0.00393334
15.58	2.5	0.00393334
15.595	2.5	0.00393334
15.61	2.5	0.00393334
15.625	2.5	0.00393334
15.64	2.5	0.00393334
15.655	2.5	0.00393334
15.67	2.5	0.00393334
15.685	2.5	0.00393334
15.7	2.5	0.00393334
15.715	2.5	0.00393334
15.73	2.5	0.00393334
15.745	2.5	0.00393334
15.76	2.5	0.00393334
15.775	2.5	0.00393334
15.79	2.5	0.00393334
15.805	2.5	0.00393334
15.82	2.5	0.00393334
15.835	2.5	0.00393334
15.85	2.5	0.00393334
15.865	2.5	0.00393334
15.88	2.5	0.00393334
15.895	2.5	0.00393334
15.91	2.5	0.00393334
15.925	2.5	0.00393334
15.94	2.5	0.00393334
15.955	2.5	0.00393334
15.97	2.5	0.00393334
15.985	2.5	0.00393334
16	2.5	0.00393334
