71
0.008
0.0101714285714286
0.0123428571428571
0.0145142857142857
0.0166857142857143
0.0188571428571429
0.0210285714285714
0.0232
0.0253714285714286
0.0275428571428571
0.0297142857142857
0.0318857142857143
0.0340571428571429
0.0362285714285714
0.0384
0.0405714285714286
0.0427428571428571
0.0449142857142857
0.0470857142857143
0.0492571428571429
0.0514285714285714
0.0536
0.0557714285714286
0.0579428571428571
0.0601142857142857
0.0622857142857143
0.0644571428571429
0.0666285714285714
0.0688
0.0709714285714286
0.0731428571428571
0.0753142857142857
0.0774857142857143
0.0796571428571429
0.0818285714285714
0.084
0.0861714285714286
0.0883428571428571
0.0905142857142857
0.0926857142857143
0.0948571428571429
0.0970285714285714
0.0992
0.101371428571429
0.103542857142857
0.105714285714286
0.107885714285714
0.110057142857143
0.112228571428571
0.1144
0.116571428571429
0.118742857142857
0.120914285714286
0.123085714285714
0.125257142857143
0.127428571428571
0.1296
0.131771428571429
0.133942857142857
0.136114285714286
0.138285714285714
0.140457142857143
0.142628571428571
0.1448
0.146971428571429
0.149142857142857
0.151314285714286
0.153485714285714
0.155657142857143
0.157828571428571
0.16
