0	0	-523.313335210079
0.0022	0	1479.4693508421
0.0044	0	4127.92784422386
0.0066	0	4917.66824684173
0.0088	0	5356.84159330088
0.011	0	5628.34910505832
0.0132	0	5678.3333817366
0.0154	0	5744.8370965974
0.0176	0	5615.39478076639
0.0198	0	5860.02595043608
0.022	0	5662.61845727887
0.0242	0	5840.30291983116
0.0264	0	5761.23567330979
0.0286	0	5415.27375017628
0.0308	0	6528.92749037532
0.033	0	4663.71521876151
0.0352	0	7271.97153463396
0.0374	0	3472.761058249
0.0396	0	7706.91119633293
0.0418	0	5863.45962979558
0.044	0	-272.868928098646
0.0462	0	30473.35533849
0.0484	0	-79522.4157688288
0.0506	0	258837.875642902
0.0528	0	-546427.685689337
0.055	0	75945.5712042965
0.0572	0	8727559.06608533
0.0594	0	-69338425.888376
0.0616	0	396560541.508463
0.0638	0	-1953110023.54404
0.066	0	8787274158.92233
0.0682	0	-37248599332.6
0.0704	0	152381794936.898
0.0726	0	-618913350088.75
0.0748	0	2639431378924.59
0.077	0	2428370187286.46
0.0792	0	2116709816206.07
0.0814	0	-2033639712648.36
0.0836	0	489057467009.508
0.0858	0	-803736382021.729
0.088	0	-13052982502949.4
0.0902	0	-2575305876929.67
0.0924	0	9666355730375.76
0.0946	0	8444490493256.76
0.0968	0	5843013922495.3
0.099	0	4098279039762.12
0.1012	0	2635966727842.2
0.1034	0	1705243019467.87
0.1056	0	1080691248300.05
0.1078	0	584937513251.832
0.11	0	261425317458.151
0	0.0032	-270.328788098574
0.0022	0.0032	-181.133897771044
0.0044	0.0032	488.458173407846
0.0066	0.0032	1853.425331609
0.0088	0.0032	2461.77560524121
0.011	0.0032	2512.49509119206
0.0132	0.0032	2710.96594836492
0.0154	0.0032	2710.69004379755
0.0176	0.0032	3076.11050648031
0.0198	0.0032	2461.35017017938
0.022	0.0032	2945.03043984982
0.0242	0.0032	2491.81841560897
0.0264	0.0032	2759.20686109579
0.0286	0.0032	3524.9178510407
0.0308	0.0032	807.899841203738
0.033	0.0032	5364.24369866155
0.0352	0.0032	-923.589309088046
0.0374	0.0032	8537.7712045778
0.0396	0.0032	-2452.90618471616
0.0418	0.0032	3362.95269195369
0.044	0.0032	14509.2864116813
0.0462	0.0032	-48279.5630962786
0.0484	0.0032	187894.997580511
0.0506	0.0032	-592695.296573444
0.0528	0.0032	1561829.26894751
0.055	0.0032	-2188347.87914812
0.0572	0.0032	-9080747.65299569
0.0594	0.0032	107717637.462828
0.0616	0.0032	-689436170.378515
0.0638	0.0032	3601014981.54101
0.066	0.0032	-16865430759.094
0.0682	0.0032	73992065484.746
0.0704	0.0032	-313739244932.224
0.0726	0.0032	1325054076514.01
0.0748	0.0032	-5751838456421.44
0.077	0.0032	-5304017593011.02
0.0792	0.0032	-4665815275076.4
0.0814	0.0032	3662563144679.03
0.0836	0.0032	-1282764618496.04
0.0858	0.0032	1342858743465.35
0.088	0.0032	25927574303072.5
0.0902	0.0032	5041030567534.85
0.0924	0.0032	-19557589618955.9
0.0946	0.0032	-17213445343381.1
0.0968	0.0032	-12143291221330.7
0.099	0.0032	-8684869366378.94
0.1012	0.0032	-5868618046923.37
0.1034	0.0032	-4046861268007.99
0.1056	0.0032	-2889622443119.3
0.1078	0.0032	-1886891789733.23
0.11	0.0032	-1201876490387.23
0	0.0064	308.152773600946
0.0022	0.0064	4.15536338541867
0.0044	0.0064	-3.57484130553299
0.0066	0.0064	190.779180318553
0.0088	0.0064	-264.322881389987
0.011	0.0064	1018.78365363025
0.0132	0.0064	877.507868035006
0.0154	0.0064	978.250350452307
0.0176	0.0064	-588.35179314794
0.0198	0.0064	2369.10744208737
0.022	0.0064	239.506242547632
0.0242	0.0064	2357.01585016481
0.0264	0.0064	746.301022241709
0.0286	0.0064	-2225.43393462909
0.0308	0.0064	9946.56471400216
0.033	0.0064	-10482.0262825234
0.0352	0.0064	17074.4902356247
0.0374	0.0064	-26137.9586973977
0.0396	0.0064	26378.5986761684
0.0418	0.0064	-5761.14223992504
0.044	0.0064	-37925.9391448088
0.0462	0.0064	182747.324696745
0.0484	0.0064	-696619.221433829
0.0506	0.0064	2431207.28060403
0.0528	0.0064	-7345473.79304193
0.055	0.0064	16628678.4845933
0.0572	0.0064	-6391935.7011439
0.0594	0.0064	-228383797.48895
0.0616	0.0064	1878027420.58502
0.0638	0.0064	-10779424149.6264
0.066	0.0064	52792684833.7685
0.0682	0.0064	-234945827477.551
0.0704	0.0064	978776629932.534
0.0726	0.0064	-3873156528875.91
0.0748	0.0064	14621055748227.6
0.077	0.0064	13449864439884.7
0.0792	0.0064	11288520232915.3
0.0814	0.0064	-17396708318541.1
0.0836	0.0064	-219026039519.178
0.0858	0.0064	-8773387374203.41
0.088	0.0064	-94867407261243.9
0.0902	0.0064	-21697275092057.9
0.0924	0.0064	64825138300904.7
0.0946	0.0064	57298252623128
0.0968	0.0064	40148740704687.7
0.099	0.0064	28667531290229.7
0.1012	0.0064	19233379520702.3
0.1034	0.0064	13190215957281.8
0.1056	0.0064	9512712160277.58
0.1078	0.0064	6505365616870.57
0.11	0.0064	4361696848984.57
0	0.0096	-159.8761721896
0.0022	0.0096	-3.98815716274928
0.0044	0.0096	29.8556638515739
0.0066	0.0096	353.282589561456
0.0088	0.0096	-762.173917049217
0.011	0.0096	-501.525647817238
0.0132	0.0096	926.709160651276
0.0154	0.0096	1580.42803985943
0.0176	0.0096	8993.80211088832
0.0198	0.0096	-5734.49270456748
0.022	0.0096	3922.9204196044
0.0242	0.0096	-6235.72530861012
0.0264	0.0096	3198.35437453526
0.0286	0.0096	14837.8487014375
0.0308	0.0096	-42135.2807741557
0.033	0.0096	53518.5949822594
0.0352	0.0096	-71472.0830532643
0.0374	0.0096	133231.669802214
0.0396	0.0096	-125758.919539002
0.0418	0.0096	46354.891903269
0.044	0.0096	133880.185673173
0.0462	0.0096	-665825.142657613
0.0484	0.0096	2679419.1355331
0.0506	0.0096	-9901771.31795317
0.0528	0.0096	32759611.9996795
0.055	0.0096	-89844375.4607674
0.0572	0.0096	150362058.045271
0.0594	0.0096	335134657.065133
0.0616	0.0096	-5086697899.77044
0.0638	0.0096	33679032645.5863
0.066	0.0096	-176385101006.693
0.0682	0.0096	816789938636.173
0.0704	0.0096	-3501165790799.44
0.0726	0.0096	14226183076058.8
0.0748	0.0096	-55291861661704.1
0.077	0.0096	-51530382477346.6
0.0792	0.0096	-43715099090737.1
0.0814	0.0096	62642532067323.8
0.0836	0.0096	-331636088733.918
0.0858	0.0096	31151512431846.9
0.088	0.0096	352518038836321
0.0902	0.0096	82413062088043
0.0924	0.0096	-239781831215214
0.0946	0.0096	-213272084351177
0.0968	0.0096	-150735119713090
0.099	0.0096	-108856759817407
0.1012	0.0096	-74472805383257.4
0.1034	0.0096	-52335374143373.2
0.1056	0.0096	-38817647667048.7
0.1078	0.0096	-27792670821964.7
0.11	0.0096	-19734744146653
0	0.0128	147.812433357377
0.0022	0.0128	43.510520350336
0.0044	0.0128	-116.359821365649
0.0066	0.0128	466.858507074162
0.0088	0.0128	-771.935457242448
0.011	0.0128	-887.993591051995
0.0132	0.0128	-3505.17612437601
0.0154	0.0128	-10824.3232855478
0.0176	0.0128	-45473.7794241121
0.0198	0.0128	28752.5637269392
0.022	0.0128	-14407.4578509733
0.0242	0.0128	33873.4999478608
0.0264	0.0128	-19698.0329918305
0.0286	0.0128	-62576.9967255275
0.0308	0.0128	205522.578026537
0.033	0.0128	-244893.477663558
0.0352	0.0128	318172.378416989
0.0374	0.0128	-650941.806615231
0.0396	0.0128	625034.527136642
0.0418	0.0128	-266514.916163597
0.044	0.0128	-446389.233137351
0.0462	0.0128	2393142.99353894
0.0484	0.0128	-10035175.7389534
0.0506	0.0128	39041201.2308116
0.0528	0.0128	-138458719.122797
0.055	0.0128	427417797.556678
0.0572	0.0128	-1005104281.23071
0.0594	0.0128	639115428.168122
0.0616	0.0128	11766018598.1494
0.0638	0.0128	-100739058529.792
0.066	0.0128	579381295543.477
0.0682	0.0128	-2817543384898.03
0.0704	0.0128	12451757799506.3
0.0726	0.0128	-51802648394374.3
0.0748	0.0128	205798636605710
0.077	0.0128	194187238494301
0.0792	0.0128	165402579395119
0.0814	0.0128	-230451982067925
0.0836	0.0128	1685922389386.64
0.0858	0.0128	-114065719412804
0.088	0.0128	-1.31854228855766e+15
0.0902	0.0128	-317324989737736
0.0924	0.0128	887765702390033
0.0946	0.0128	794180490152571
0.0968	0.0128	564796586198878
0.099	0.0128	411541582237846
0.1012	0.0128	285168109709927
0.1034	0.0128	204029488316621
0.1056	0.0128	154506479022316
0.1078	0.0128	114108843801184
0.11	0.0128	84537448072709.6
0	0.016	-85.4222108975939
0.0022	0.016	37.0948312149952
0.0044	0.016	-71.2800036699079
0.0066	0.016	506.471017508333
0.0088	0.016	-843.84889684879
0.011	0.016	-1316.91454396013
0.0132	0.016	-2602.06199135906
0.0154	0.016	-16459.5183416363
0.0176	0.016	244361.361072955
0.0198	0.016	-135121.732397025
0.022	0.016	53978.3810279925
0.0242	0.016	-172803.28807187
0.0264	0.016	124732.257106213
0.0286	0.016	264617.973511634
0.0308	0.016	-1001972.11542585
0.033	0.016	1129857.03279268
0.0352	0.016	-1378541.97912622
0.0374	0.016	3199381.17868372
0.0396	0.016	-3081894.67327148
0.0418	0.016	1433475.50644012
0.044	0.016	1456257.01375108
0.0462	0.016	-8394142.34543249
0.0484	0.016	36614807.533694
0.0506	0.016	-149313460.020458
0.0528	0.016	561615235.657809
0.055	0.016	-1890031674.54477
0.0572	0.016	5294491254.5201
0.0594	0.016	-9348018766.74805
0.0616	0.016	-16127724053.7007
0.0638	0.016	276720656843.037
0.066	0.016	-1840686326184.33
0.0682	0.016	9548187763355.9
0.0704	0.016	-43734461901101.8
0.0726	0.016	186626327491681
0.0748	0.016	-759322480784248
0.077	0.016	-724926187498912
0.0792	0.016	-619034922369284
0.0814	0.016	854356033541952
0.0836	0.016	-2014962795889.88
0.0858	0.016	422969167896227
0.088	0.016	4.93879962400414e+15
0.0902	0.016	1.22607429193854e+15
0.0924	0.016	-3.28253912478014e+15
0.0946	0.016	-2.95322222433668e+15
0.0968	0.016	-2.11208123737662e+15
0.099	0.016	-1.55078457077231e+15
0.1012	0.016	-1.08646249689152e+15
0.1034	0.016	-788743015710424
0.1056	0.016	-607383053589306
0.1078	0.016	-459195699693575
0.11	0.016	-350421863614834
0	0.0192	78.8166215332215
0.0022	0.0192	46.6319800297974
0.0044	0.0192	-105.937839061157
0.0066	0.0192	316.155073426964
0.0088	0.0192	5.58196108294442
0.011	0.0192	-4096.00637202131
0.0132	0.0192	5072.78659153719
0.0154	0.0192	-40268.729214551
0.0176	0.0192	329724.754012855
0.0198	0.0192	590817.141635603
0.022	0.0192	-166250.321194352
0.0242	0.0192	881380.46296378
0.0264	0.0192	-742700.077068722
0.0286	0.0192	-1076167.61833902
0.0308	0.0192	4932490.63905108
0.033	0.0192	-5224106.94059519
0.0352	0.0192	5786539.75018462
0.0374	0.0192	-15788852.1733009
0.0396	0.0192	15145861.7979533
0.0418	0.0192	-7372059.59420479
0.044	0.0192	-4683693.4713534
0.0462	0.0192	28733392.3509477
0.0484	0.0192	-130107686.585899
0.0506	0.0192	555013448.566066
0.0528	0.0192	-2200563117.20296
0.055	0.0192	7938945499.15478
0.0572	0.0192	-24946072906.9801
0.0594	0.0192	60042294088.1336
0.0616	0.0192	-45607238507.5963
0.0638	0.0192	-640178477333.949
0.066	0.0192	5565301188671.05
0.0682	0.0192	-31634421907400.7
0.0704	0.0192	151425079630224
0.0726	0.0192	-664735568874028
0.0748	0.0192	2.78792220264661e+15
0.077	0.0192	2.69287272168564e+15
0.0792	0.0192	2.30352864542811e+15
0.0814	0.0192	-3.18113779502235e+15
0.0836	0.0192	-22510167957032.5
0.0858	0.0192	-1.58296462688096e+15
0.088	0.0192	-1.85141447545631e+16
0.0902	0.0192	-4.74760902235011e+15
0.0924	0.0192	1.21188001775983e+16
0.0946	0.0192	1.09630191568902e+16
0.0968	0.0192	7.87762235720115e+15
0.099	0.0192	5.82167509182635e+15
0.1012	0.0192	4.1149507043163e+15
0.1034	0.0192	3.02232533445995e+15
0.1056	0.0192	2.35811267702222e+15
0.1078	0.0192	1.81486305243375e+15
0.11	0.0192	1.41543136629632e+15
0	0.0224	-38.5269386915378
0.0022	0.0224	35.2326792626177
0.0044	0.0224	-53.1307455725292
0.0066	0.0224	318.555215815035
0.0088	0.0224	-30.0665218128743
0.011	0.0224	-4382.09061649717
0.0132	0.0224	3991.69646893761
0.0154	0.0224	-36574.5705411272
0.0176	0.0224	302788.915055239
0.0198	0.0224	768406.851827226
0.022	0.0224	220558.037439093
0.0242	0.0224	-4488176.23573269
0.0264	0.0224	4260315.97213856
0.0286	0.0224	4104414.20846666
0.0308	0.0224	-24521207.7346066
0.033	0.0224	24273004.6029997
0.0352	0.0224	-23092729.7489808
0.0374	0.0224	78338930.1777861
0.0396	0.0224	-74248053.60557
0.0418	0.0224	36851921.1882004
0.044	0.0224	15306120.8274591
0.0462	0.0224	-95894873.776177
0.0484	0.0224	449802268.946162
0.0506	0.0224	-2006214114.52284
0.0528	0.0224	8357303317.81918
0.055	0.0224	-32013793741.8329
0.0572	0.0224	109691791863.925
0.0594	0.0224	-312470502786.937
0.0616	0.0224	566668181144.011
0.0638	0.0224	849792246981.726
0.066	0.0224	-15514047989047.7
0.0682	0.0224	101711481786057
0.0704	0.0224	-515076013979748
0.0726	0.0224	2.32636026454906e+15
0.0748	0.0224	-1.00675313066161e+16
0.077	0.0224	-9.83940463510258e+15
0.0792	0.0224	-8.40979255441758e+15
0.0814	0.0224	1.2003526390073e+16
0.0836	0.0224	352965144494626
0.0858	0.0224	6.07885039718704e+15
0.088	0.0224	6.9555882354064e+16
0.0902	0.0224	1.85142683515745e+16
0.0924	0.0224	-4.45797234888605e+16
0.0946	0.0224	-4.05396999614363e+16
0.0968	0.0224	-2.92274188187634e+16
0.099	0.0224	-2.1701840141287e+16
0.1012	0.0224	-1.54328780782734e+16
0.1034	0.0224	-1.14263441931227e+16
0.1056	0.0224	-8.99786502337758e+15
0.1078	0.0224	-7.01011488917557e+15
0.11	0.0224	-5.54676031635891e+15
0	0.0256	18.8976673986758
0.0022	0.0256	58.5872388838212
0.0044	0.0256	-92.5174469205085
0.0066	0.0256	165.758613329007
0.0088	0.0256	674.500887592751
0.011	0.0256	-6531.99801921945
0.0132	0.0256	9311.43642958122
0.0154	0.0256	-52164.5607671148
0.0176	0.0256	359246.795590038
0.0198	0.0256	707105.862632403
0.022	0.0256	519375.200058305
0.0242	0.0256	-5555419.86635784
0.0264	0.0256	-23095706.8019667
0.0286	0.0256	-13785256.5547051
0.0308	0.0256	123161711.597457
0.033	0.0256	-113684969.901861
0.0352	0.0256	84279257.5882755
0.0374	0.0256	-391258541.202873
0.0396	0.0256	363263909.560146
0.0418	0.0256	-180828077.633024
0.044	0.0256	-54056340.0391243
0.0462	0.0256	311613710.277615
0.0484	0.0256	-1509710347.09253
0.0506	0.0256	7047794131.37906
0.0528	0.0256	-30807607143.2818
0.055	0.0256	124605114640.831
0.0572	0.0256	-458616003925.746
0.0594	0.0256	1465231888854.86
0.0616	0.0256	-3570316837795.38
0.0638	0.0256	2805817753241.05
0.066	0.0256	36832767154427.5
0.0682	0.0256	-313797925823543
0.0704	0.0256	1.71932123786422e+15
0.0726	0.0256	-7.98040714413501e+15
0.0748	0.0256	3.55099955368942e+16
0.077	0.0256	3.51352030422418e+16
0.0792	0.0256	2.9887756897346e+16
0.0814	0.0256	-4.60823726558072e+16
0.0836	0.0256	-3.11457205753375e+15
0.0858	0.0256	-2.4117022423971e+16
0.088	0.0256	-2.62094075927913e+17
0.0902	0.0256	-7.28662060351778e+16
0.0924	0.0256	1.63145522635178e+17
0.0946	0.0256	1.49084747743277e+17
0.0968	0.0256	1.07623904458534e+17
0.099	0.0256	8.00925501094604e+16
0.1012	0.0256	5.70803768597076e+16
0.1034	0.0256	4.24034561901423e+16
0.1056	0.0256	3.3539194554533e+16
0.1078	0.0256	2.62795711955703e+16
0.11	0.0256	2.09312487699472e+16
0	0.0288	-4.33244821853602
0.0022	0.0288	-1.14122621785794
0.0044	0.0288	48.3153882789946
0.0066	0.0288	-43.0937183662879
0.0088	0.0288	1080.58347080763
0.011	0.0288	-7686.1589571739
0.0132	0.0288	9624.32576812
0.0154	0.0288	-50825.3601565137
0.0176	0.0288	335564.727247315
0.0198	0.0288	890678.092081432
0.022	0.0288	161630.388977407
0.0242	0.0288	-4344322.76648161
0.0264	0.0288	-28699901.2446402
0.0286	0.0288	35961765.7698793
0.0308	0.0288	-625132762.289695
0.033	0.0288	538908483.532873
0.0352	0.0288	-252857493.997805
0.0374	0.0288	1969428762.76659
0.0396	0.0288	-1773934098.5537
0.0418	0.0288	876871774.021257
0.044	0.0288	223727287.924152
0.0462	0.0288	-983831133.446799
0.0484	0.0288	4902205134.54668
0.0506	0.0288	-24019251739.5212
0.0528	0.0288	110242113440.041
0.055	0.0288	-469272909241.019
0.0572	0.0288	1839709524879.35
0.0594	0.0288	-6426453034807.27
0.0616	0.0288	18522660639630.8
0.0638	0.0288	-33413166598496.7
0.066	0.0288	-53131331030227.9
0.0682	0.0288	908126466721338
0.0704	0.0288	-5.63200135198739e+15
0.0726	0.0288	2.68115484246213e+16
0.0748	0.0288	-1.20470833151572e+17
0.077	0.0288	-1.20857565129394e+17
0.0792	0.0288	-1.01597269360151e+17
0.0814	0.0288	1.8111594759436e+17
0.0836	0.0288	2.26718982248811e+16
0.0858	0.0288	9.96830443681938e+16
0.088	0.0288	9.91848678821393e+17
0.0902	0.0288	2.90388867532536e+17
0.0924	0.0288	-5.92397508717374e+17
0.0946	0.0288	-5.43695658996338e+17
0.0968	0.0288	-3.91785950102135e+17
0.099	0.0288	-2.91119761157835e+17
0.1012	0.0288	-2.06692216790893e+17
0.1034	0.0288	-1.52974339104061e+17
0.1056	0.0288	-1.20667522003952e+17
0.1078	0.0288	-9.42018773824786e+16
0.11	0.0288	-7.4700730669634e+16
0	0.032	7.91845676094398
0.0022	0.032	48.4043247476123
0.0044	0.032	-85.0887256545495
0.0066	0.032	127.191976614179
0.0088	0.032	755.151511681354
0.011	0.032	-6424.89288458415
0.0132	0.032	3338.19311282201
0.0154	0.032	-28938.6682449101
0.0176	0.032	269998.229349996
0.0198	0.032	1230668.97741252
0.022	0.032	-809711.084939592
0.0242	0.032	-1241729.17238575
0.0264	0.032	-40710538.6928637
0.0286	0.032	78469839.1890565
0.0308	0.032	-792291223.97075
0.033	0.032	-2506525812.84406
0.0352	0.032	340136748.614139
0.0374	0.032	-10003157877.851
0.0396	0.032	8643127231.96902
0.0418	0.032	-4223689197.57951
0.044	0.032	-1122152889.65007
0.0462	0.032	3005566658.26316
0.0484	0.032	-15313676683.3168
0.0506	0.032	79159540972.8173
0.0528	0.032	-382575985978.362
0.055	0.032	1710974672247.34
0.0572	0.032	-7110252381670.68
0.0594	0.032	26797028615728.4
0.0616	0.032	-86971404297586.7
0.0638	0.032	211361194599872
0.066	0.032	-140014500490370
0.0682	0.032	-2.3304212025189e+15
0.0704	0.032	1.81396293571453e+16
0.0726	0.032	-8.88158794266121e+16
0.0748	0.032	3.80964734514955e+17
0.077	0.032	3.89057008427608e+17
0.0792	0.032	3.18332638779217e+17
0.0814	0.032	-7.33719825592993e+17
0.0836	0.032	-1.49575093579127e+17
0.0858	0.032	-4.31893492937072e+17
0.088	0.032	-3.77655072510357e+18
0.0902	0.032	-1.17656280505015e+18
0.0924	0.032	2.12523383800199e+18
0.0946	0.032	1.95744661539747e+18
0.0968	0.032	1.40101530842743e+18
0.099	0.032	1.0331096864348e+18
0.1012	0.032	7.23504022191737e+17
0.1034	0.032	5.27045103611007e+17
0.1056	0.032	4.09459196469349e+17
0.1078	0.032	3.13130481041491e+17
0.11	0.032	2.42174308591724e+17
0	0.0352	5.66954112766188
0.0022	0.0352	-15.2596044460343
0.0044	0.0352	110.251071896363
0.0066	0.0352	-263.682116199088
0.0088	0.0352	1667.2911976273
0.011	0.0352	-9066.15945741689
0.0132	0.0352	8168.83107619175
0.0154	0.0352	-43673.7130038486
0.0176	0.0352	304931.386122071
0.0198	0.0352	1206133.49407555
0.022	0.0352	-365990.63562468
0.0242	0.0352	-2989786.11275603
0.0264	0.0352	-35461095.8885256
0.0286	0.0352	46031891.3500945
0.0308	0.0352	-655822341.897918
0.033	0.0352	-3280324800.13612
0.0352	0.0352	3729842530.44708
0.0374	0.0352	51324076896.0804
0.0396	0.0352	-41981046972.3805
0.0418	0.0352	20295846243.9307
0.044	0.0352	6474820587.37758
0.0462	0.0352	-8795833881.28287
0.0484	0.0352	45602842273.7855
0.0506	0.0352	-250924828548.248
0.0528	0.0352	1285153618508.67
0.055	0.0352	-6034142305471.31
0.0572	0.0352	26509716770136.7
0.0594	0.0352	-107011551674452
0.0616	0.0352	382193642563040
0.0638	0.0352	-1.1081029243427e+15
0.066	0.0352	1.88306025130939e+15
0.0682	0.0352	4.32009843596283e+15
0.0704	0.0352	-5.75733161701331e+16
0.0726	0.0352	2.98249192501613e+17
0.0748	0.0352	-1.03521640765992e+18
0.077	0.0352	-1.08998566113287e+18
0.0792	0.0352	-8.29975610275793e+17
0.0814	0.0352	3.08506925194378e+18
0.0836	0.0352	9.3209442453712e+17
0.0858	0.0352	1.96698477863429e+18
0.088	0.0352	1.45058770350541e+19
0.0902	0.0352	4.87019042601985e+18
0.0924	0.0352	-7.47825547030318e+18
0.0946	0.0352	-6.90362996169888e+18
0.0968	0.0352	-4.8659117576687e+18
0.099	0.0352	-3.52183440976127e+18
0.1012	0.0352	-2.38688449583043e+18
0.1034	0.0352	-1.66882989181682e+18
0.1056	0.0352	-1.24134554199859e+18
0.1078	0.0352	-8.91208999580408e+17
0.11	0.0352	-6.33493997798483e+17
0	0.0384	26.1171547133239
0.0022	0.0384	23.3802910399797
0.0044	0.0384	-71.52201022864
0.0066	0.0384	139.823534599249
0.0088	0.0384	515.133202211545
0.011	0.0384	-4981.59289306188
0.0132	0.0384	-7797.64728722318
0.0154	0.0384	9007.13265853798
0.0176	0.0384	139583.691537823
0.0198	0.0384	1874636.34393824
0.022	0.0384	-2368290.51390592
0.0242	0.0384	3520330.77407433
0.0264	0.0384	-59117165.553359
0.0286	0.0384	130661356.744924
0.0308	0.0384	-981508857.230967
0.033	0.0384	-2362434105.74399
0.0352	0.0384	-139600661.253841
0.0374	0.0384	71576466661.4901
0.0396	0.0384	195179267756.673
0.0418	0.0384	-97507405679.6333
0.044	0.0384	-39786272213.6076
0.0462	0.0384	23936278142.4889
0.0484	0.0384	-127434325645.988
0.0506	0.0384	757860214363.072
0.0528	0.0384	-4167434995735.24
0.055	0.0384	20542754947239.9
0.0572	0.0384	-95276193449964.7
0.0594	0.0384	410297212133897
0.0616	0.0384	-1.59374178130613e+15
0.0638	0.0384	5.26347489545678e+15
0.066	0.0384	-1.24802263096076e+16
0.0682	0.0384	2.82042725493093e+15
0.0704	0.0384	1.78519199757268e+17
0.0726	0.0384	-1.0901153791029e+18
0.0748	0.0384	1.69508799347437e+18
0.077	0.0384	1.98925253220237e+18
0.0792	0.0384	1.03119509054151e+18
0.0814	0.0384	-1.35392413730753e+19
0.0836	0.0384	-5.60733444303429e+18
0.0858	0.0384	-9.40155781549501e+18
0.088	0.0384	-5.64100191540428e+19
0.0902	0.0384	-2.07053233131869e+19
0.0924	0.0384	2.54725461326012e+19
0.0946	0.0384	2.35174771253095e+19
0.0968	0.0384	1.60559466713197e+19
0.099	0.0384	1.11467413873578e+19
0.1012	0.0384	6.98704375807507e+18
0.1034	0.0384	4.36350594532947e+18
0.1056	0.0384	2.81055321163336e+18
0.1078	0.0384	1.53902174666137e+18
0.11	0.0384	6.04125762845224e+17
0	0.0416	-43.0854782417292
0.0022	0.0416	65.0897660974007
0.0044	0.0416	-18.9939506207003
0.0066	0.0416	4.46527774612696
0.0088	0.0416	873.606594099188
0.011	0.0416	-6385.41365954859
0.0132	0.0416	-5673.09156878248
0.0154	0.0416	-2325.52487574293
0.0176	0.0416	179369.318789605
0.0198	0.0416	1794756.8300982
0.022	0.0416	-1560652.61888851
0.0242	0.0416	109177.778896542
0.0264	0.0416	-46964588.360513
0.0286	0.0416	67713882.4063708
0.0308	0.0416	-713833372.258889
0.033	0.0416	-3717008948.14715
0.0352	0.0416	3737482660.31328
0.0374	0.0416	56582039798.3098
0.0396	0.0416	290239951106.555
0.0418	0.0416	446602191675.636
0.044	0.0416	248336482426.05
0.0462	0.0416	-54302458213.3544
0.0484	0.0416	324340910498.808
0.0506	0.0416	-2141357416334.4
0.0528	0.0416	12998311711018.5
0.055	0.0416	-67301128337549.8
0.0572	0.0416	329314404583204
0.0594	0.0416	-1.50959481323555e+15
0.0616	0.0416	6.33717029891126e+15
0.0638	0.0416	-2.33410968415826e+16
0.066	0.0416	6.79793237207573e+16
0.0682	0.0416	-9.63097376832146e+16
0.0704	0.0416	-5.29018737351417e+17
0.0726	0.0416	5.77554012915165e+18
0.0748	0.0416	-3.32084060337651e+19
0.077	0.0416	-3.38977013143856e+19
0.0792	0.0416	-2.83110710188628e+19
0.0814	0.0416	5.99540124169972e+19
0.0836	0.0416	1.12752386252497e+19
0.0858	0.0416	3.64649727187773e+19
0.088	0.0416	3.32749028214529e+20
0.0902	0.0416	1.03565645224988e+20
0.0924	0.0416	-1.96039015735974e+20
0.0946	0.0416	-1.82160976484383e+20
0.0968	0.0416	-1.31288458744613e+20
0.099	0.0416	-9.70510008417977e+19
0.1012	0.0416	-6.76150849933948e+19
0.1034	0.0416	-4.85968995484134e+19
0.1056	0.0416	-3.70446930374498e+19
0.1078	0.0416	-2.73604979124645e+19
0.11	0.0416	-2.01083093536761e+19
0	0.0448	11.9589255052221
0.0022	0.0448	-16.4457881585624
0.0044	0.0448	66.3431821279343
0.0066	0.0448	-240.94233751856
0.0088	0.0448	1451.60964095087
0.011	0.0448	-7284.74557134204
0.0132	0.0448	-6761.53809636649
0.0154	0.0448	2039.34062092033
0.0176	0.0448	172520.331441566
0.0198	0.0448	1940428.78281977
0.022	0.0448	-1758792.73658302
0.0242	0.0448	534662.05643825
0.0264	0.0448	-49966554.6121903
0.0286	0.0448	75956691.0543382
0.0308	0.0448	-759507218.150221
0.033	0.0448	-3833079721.31915
0.0352	0.0448	3416291484.00809
0.0374	0.0448	64132905894.6658
0.0396	0.0448	300488520592.926
0.0418	0.0448	557643518399.693
0.044	0.0448	400772980854.868
0.0462	0.0448	-2318570062.62058
0.0484	0.0448	-702978989782.448
0.0506	0.0448	5425397333820.46
0.0528	0.0448	-38819672851898.7
0.055	0.0448	211291442286318
0.0572	0.0448	-1.09061518539953e+15
0.0594	0.0448	5.31527388606144e+15
0.0616	0.0448	-2.40237656904668e+16
0.0638	0.0448	9.76056676406759e+16
0.066	0.0448	-3.3414240476309e+17
0.0682	0.0448	7.9116558103942e+17
0.0704	0.0448	2.43537429264288e+17
0.0726	0.0448	-1.69924573515141e+19
0.0748	0.0448	1.2205527955842e+20
0.077	0.0448	1.28296476008564e+20
0.0792	0.0448	1.06501688592695e+20
0.0814	0.0448	-2.46874212128877e+20
0.0836	0.0448	-5.59724169769118e+19
0.0858	0.0448	-1.54849295883559e+20
0.088	0.0448	-1.3595542379787e+21
0.0902	0.0448	-4.50016862238582e+20
0.0924	0.0448	7.63466729814849e+20
0.0946	0.0448	7.19048427804071e+20
0.0968	0.0448	5.22525527163445e+20
0.099	0.0448	3.90729056953126e+20
0.1012	0.0448	2.76222022757282e+20
0.1034	0.0448	2.02426283700989e+20
0.1056	0.0448	1.57830222152747e+20
0.1078	0.0448	1.20239100758419e+20
0.11	0.0448	9.18697757606584e+19
0	0.048	-16.4599326323643
0.0022	0.048	23.7163276920293
0.0044	0.048	75.4589803112145
0.0066	0.048	-161.188877203391
0.0088	0.048	983.83425917465
0.011	0.048	-5832.45833786319
0.0132	0.048	-14199.9822797001
0.0154	0.048	20574.9291217276
0.0176	0.048	117461.101626559
0.0198	0.048	2176066.98299038
0.022	0.048	-1950696.10375172
0.0242	0.048	478446.668375235
0.0264	0.048	-49527476.2547038
0.0286	0.048	56632357.1010825
0.0308	0.048	-660383940.405536
0.033	0.048	-4543807425.04086
0.0352	0.048	4562630042.94597
0.0374	0.048	60558442823.234
0.0396	0.048	354214428082.845
0.0418	0.048	579815242940.972
0.044	0.048	495106215615.5
0.0462	0.048	-90874273944.6058
0.0484	0.048	1108097452896.65
0.0506	0.048	-10777831630836
0.0528	0.048	110430116123300
0.055	0.048	-632237894320652
0.0572	0.048	3.44328286458342e+15
0.0594	0.048	-1.78289571576749e+16
0.0616	0.048	8.64954530752715e+16
0.0638	0.048	-3.83910787845801e+17
0.066	0.048	1.4918091121795e+18
0.0682	0.048	-4.56821075907612e+18
0.0704	0.048	6.83525002940229e+18
0.0726	0.048	3.67805123933475e+19
0.0748	0.048	-4.04615221449995e+20
0.077	0.048	-4.46277661167379e+20
0.0792	0.048	-3.63050084408231e+20
0.0814	0.048	1.02523855379399e+21
0.0836	0.048	2.9480775007092e+20
0.0858	0.048	6.72465819821812e+20
0.088	0.048	5.48379027469605e+21
0.0902	0.048	1.96037928043105e+21
0.0924	0.048	-2.85567070991137e+21
0.0946	0.048	-2.73515946263912e+21
0.0968	0.048	-2.00159308589208e+21
0.099	0.048	-1.51278581906863e+21
0.1012	0.048	-1.08270459439485e+21
0.1034	0.048	-8.07066705477263e+20
0.1056	0.048	-6.42128475756523e+20
0.1078	0.048	-5.02394889012514e+20
0.11	0.048	-3.96135442902025e+20
0	0.0512	-12.5089395791969
0.0022	0.0512	-21.3527356680168
0.0044	0.0512	90.2891921679064
0.0066	0.0512	-203.515455446299
0.0088	0.0512	962.715504181708
0.011	0.0512	-5068.06863918685
0.0132	0.0512	-20111.354972184
0.0154	0.0512	36662.0133022658
0.0176	0.0512	80748.8631592172
0.0198	0.0512	2403371.46522772
0.022	0.0512	-2314065.29707816
0.0242	0.0512	1344886.4578956
0.0264	0.0512	-53968006.2700436
0.0286	0.0512	69289203.0662924
0.0308	0.0512	-725148550.828216
0.033	0.0512	-4581848021.33455
0.0352	0.0512	3621030995.28783
0.0374	0.0512	70975982747.1989
0.0396	0.0512	356343489468.017
0.0418	0.0512	774333633018.351
0.044	0.0512	385104390144.073
0.0462	0.0512	912196077998.498
0.0484	0.0512	-3441128269103.72
0.0506	0.0512	32901946470151.7
0.0528	0.0512	-298366232061726
0.055	0.0512	1.79058344891713e+15
0.0572	0.0512	-1.02973689830137e+16
0.0594	0.0512	5.66615875626239e+16
0.0616	0.0512	-2.94692662003643e+17
0.0638	0.0512	1.4214275866824e+18
0.066	0.0512	-6.15598376463761e+18
0.0682	0.0512	2.24040830685193e+19
0.0704	0.0512	-5.62833195054499e+19
0.0726	0.0512	-1.26773981177409e+19
0.0748	0.0512	1.21037684468133e+21
0.077	0.0512	1.44857284853737e+21
0.0792	0.0512	1.12952918155532e+21
0.0814	0.0512	-4.35050468657952e+21
0.0836	0.0512	-1.55581461200181e+21
0.0858	0.0512	-3.00128506233061e+21
0.088	0.0512	-2.23347899292782e+22
0.0902	0.0512	-8.66166948585348e+21
0.0924	0.0512	1.0545631781107e+22
0.0946	0.0512	1.03055810384836e+22
0.0968	0.0512	7.58145368748161e+21
0.099	0.0512	5.78261360059584e+21
0.1012	0.0512	4.17598077627286e+21
0.1034	0.0512	3.15513773270939e+21
0.1056	0.0512	2.55362711499518e+21
0.1078	0.0512	2.0417378711442e+21
0.11	0.0512	1.64983617307242e+21
0	0.0544	13.2426379670422
0.0022	0.0544	-36.886749755207
0.0044	0.0544	186.385928754464
0.0066	0.0544	-282.460150774334
0.0088	0.0544	849.121364750907
0.011	0.0544	-4648.27632560436
0.0132	0.0544	-24064.9486315573
0.0154	0.0544	40814.8836027087
0.0176	0.0544	80717.0291388789
0.0198	0.0544	2445558.3436928
0.022	0.0544	-1763965.35627374
0.0242	0.0544	-1319789.10843848
0.0264	0.0544	-44504260.1920415
0.0286	0.0544	15664672.4943435
0.0308	0.0544	-498213374.360619
0.033	0.0544	-5788165926.99435
0.0352	0.0544	6451575534.70724
0.0374	0.0544	61288683061.606
0.0396	0.0544	440385045537.317
0.0418	0.0544	711415884619.11
0.044	0.0544	1031329903695.96
0.0462	0.0544	-1490276942073.27
0.0484	0.0544	9046146054671.01
0.0506	0.0544	-84384376044509.8
0.0528	0.0544	753967587124766
0.055	0.0544	-4.75420313547858e+15
0.0572	0.0544	2.89117329433835e+16
0.0594	0.0544	-1.69263936380447e+17
0.0616	0.0544	9.44159419703982e+17
0.0638	0.0544	-4.94042434766327e+18
0.066	0.0544	2.36497443438146e+19
0.0682	0.0544	-9.88800891508587e+19
0.0704	0.0544	3.23549068415503e+20
0.0726	0.0544	-5.06394704621167e+20
0.0748	0.0544	-2.87403248209548e+21
0.077	0.0544	-4.1351154279805e+21
0.0792	0.0544	-2.90025467387994e+21
0.0814	0.0544	1.89140880307695e+22
0.0836	0.0544	8.19854314340345e+21
0.0858	0.0544	1.3768892569619e+22
0.088	0.0544	9.22244091662178e+22
0.0902	0.0544	3.89189807072899e+22
0.0924	0.0544	-3.83225856453828e+22
0.0946	0.0544	-3.83982759395966e+22
0.0968	0.0544	-2.8319826514972e+22
0.099	0.0544	-2.17486962491742e+22
0.1012	0.0544	-1.57713946976143e+22
0.1034	0.0544	-1.2022422986936e+22
0.1056	0.0544	-9.86531418227528e+21
0.1078	0.0544	-8.0230145635553e+21
0.11	0.0544	-6.60483319628205e+21
0	0.0576	-50.9540373946251
0.0022	0.0576	-0.383722163486872
0.0044	0.0576	8.30139133225632
0.0066	0.0576	213.709252379586
0.0088	0.0576	-706.780840330384
0.011	0.0576	470.548602427321
0.0132	0.0576	-42919.5596140033
0.0154	0.0576	94018.4806505716
0.0176	0.0576	-68900.8614239405
0.0198	0.0576	3034651.83925297
0.022	0.0576	-3250753.45167143
0.0242	0.0576	3331692.33521917
0.0264	0.0576	-62281942.1984049
0.0286	0.0576	78371580.085534
0.0308	0.0576	-760054488.13189
0.033	0.0576	-5047888961.19558
0.0352	0.0576	2085741203.43033
0.0374	0.0576	85799119794.6496
0.0396	0.0576	389518278454.273
0.0418	0.0576	1182368094996.4
0.044	0.0576	-121827936227.652
0.0462	0.0576	4481322758609.92
0.0484	0.0576	-21246414673766.6
0.0506	0.0576	197959538622905
0.0528	0.0576	-1.75921158716443e+15
0.055	0.0576	1.16786580237131e+16
0.0572	0.0576	-7.52499915874003e+16
0.0594	0.0576	4.6968700008184e+17
0.0616	0.0576	-2.81503029298399e+18
0.0638	0.0576	1.59931749321768e+19
0.066	0.0576	-8.44225387727637e+19
0.0682	0.0576	3.99959416563996e+20
0.0704	0.0576	-1.5832345861255e+21
0.0726	0.0576	4.22384911974102e+21
0.0748	0.0576	2.01678915967655e+21
0.077	0.0576	8.40956562010029e+21
0.0792	0.0576	3.55078005683514e+21
0.0814	0.0576	-8.43099775484381e+22
0.0836	0.0576	-4.31086232881549e+22
0.0858	0.0576	-6.4825647209692e+22
0.088	0.0576	-3.8738879676004e+23
0.0902	0.0576	-1.78264923304231e+23
0.0924	0.0576	1.35805118801348e+23
0.0946	0.0576	1.40691337563871e+23
0.0968	0.0576	1.03584682739893e+23
0.099	0.0576	7.9827118714985e+22
0.1012	0.0576	5.77065653550353e+22
0.1034	0.0576	4.41008065449739e+22
0.1056	0.0576	3.65587977765627e+22
0.1078	0.0576	3.01044553391216e+22
0.11	0.0576	2.51181133339227e+22
0	0.0608	76.316223681667
0.0022	0.0608	-150.357872475495
0.0044	0.0608	375.321001922886
0.0066	0.0608	-567.655748189685
0.0088	0.0608	1266.36376129423
0.011	0.0608	-5809.82268105322
0.0132	0.0608	-24635.6472435738
0.0154	0.0608	21115.8104120386
0.0176	0.0608	195829.49071093
0.0198	0.0608	2177676.05532045
0.022	0.0608	437646.505211266
0.0242	0.0608	-10106735.9970954
0.0264	0.0608	-15496118.7185318
0.0286	0.0608	-115500424.825499
0.0308	0.0608	-3537615.9388237
0.033	0.0608	-8290284542.81404
0.0352	0.0608	12559986174.5732
0.0374	0.0608	46407830936.3888
0.0396	0.0608	599767086386.139
0.0418	0.0608	644471058953.277
0.044	0.0608	2810247465549.54
0.0462	0.0608	-8149092325731.41
0.0484	0.0608	45595272015673.1
0.0506	0.0608	-421235832938765
0.0528	0.0608	3.71758580429702e+15
0.055	0.0608	-2.60385534450415e+16
0.0572	0.0608	1.78200618867723e+17
0.0594	0.0608	-1.18917227738314e+18
0.0616	0.0608	7.68156705804094e+18
0.0638	0.0608	-4.75253279862572e+19
0.066	0.0608	2.7711794364011e+20
0.0682	0.0608	-1.48270811670024e+21
0.0704	0.0608	6.91905032423708e+21
0.0726	0.0608	-2.48670986458804e+22
0.0748	0.0608	3.71483166664674e+22
0.077	0.0608	5.60538702008343e+21
0.0792	0.0608	2.52513349473349e+22
0.0814	0.0608	3.85180111160505e+23
0.0836	0.0608	2.26144875811367e+23
0.0858	0.0608	3.12543932654993e+23
0.088	0.0608	1.66277125717837e+24
0.0902	0.0608	8.35033263738883e+23
0.0924	0.0608	-4.61470831816644e+23
0.0946	0.0608	-5.02240538325018e+23
0.0968	0.0608	-3.66554198899898e+23
0.099	0.0608	-2.8198889661379e+23
0.1012	0.0608	-2.00717633385634e+23
0.1034	0.0608	-1.52209166853602e+23
0.1056	0.0608	-1.26920645334018e+23
0.1078	0.0608	-1.05300160130638e+23
0.11	0.0608	-8.8585043618431e+22
0	0.064	-87.6969904272301
0.0022	0.064	67.8881630536914
0.0044	0.064	-274.065546222736
0.0066	0.064	1260.21843910055
0.0088	0.064	-4196.80724639124
0.011	0.064	11089.1264494256
0.0132	0.064	-80588.8985160882
0.0154	0.064	191988.097827398
0.0176	0.064	-341528.875141451
0.0198	0.064	4079669.40384472
0.022	0.064	-5488129.27968482
0.0242	0.064	9988088.89358696
0.0264	0.064	-88228196.5676814
0.0286	0.064	157303516.438714
0.0308	0.064	-1087091925.61842
0.033	0.064	-4309363986.90203
0.0352	0.064	-5069098216.01143
0.0374	0.064	124714010467.862
0.0396	0.064	333587958878.56
0.0418	0.064	2083547384453.44
0.044	0.064	-2353863185344.68
0.0462	0.064	16827641795169.7
0.0484	0.064	-86128716127499.8
0.0506	0.064	791888656512564
0.0528	0.064	-6.9074477008151e+15
0.055	0.064	5.1164002533362e+16
0.0572	0.064	-3.72978103583104e+17
0.0594	0.064	2.67052225405537e+18
0.0616	0.064	-1.86724492417846e+19
0.0638	0.064	1.26434936014505e+20
0.066	0.064	-8.18638769512367e+20
0.0682	0.064	4.96524927713108e+21
0.0704	0.064	-2.7179283074901e+22
0.0726	0.064	1.23774932359192e+23
0.0748	0.064	-3.58067281633651e+23
0.077	0.064	-2.05475529306868e+23
0.0792	0.064	-2.88512216818647e+23
0.0814	0.064	-1.80224064218603e+24
0.0836	0.064	-1.18421306186334e+24
0.0858	0.064	-1.54101943350467e+24
0.088	0.064	-7.34262215577532e+24
0.0902	0.064	-4.02064921517788e+24
0.0924	0.064	1.45137913065637e+24
0.0946	0.064	1.71918077892276e+24
0.0968	0.064	1.22803762913334e+24
0.099	0.064	9.34574763409556e+23
0.1012	0.064	6.38982673520309e+23
0.1034	0.064	4.70899536438195e+23
0.1056	0.064	3.92491544688218e+23
0.1078	0.064	3.25982042701343e+23
0.11	0.064	2.74771322224895e+23
0	0.0672	39.4704995075786
0.0022	0.0672	-176.707541697392
0.0044	0.0672	418.095712148365
0.0066	0.0672	-641.557778829248
0.0088	0.0672	1628.14570016169
0.011	0.0672	-8483.74529596493
0.0132	0.0672	-16478.0212104742
0.0154	0.0672	-41297.481311958
0.0176	0.0672	479661.869454835
0.0198	0.0672	1302616.31154999
0.022	0.0672	4928634.91662658
0.0242	0.0672	-26867956.850635
0.0264	0.0672	41071210.6151506
0.0286	0.0672	-351119602.744462
0.0308	0.0672	881676483.133671
0.033	0.0672	-12298527491.2762
0.0352	0.0672	23958000653.9505
0.0374	0.0672	10679432180.7685
0.0396	0.0672	860188222423.607
0.0418	0.0672	253314591306.759
0.044	0.0672	6644088966222.4
0.0462	0.0672	-24340202851684.2
0.0484	0.0672	138794447630080
0.0506	0.0672	-1.25802344205139e+15
0.0528	0.0672	1.07360312021967e+16
0.055	0.0672	-8.43058836234282e+16
0.0572	0.0672	6.56767523311884e+17
0.0594	0.0672	-5.06699576721946e+18
0.0616	0.0672	3.8563939923774e+19
0.0638	0.0672	-2.87849100245055e+20
0.066	0.0672	2.08816805561219e+21
0.0682	0.0672	-1.45058273495982e+22
0.0704	0.0672	9.39738983091974e+22
0.0726	0.0672	-5.37570416960772e+23
0.0748	0.0672	2.33529094270861e+24
0.077	0.0672	1.61438873210319e+24
0.0792	0.0672	1.99088480201938e+24
0.0814	0.0672	8.64950384520556e+24
0.0836	0.0672	6.2062689556354e+24
0.0858	0.0672	7.79354916108873e+24
0.088	0.0672	3.37736806643918e+25
0.0902	0.0672	2.0097800849783e+25
0.0924	0.0672	-3.8423954288345e+24
0.0946	0.0672	-5.48135398889751e+24
0.0968	0.0672	-3.7317777496725e+24
0.099	0.0672	-2.75923269020843e+24
0.1012	0.0672	-1.69856696958355e+24
0.1034	0.0672	-1.14455828080719e+24
0.1056	0.0672	-9.42132789371277e+23
0.1078	0.0672	-7.75525648683717e+23
0.11	0.0672	-6.4884011793452e+23
0	0.0704	166.738496850548
0.0022	0.0704	-156.259404108963
0.0044	0.0704	-72.7745964078131
0.0066	0.0704	1167.75961939457
0.0088	0.0704	-4486.0629078384
0.011	0.0704	11893.0212807781
0.0132	0.0704	-87855.5755190336
0.0154	0.0704	190081.870331661
0.0176	0.0704	-296829.457585033
0.0198	0.0704	4142146.60183092
0.022	0.0704	-4532651.34567708
0.0242	0.0704	6744485.63384106
0.0264	0.0704	-83599680.5110223
0.0286	0.0704	133587501.975224
0.0308	0.0704	-1083866684.52005
0.033	0.0704	-4623972709.39404
0.0352	0.0704	-9658668944.52681
0.0374	0.0704	157538798221.661
0.0396	0.0704	302055310135.582
0.0418	0.0704	3072212336111.81
0.044	0.0704	-4661853421285.85
0.0462	0.0704	32090785583008.9
0.0484	0.0704	-175787231002289
0.0506	0.0704	1.55150564523795e+15
0.0528	0.0704	-1.26232909958133e+16
0.055	0.0704	1.05446856448088e+17
0.0572	0.0704	-8.81369570409444e+17
0.0594	0.0704	7.36400782783171e+18
0.0616	0.0704	-6.14339181751832e+19
0.0638	0.0704	5.10550609094095e+20
0.066	0.0704	-4.20844862434407e+21
0.0682	0.0704	3.4132698662918e+22
0.0704	0.0704	-2.68230288534547e+23
0.0726	0.0704	1.97723227230521e+24
0.0748	0.0704	-1.25678150154316e+25
0.077	0.0704	-9.36603952840629e+24
0.0792	0.0704	-1.12630508681379e+25
0.0814	0.0704	-4.32950362500337e+25
0.0836	0.0704	-3.29443864942342e+25
0.0858	0.0704	-4.12844875560094e+25
0.088	0.0704	-1.66633795859322e+26
0.0902	0.0704	-1.06705323172826e+26
0.0924	0.0704	5.51784468745719e+24
0.0946	0.0704	1.56467850667444e+25
0.0968	0.0704	9.54918798271374e+24
0.099	0.0704	6.60170591310746e+24
0.1012	0.0704	2.81709339374562e+24
0.1034	0.0704	1.13998486311917e+24
0.1056	0.0704	8.90081149532714e+23
0.1078	0.0704	7.2722336189524e+23
0.11	0.0704	6.03336765023194e+23
0	0.0736	-372.832307848346
0.0022	0.0736	439.981304407644
0.0044	0.0736	-928.150511964091
0.0066	0.0736	2681.1869827984
0.0088	0.0736	-7092.30311748316
0.011	0.0736	14636.2516362559
0.0132	0.0736	-85888.3568617082
0.0154	0.0736	133779.424508646
0.0176	0.0736	1683.55916453851
0.0198	0.0736	2955403.49225602
0.022	0.0736	1053768.9271158
0.0242	0.0736	-15054217.2115569
0.0264	0.0736	-2225833.32172587
0.0286	0.0736	-212347954.42055
0.0308	0.0736	335415982.291747
0.033	0.0736	-10830657066.7584
0.0352	0.0736	13637474845.2839
0.0374	0.0736	59121074909.1458
0.0396	0.0736	810082873979.008
0.0418	0.0736	1203709121765.13
0.044	0.0736	5844424378035.07
0.0462	0.0736	-20801713736342.5
0.0484	0.0736	146633847580304
0.0506	0.0736	-1.18190242742526e+15
0.0528	0.0736	8.18753685773934e+15
0.055	0.0736	-7.41616687924782e+16
0.0572	0.0736	6.74650512889704e+17
0.0594	0.0736	-6.16890423507094e+18
0.0616	0.0736	5.69969052829075e+19
0.0638	0.0736	-5.35155038909171e+20
0.066	0.0736	5.13650680634229e+21
0.0682	0.0736	-5.06886878893643e+22
0.0704	0.0736	5.16809756329859e+23
0.0726	0.0736	-5.46191552252057e+24
0.0748	0.0736	5.98999969980703e+25
0.077	0.0736	4.79372469930874e+25
0.0792	0.0736	5.9416967822262e+25
0.0814	0.0736	2.53065864863901e+26
0.0836	0.0736	1.85250282218869e+26
0.0858	0.0736	2.56476452330598e+26
0.088	0.0736	9.72553234611482e+26
0.0902	0.0736	6.32904521801851e+26
0.0924	0.0736	2.36162914006638e+24
0.0946	0.0736	-6.29702748274177e+25
0.0968	0.0736	-3.65522159014942e+25
0.099	0.0736	-2.4971936297807e+25
0.1012	0.0736	-7.12745338183871e+24
0.1034	0.0736	-1.39856019041731e+23
0.1056	0.0736	-3.50779300706921e+23
0.1078	0.0736	-7.32535080643541e+23
0.11	0.0736	-8.86989017331148e+23
0	0.0768	473.406782959723
0.0022	0.0768	-722.370915573601
0.0044	0.0768	1303.12037404207
0.0066	0.0768	-2710.79214747293
0.0088	0.0768	7383.8776537823
0.011	0.0768	-26813.4126883144
0.0132	0.0768	33821.6836525628
0.0154	0.0768	-241761.886476135
0.0176	0.0768	1178094.55063103
0.0198	0.0768	-563231.461285533
0.022	0.0768	12614927.6611307
0.0242	0.0768	-51317626.5154177
0.0264	0.0768	109505479.274257
0.0286	0.0768	-592411474.017713
0.0308	0.0768	1560521646.77158
0.033	0.0768	-15005688062.3
0.0352	0.0768	23902198941.9093
0.0374	0.0768	41107006084.4958
0.0396	0.0768	883894935375.049
0.0418	0.0768	1690299024977.76
0.044	0.0768	3871052434793.41
0.0462	0.0768	-10192863639.0044
0.0484	0.0768	-19949944939244.4
0.0506	0.0768	-118858437968982
0.0528	0.0768	4.17177325691245e+15
0.055	0.0768	-2.94916720637019e+16
0.0572	0.0768	2.1436238299603e+17
0.0594	0.0768	-1.69251709962151e+18
0.0616	0.0768	1.51423179034391e+19
0.0638	0.0768	-1.55659881306434e+20
0.066	0.0768	1.79240817604343e+21
0.0682	0.0768	-2.21663465927195e+22
0.0704	0.0768	2.84576539089871e+23
0.0726	0.0768	-3.71915783833224e+24
0.0748	0.0768	4.90253580449025e+25
0.077	0.0768	4.79953556920442e+25
0.0792	0.0768	4.59460109910382e+25
0.0814	0.0768	2.1448447956401e+26
0.0836	0.0768	1.80635786385772e+26
0.0858	0.0768	1.77448847726083e+26
0.088	0.0768	7.52349056155026e+26
0.0902	0.0768	6.28863289330842e+26
0.0924	0.0768	1.02493609460905e+26
0.0946	0.0768	-5.69833294683533e+25
0.0968	0.0768	-2.55992141094231e+25
0.099	0.0768	-7.45322422770202e+24
0.1012	0.0768	5.16500137994611e+24
0.1034	0.0768	1.79426813332679e+22
0.1056	0.0768	-6.62454617245172e+23
0.1078	0.0768	-9.69267500283954e+23
0.11	0.0768	-1.09961036752924e+24
0	0.08	-418.142920261446
0.0022	0.08	846.603991782496
0.0044	0.08	-2226.53278485878
0.0066	0.08	6528.08252571097
0.0088	0.08	-18724.3085051225
0.011	0.08	50059.3922660748
0.0132	0.08	-204407.003209459
0.0154	0.08	492517.617781728
0.0176	0.08	-1171489.34401244
0.0198	0.08	7234843.03890771
0.022	0.08	-12450724.7951295
0.0242	0.08	32478841.0962849
0.0264	0.08	-178919994.990889
0.0286	0.08	457024010.090459
0.0308	0.08	-2357378635.96587
0.033	0.08	-650173439.695866
0.0352	0.08	-33054592290.5001
0.0374	0.08	257836269439.223
0.0396	0.08	148752822847.406
0.0418	0.08	4929590260640.31
0.044	0.08	-6401325568990.63
0.0462	0.08	39135022045188.3
0.0484	0.08	-155677817789253
0.0506	0.08	1.77205937480607e+15
0.0528	0.08	-1.76953447693462e+16
0.055	0.08	1.34722189387964e+17
0.0572	0.08	-1.01943670673341e+18
0.0594	0.08	7.65993395890534e+18
0.0616	0.08	-5.65735088706782e+19
0.0638	0.08	4.01284861172636e+20
0.066	0.08	-2.5771177096313e+21
0.0682	0.08	1.21316041633256e+22
0.0704	0.08	2.1493482090575e+22
0.0726	0.08	-1.85322599844242e+24
0.0748	0.08	3.87008617623905e+25
0.077	0.08	6.01488012507422e+25
0.0792	0.08	7.12782561460045e+25
0.0814	0.08	2.20025325733019e+26
0.0836	0.08	1.60134210628335e+26
0.0858	0.08	2.48249905301373e+26
0.088	0.08	8.09403580760303e+26
0.0902	0.08	4.85601109378167e+26
0.0924	0.08	-4.79648044648818e+24
0.0946	0.08	-3.76511758886558e+25
0.0968	0.08	-2.11976227686555e+25
0.099	0.08	-2.64121664015721e+24
0.1012	0.08	-2.75078251990244e+24
0.1034	0.08	-6.77193739449513e+23
0.1056	0.08	-4.95905629875796e+23
0.1078	0.08	-1.0194385445281e+24
0.11	0.08	-1.12914921279822e+24
0	0.0832	157.955237448013
0.0022	0.0832	-492.284397564368
0.0044	0.0832	1470.47084619806
0.0066	0.0832	-4394.96917115551
0.0088	0.0832	14778.824093281
0.011	0.0832	-55939.2214165723
0.0132	0.0832	133958.477550411
0.0154	0.0832	-630968.352155864
0.0176	0.0832	2568945.12864132
0.0198	0.0832	-5116725.21091669
0.022	0.0832	29820131.2060564
0.0242	0.0832	-110780212.267665
0.0264	0.0832	311213511.590895
0.0286	0.0832	-1368183133.79292
0.0308	0.0832	4461487639.70461
0.033	0.0832	-26741080979.7192
0.0352	0.0832	63797537013.5138
0.0374	0.0832	-109458678610.49
0.0396	0.0832	1668354518558.36
0.0418	0.0832	-593892657945.608
0.044	0.0832	18472521809265
0.0462	0.0832	-64226217056824.6
0.0484	0.0832	349598843039697
0.0506	0.0832	-3.46360256347924e+15
0.0528	0.0832	3.06607156112718e+16
0.055	0.0832	-2.38326190751991e+17
0.0572	0.0832	1.86019821602532e+18
0.0594	0.0832	-1.46962856735956e+19
0.0616	0.0832	1.18783027580892e+20
0.0638	0.0832	-9.98633044422457e+20
0.066	0.0832	8.92339829692568e+21
0.0682	0.0832	-8.65076208423824e+22
0.0704	0.0832	9.18580008868604e+23
0.0726	0.0832	-1.06041306816631e+25
0.0748	0.0832	1.30461048088205e+26
0.077	0.0832	1.64630933803774e+26
0.0792	0.0832	1.76181243579621e+26
0.0814	0.0832	1.87050700809037e+26
0.0836	0.0832	1.57705995570166e+26
0.0858	0.0832	1.62156808341958e+26
0.088	0.0832	5.8962042378515e+26
0.0902	0.0832	5.08777951258869e+26
0.0924	0.0832	1.11705562344301e+26
0.0946	0.0832	-4.07866285541226e+25
0.0968	0.0832	-1.12588838151091e+25
0.099	0.0832	-1.41003247091973e+24
0.1012	0.0832	1.74313727850181e+24
0.1034	0.0832	1.17012209539934e+23
0.1056	0.0832	-9.47834842307812e+23
0.1078	0.0832	-1.25069928056008e+24
0.11	0.0832	-1.37317422354734e+24
0	0.0864	23.1108509941819
0.0022	0.0864	379.574666951429
0.0044	0.0864	-1442.36845679414
0.0066	0.0864	5089.66778716987
0.0088	0.0864	-16211.665664327
0.011	0.0864	45883.6674073473
0.0132	0.0864	-209429.738076991
0.0154	0.0864	512713.156995925
0.0176	0.0864	-1334448.5495689
0.0198	0.0864	8487532.29668871
0.022	0.0864	-16592257.750006
0.0242	0.0864	51337012.6663604
0.0264	0.0864	-266499045.510779
0.0286	0.0864	825615089.12233
0.0308	0.0864	-4048359979.07897
0.033	0.0864	6202797997.08223
0.0352	0.0864	-69645830732.4478
0.0374	0.0864	424811775144.751
0.0396	0.0864	-399247133200.023
0.0418	0.0864	8529398093285.04
0.044	0.0864	-17838664179307.3
0.0462	0.0864	103340709383675
0.0484	0.0864	-511273705084408
0.0506	0.0864	4.73143539238491e+15
0.0528	0.0864	-3.91168833122428e+16
0.055	0.0864	2.98967471333653e+17
0.0572	0.0864	-2.23714512443721e+18
0.0594	0.0864	1.61167525860504e+19
0.0616	0.0864	-1.07576348302756e+20
0.0638	0.0864	5.9778476518712e+20
0.066	0.0864	-1.49822113865044e+21
0.0682	0.0864	-2.94255391486138e+22
0.0704	0.0864	7.60577720051346e+23
0.0726	0.0864	-1.27705778822753e+25
0.0748	0.0864	1.87530789562846e+26
0.077	0.0864	2.20059504638374e+26
0.0792	0.0864	2.27864931998457e+26
0.0814	0.0864	2.68028289632928e+26
0.0836	0.0864	2.93959478413543e+26
0.0858	0.0864	3.40218026833123e+26
0.088	0.0864	6.50668852758099e+26
0.0902	0.0864	3.77337241590754e+26
0.0924	0.0864	-2.0337623212681e+25
0.0946	0.0864	-1.83166086375773e+25
0.0968	0.0864	-1.40006466699939e+25
0.099	0.0864	-2.11225454244009e+23
0.1012	0.0864	-1.05552390595091e+24
0.1034	0.0864	-9.19271010477824e+23
0.1056	0.0864	-8.27385407591503e+23
0.1078	0.0864	-1.36622866653962e+24
0.11	0.0864	-1.44154633061108e+24
0	0.0896	-785.362315609968
0.0022	0.0896	560.24769861953
0.0044	0.0896	-131.472621849091
0.0066	0.0896	-1276.24147916604
0.0088	0.0896	7891.65269514404
0.011	0.0896	-40821.4147939634
0.0132	0.0896	92372.2200498416
0.0154	0.0896	-564096.829034941
0.0176	0.0896	2450734.69572481
0.0198	0.0896	-4599466.53552216
0.022	0.0896	30083755.9009097
0.0242	0.0896	-112661275.974133
0.0264	0.0896	314156063.914125
0.0286	0.0896	-1408980093.69587
0.0308	0.0896	4613146911.05144
0.033	0.0896	-28230054530.4851
0.0352	0.0896	64825012994.2306
0.0374	0.0896	-116662023776.474
0.0396	0.0896	1949775543819.87
0.0418	0.0896	-876627874830.56
0.044	0.0896	27145932188692
0.0462	0.0896	-105391027261226
0.0484	0.0896	646373341958553
0.0506	0.0896	-5.70223062442198e+15
0.0528	0.0896	4.59996487791978e+16
0.055	0.0896	-3.81086604558796e+17
0.0572	0.0896	3.2232233095209e+18
0.0594	0.0896	-2.79821165125152e+19
0.0616	0.0896	2.50868967262202e+20
0.0638	0.0896	-2.33641548681517e+21
0.066	0.0896	2.27070741791954e+22
0.0682	0.0896	-2.30767709254133e+23
0.0704	0.0896	2.44995852384648e+24
0.0726	0.0896	-2.70690715490761e+25
0.0748	0.0896	3.09528042801906e+26
0.077	0.0896	3.57093451668006e+26
0.0792	0.0896	3.68979164740854e+26
0.0814	0.0896	4.17298718262414e+26
0.0836	0.0896	4.34356133572042e+26
0.0858	0.0896	4.85280627871982e+26
0.088	0.0896	4.43707226901382e+26
0.0902	0.0896	4.18821900072789e+26
0.0924	0.0896	1.19872504436696e+26
0.0946	0.0896	-3.21713470200231e+25
0.0968	0.0896	-2.10668885567856e+24
0.099	0.0896	-1.68028906944002e+24
0.1012	0.0896	6.19493608867505e+23
0.1034	0.0896	-2.65577643070644e+23
0.1056	0.0896	-1.2892914815031e+24
0.1078	0.0896	-1.64496397148485e+24
0.11	0.0896	-1.70466980471937e+24
0	0.0928	931.471610230941
0.0022	0.0928	-1473.61348666711
0.0044	0.0928	2776.00698336323
0.0066	0.0928	-5358.16030127896
0.0088	0.0928	11638.8979649519
0.011	0.0928	-33521.8534611954
0.0132	0.0928	16386.7295246623
0.0154	0.0928	-201740.293590765
0.0176	0.0928	867064.789024511
0.0198	0.0928	2030314.93034063
0.022	0.0928	4985511.55092822
0.0242	0.0928	-15910088.552875
0.0264	0.0928	-60080539.5600288
0.0286	0.0928	104574376.232624
0.0308	0.0928	-1654277505.16434
0.033	0.0928	-2471174428.62694
0.0352	0.0928	-47285821259.2246
0.0374	0.0928	360895663972.992
0.0396	0.0928	-5835887836.34302
0.0418	0.0928	8520114967359.75
0.044	0.0928	-12903515790063.4
0.0462	0.0928	100986409903271
0.0484	0.0928	-540770288449667
0.0506	0.0928	4.4363587903751e+15
0.0528	0.0928	-3.0444118700319e+16
0.055	0.0928	2.34476170020204e+17
0.0572	0.0928	-1.79630229579847e+18
0.0594	0.0928	1.35511054810199e+19
0.0616	0.0928	-9.90507170563284e+19
0.0638	0.0928	6.77324319492449e+20
0.066	0.0928	-3.93955851640471e+21
0.0682	0.0928	1.20752996170831e+22
0.0704	0.0928	1.61425296215742e+23
0.0726	0.0928	-4.72623727512754e+24
0.0748	0.0928	8.35274639804677e+25
0.077	0.0928	9.05644307553683e+25
0.0792	0.0928	9.12405973010302e+25
0.0814	0.0928	9.83980604114825e+25
0.0836	0.0928	1.0012811885218e+26
0.0858	0.0928	1.07258242435401e+26
0.088	0.0928	1.25816554828879e+26
0.0902	0.0928	1.53093909674062e+26
0.0924	0.0928	2.42818199865819e+23
0.0946	0.0928	-1.47656747587325e+25
0.0968	0.0928	-9.26352018075845e+24
0.099	0.0928	1.04163207859557e+24
0.1012	0.0928	-6.8738336024447e+23
0.1034	0.0928	-1.26323977965389e+24
0.1056	0.0928	-1.31533492986397e+24
0.1078	0.0928	-1.82029071921898e+24
0.11	0.0928	-1.82510897710595e+24
0	0.096	-702.292696850765
0.0022	0.096	1071.22332092521
0.0044	0.096	-2402.71892608106
0.0066	0.096	6573.35071860877
0.0088	0.096	-17842.8494860134
0.011	0.096	41864.9336322373
0.0132	0.096	-185622.608003273
0.0154	0.096	315410.082878659
0.0176	0.096	-484075.630634124
0.0198	0.096	5716221.451055
0.022	0.096	-3550924.99211682
0.0242	0.096	3758648.8443797
0.0264	0.096	-101139125.024116
0.0286	0.096	137350328.401923
0.0308	0.096	-1338594861.85227
0.033	0.096	-6136162465.23419
0.0352	0.096	-26747410435.2996
0.0374	0.096	238742976187.106
0.0396	0.096	816049035323.025
0.0418	0.096	4795266800312.11
0.044	0.096	12429516048480.8
0.0462	0.096	-36948274236674.2
0.0484	0.096	383660714987308
0.0506	0.096	-2.31557521693764e+15
0.0528	0.096	1.1697126392975e+16
0.055	0.096	-7.44371546944402e+16
0.0572	0.096	4.30229499390777e+17
0.0594	0.096	-1.95163122033432e+18
0.0616	0.096	2.05866173525394e+18
0.0638	0.096	1.06650623356806e+20
0.066	0.096	-1.95391908305627e+21
0.0682	0.096	2.50852280559286e+22
0.0704	0.096	-2.74983455562323e+23
0.0726	0.096	2.66556535263628e+24
0.0748	0.096	-2.20968494261268e+25
0.077	0.096	-2.47619306423749e+25
0.0792	0.096	-2.53104570432707e+25
0.0814	0.096	-2.80910144603183e+25
0.0836	0.096	-2.90853554340476e+25
0.0858	0.096	-3.19768525398623e+25
0.088	0.096	-3.73769114914174e+25
0.0902	0.096	-4.55719918231432e+25
0.0924	0.096	-8.61474831415612e+24
0.0946	0.096	-5.3721275643985e+24
0.0968	0.096	-3.61612304913925e+24
0.099	0.096	-3.9604941710236e+23
0.1012	0.096	-1.71614255542425e+23
0.1034	0.096	-9.95199233157136e+23
0.1056	0.096	-1.78866272572326e+24
0.1078	0.096	-2.171452435867e+24
0.11	0.096	-2.11163725294453e+24
0	0.0992	665.654837577864
0.0022	0.0992	-1378.64788023756
0.0044	0.0992	3114.15326069492
0.0066	0.0992	-7005.22938840143
0.0088	0.0992	17956.1709444501
0.011	0.0992	-57808.5884032092
0.0132	0.0992	95773.6883222049
0.0154	0.0992	-527571.258533803
0.0176	0.0992	2010340.72205277
0.0198	0.0992	-1526862.9732469
0.022	0.0992	18962792.4793492
0.0242	0.0992	-63381379.621887
0.0264	0.0992	97452755.8020457
0.0286	0.0992	-510998485.758926
0.0308	0.0992	651802602.296717
0.033	0.0992	-12222662433.3708
0.0352	0.0992	-15333173755.3756
0.0374	0.0992	229971864691.363
0.0396	0.0992	810954398706.832
0.0418	0.0992	6429459548917.8
0.044	0.0992	5352019187822.09
0.0462	0.0992	31277235297499
0.0484	0.0992	-128800398436459
0.0506	0.0992	809335985636757
0.0528	0.0992	-1.17028792300533e+15
0.055	0.0992	-3.56792181166941e+15
0.0572	0.0992	1.26415485316745e+17
0.0594	0.0992	-1.76022305430546e+18
0.0616	0.0992	1.9581410390961e+19
0.0638	0.0992	-1.93990651149815e+20
0.066	0.0992	1.76591881637585e+21
0.0682	0.0992	-1.48195629421509e+22
0.0704	0.0992	1.12488620954549e+23
0.0726	0.0992	-7.27688871144927e+23
0.0748	0.0992	3.24307636444689e+24
0.077	0.0992	3.8703607576004e+24
0.0792	0.0992	4.05006626829397e+24
0.0814	0.0992	4.72541304313718e+24
0.0836	0.0992	5.03634092463685e+24
0.0858	0.0992	5.76419445094826e+24
0.088	0.0992	7.21043071182134e+24
0.0902	0.0992	9.33342335837795e+24
0.0924	0.0992	1.79674233869602e+23
0.0946	0.0992	-7.81529090168328e+23
0.0968	0.0992	-1.23277337343789e+24
0.099	0.0992	-1.38570235130162e+24
0.1012	0.0992	-1.49412688569534e+24
0.1034	0.0992	-1.9864657515478e+24
0.1056	0.0992	-1.98949414991249e+24
0.1078	0.0992	-2.42689990633374e+24
0.11	0.0992	-2.2872731808991e+24
0	0.1024	-181.971444589953
0.0022	0.1024	877.487667858629
0.0044	0.1024	-3005.74292363188
0.0066	0.1024	9917.87339419234
0.0088	0.1024	-30309.0394326746
0.011	0.1024	83443.5990914352
0.0132	0.1024	-333784.165519637
0.0154	0.1024	768209.984694248
0.0176	0.1024	-2023992.34638678
0.0198	0.1024	11437544.0800301
0.022	0.1024	-21608168.3300764
0.0242	0.1024	67659848.0669312
0.0264	0.1024	-336004307.525885
0.0286	0.1024	1007857537.55508
0.0308	0.1024	-4734865688.25574
0.033	0.1024	6137290713.87397
0.0352	0.1024	-81035606997.5291
0.0374	0.1024	446291758148.132
0.0396	0.1024	297165895958.887
0.0418	0.1024	8282846243197.75
0.044	0.1024	8153291556271.67
0.0462	0.1024	-838019868812.436
0.0484	0.1024	240917711372899
0.0506	0.1024	83455451849973.4
0.0528	0.1024	-2.2098531911361e+15
0.055	0.1024	2.24033084333501e+16
0.0572	0.1024	-2.08244906201811e+17
0.0594	0.1024	1.82796407660672e+18
0.0616	0.1024	-1.52861091002401e+19
0.0638	0.1024	1.22027551212223e+20
0.066	0.1024	-9.28071046755187e+20
0.0682	0.1024	6.69730735163798e+21
0.0704	0.1024	-4.57921166653462e+22
0.0726	0.1024	3.01706801237859e+23
0.0748	0.1024	-2.0729308923854e+24
0.077	0.1024	-2.35537758975585e+24
0.0792	0.1024	-2.4312348596053e+24
0.0814	0.1024	-2.73137112494344e+24
0.0836	0.1024	-2.8574268157629e+24
0.0858	0.1024	-3.17907535076181e+24
0.088	0.1024	-3.61187898433122e+24
0.0902	0.1024	-4.30512200325379e+24
0.0924	0.1024	-2.07712900104527e+24
0.0946	0.1024	-1.9469594004996e+24
0.0968	0.1024	-1.90363608312794e+24
0.099	0.1024	-1.97917770700646e+24
0.1012	0.1024	-2.03078655292417e+24
0.1034	0.1024	-2.21414879299238e+24
0.1056	0.1024	-2.51890426961976e+24
0.1078	0.1024	-2.8739465883459e+24
0.11	0.1024	-2.60442226149436e+24
0	0.1056	-480.473206070495
0.0022	0.1056	102.403493164581
0.0044	0.1056	804.814781824022
0.0066	0.1056	-2855.11563825972
0.0088	0.1056	10520.763454002
0.011	0.1056	-47700.5847721855
0.0132	0.1056	84423.9088695747
0.0154	0.1056	-615653.858970202
0.0176	0.1056	2496573.01963246
0.0198	0.1056	-3224311.67096684
0.022	0.1056	27928370.3155221
0.0242	0.1056	-96849075.1047472
0.0264	0.1056	216099727.721318
0.0286	0.1056	-1020959115.03858
0.0308	0.1056	2707894860.64653
0.033	0.1056	-21719928807.3159
0.0352	0.1056	17746650913.3925
0.0374	0.1056	80171914414.3903
0.0396	0.1056	1786118656592.3
0.0418	0.1056	3777440866156.2
0.044	0.1056	28674613304533
0.0462	0.1056	-51792199260562.3
0.0484	0.1056	-11470009026229.3
0.0506	0.1056	-253506009921056
0.0528	0.1056	2.32307285081681e+15
0.055	0.1056	-1.88606243847115e+16
0.0572	0.1056	1.47260898621603e+17
0.0594	0.1056	-1.10383089939e+18
0.0616	0.1056	7.86973018467089e+18
0.0638	0.1056	-5.23253648051455e+19
0.066	0.1056	3.09997441766183e+20
0.0682	0.1056	-1.41960128144992e+21
0.0704	0.1056	1.21468209881452e+21
0.0726	0.1056	8.77169879236164e+22
0.0748	0.1056	-1.66943385507252e+24
0.077	0.1056	-1.74265386352483e+24
0.0792	0.1056	-1.74363521426002e+24
0.0814	0.1056	-1.81165897876249e+24
0.0836	0.1056	-1.81008444441116e+24
0.0858	0.1056	-1.87258367371718e+24
0.088	0.1056	-1.80242631313418e+24
0.0902	0.1056	-1.7690705946078e+24
0.0924	0.1056	-2.38533827157204e+24
0.0946	0.1056	-2.57579317496565e+24
0.0968	0.1056	-2.65408863257592e+24
0.099	0.1056	-2.79746980826291e+24
0.1012	0.1056	-2.86432570662878e+24
0.1034	0.1056	-2.98558875342265e+24
0.1056	0.1056	-3.0048188234845e+24
0.1078	0.1056	-3.21899237631323e+24
0.11	0.1056	-2.84714495091853e+24
0	0.1088	522.043741805455
0.0022	0.1088	-623.142226996354
0.0044	0.1088	416.75164138691
0.0066	0.1088	1545.5678382122
0.0088	0.1088	-7767.24728752119
0.011	0.1088	17509.3254505693
0.0132	0.1088	-145915.143027411
0.0154	0.1088	142158.23877908
0.0176	0.1088	-81034.7869691951
0.0198	0.1088	5794791.54367591
0.022	0.1088	-1880474.33660818
0.0242	0.1088	5629562.3391685
0.0264	0.1088	-143402018.993833
0.0286	0.1088	307004692.075461
0.0308	0.1088	-2305817718.22168
0.033	0.1088	-3364459483.9733
0.0352	0.1088	-54459934241.4956
0.0374	0.1088	347240903994.857
0.0396	0.1088	966110860548.102
0.0418	0.1088	7622724610629.4
0.044	0.1088	-6929421709842.93
0.0462	0.1088	12252269701482.7
0.0484	0.1088	-21049676357828.6
0.0506	0.1088	219856121675804
0.0528	0.1088	-1.72997899772068e+15
0.055	0.1088	1.30903558511157e+16
0.0572	0.1088	-9.72718807319006e+16
0.0594	0.1088	7.12185646664481e+17
0.0616	0.1088	-5.16674284024171e+18
0.0638	0.1088	3.75652425602884e+19
0.066	0.1088	-2.79406247823802e+20
0.0682	0.1088	2.19362815476623e+21
0.0704	0.1088	-1.88271806499155e+22
0.0726	0.1088	1.80317014478126e+23
0.0748	0.1088	-1.91206144789585e+24
0.077	0.1088	-2.05100498924111e+24
0.0792	0.1088	-2.07767300922442e+24
0.0814	0.1088	-2.21916025300266e+24
0.0836	0.1088	-2.25946427326311e+24
0.0858	0.1088	-2.40483196720737e+24
0.088	0.1088	-2.4757964342171e+24
0.0902	0.1088	-2.6497943520376e+24
0.0924	0.1088	-2.55848776034546e+24
0.0946	0.1088	-2.6770338099486e+24
0.0968	0.1088	-2.73477150393522e+24
0.099	0.1088	-2.87051819063621e+24
0.1012	0.1088	-2.94420261539463e+24
0.1034	0.1088	-3.09205250308206e+24
0.1056	0.1088	-3.19157540565404e+24
0.1078	0.1088	-3.32346090553857e+24
0.11	0.1088	-3.44485325803541e+24
0	0.112	-511.592077745393
0.0022	0.112	602.27730385346
0.0044	0.112	-795.955302838773
0.0066	0.112	1846.38738380421
0.0088	0.112	-2904.6732544866
0.011	0.112	-9864.6455137061
0.0132	0.112	-39067.990680767
0.0154	0.112	-286670.297004343
0.0176	0.112	1429751.23487133
0.0198	0.112	791933.389790321
0.022	0.112	16394292.5715874
0.0242	0.112	-56103976.5726497
0.0264	0.112	64124476.6679235
0.0286	0.112	-476106290.637234
0.0308	0.112	585755482.818638
0.033	0.112	-14575701482.9069
0.0352	0.112	-17178548596.7233
0.0374	0.112	206273930070.309
0.0396	0.112	1640405275131.79
0.0418	0.112	-1683582092591.41
0.044	0.112	1764973783978.95
0.0462	0.112	-4266655126174.04
0.0484	0.112	19011096280720.9
0.0506	0.112	-151149067056181
0.0528	0.112	1.12515674729939e+15
0.055	0.112	-8.24455139316513e+15
0.0572	0.112	5.99306717760587e+16
0.0594	0.112	-4.33557493163437e+17
0.0616	0.112	3.13368421931504e+18
0.0638	0.112	-2.27281734684496e+19
0.066	0.112	1.65946995747638e+20
0.0682	0.112	-1.21818053428037e+21
0.0704	0.112	8.88493317906357e+21
0.0726	0.112	-6.22008110442223e+22
0.0748	0.112	3.79523423475633e+23
0.077	0.112	4.18840483010058e+23
0.0792	0.112	4.28686768581519e+23
0.0814	0.112	4.69353823703928e+23
0.0836	0.112	4.83772144542724e+23
0.0858	0.112	5.26286542792702e+23
0.088	0.112	5.49778024439746e+23
0.0902	0.112	6.00762156407301e+23
0.0924	0.112	5.83906491315978e+23
0.0946	0.112	6.21106848396382e+23
0.0968	0.112	6.43483751931433e+23
0.099	0.112	6.86251762616973e+23
0.1012	0.112	7.14110003990985e+23
0.1034	0.112	7.61354443499202e+23
0.1056	0.112	7.97442563136062e+23
0.1078	0.112	8.42202137225804e+23
0.11	0.112	8.85609257002871e+23
0	0.1152	378.043048864301
0.0022	0.1152	-807.584732105593
0.0044	0.1152	1346.40529247871
0.0066	0.1152	-1160.64771424043
0.0088	0.1152	435.923147642622
0.011	0.1152	-9120.66674769852
0.0132	0.1152	-73771.3047056789
0.0154	0.1152	-140495.298680965
0.0176	0.1152	780500.294188082
0.0198	0.1152	3642158.78875089
0.022	0.1152	6763670.84515611
0.0242	0.1152	-19932732.6757381
0.0264	0.1152	-72859897.2948293
0.0286	0.1152	40926598.4574059
0.0308	0.1152	-1445647411.70072
0.033	0.1152	-7292210993.75261
0.0352	0.1152	-48519595387.2606
0.0374	0.1152	318262453884.214
0.0396	0.1152	-357613236781.476
0.0418	0.1152	378184679526.513
0.044	0.1152	-538920503798.695
0.0462	0.1152	2025911685079.63
0.0484	0.1152	-12422715677200
0.0506	0.1152	91349541603910.3
0.0528	0.1152	-656617600504522
0.055	0.1152	4.67366382023851e+15
0.0572	0.1152	-3.30195701038565e+16
0.0594	0.1152	2.3162189432378e+17
0.0616	0.1152	-1.61213631356842e+18
0.0638	0.1152	1.11061623905797e+19
0.066	0.1152	-7.52784890554527e+19
0.0682	0.1152	4.95836399172738e+20
0.0704	0.1152	-3.096615909424e+21
0.0726	0.1152	1.74168030883551e+22
0.0748	0.1152	-7.72127889352735e+22
0.077	0.1152	-8.81140692066585e+22
0.0792	0.1152	-9.1291087569904e+22
0.0814	0.1152	-1.02718876147129e+23
0.0836	0.1152	-1.07344701606093e+23
0.0858	0.1152	-1.19469976408358e+23
0.088	0.1152	-1.26741629716946e+23
0.0902	0.1152	-1.41341839494383e+23
0.0924	0.1152	-1.38562209732049e+23
0.0946	0.1152	-1.4975286838194e+23
0.0968	0.1152	-1.57347592587142e+23
0.099	0.1152	-1.70288413510434e+23
0.1012	0.1152	-1.79670968800985e+23
0.1034	0.1152	-1.94142774856046e+23
0.1056	0.1152	-2.06082061571111e+23
0.1078	0.1152	-2.20361836971658e+23
0.11	0.1152	-2.3466180806346e+23
0	0.1184	-219.545355079137
0.0022	0.1184	447.603603072642
0.0044	0.1184	-1134.34467263485
0.0066	0.1184	3759.22833859912
0.0088	0.1184	-9295.17183310742
0.011	0.1184	9048.94859694689
0.0132	0.1184	-111300.041296284
0.0154	0.1184	-112997.599822697
0.0176	0.1184	812861.905243868
0.0198	0.1184	3485247.8872727
0.022	0.1184	9198762.00198165
0.0242	0.1184	-28991624.4072435
0.0264	0.1184	-43439151.4054552
0.0286	0.1184	-95533551.9688503
0.0308	0.1184	-928599724.305234
0.033	0.1184	-9799404403.63683
0.0352	0.1184	14762337912.848
0.0374	0.1184	-64831361187.143
0.0396	0.1184	77058020809.7905
0.0418	0.1184	-92806085204.3198
0.044	0.1184	205290508911.585
0.0462	0.1184	-1059280428754.19
0.0484	0.1184	7065115140001.65
0.0506	0.1184	-49790447517696.6
0.0528	0.1184	346246889543160
0.055	0.1184	-2.38268178911794e+15
0.0572	0.1184	1.62152489637596e+16
0.0594	0.1184	-1.08897287982936e+17
0.0616	0.1184	7.18991479157202e+17
0.0638	0.1184	-4.63811557244872e+18
0.066	0.1184	2.89337774685941e+19
0.0682	0.1184	-1.7157220170873e+20
0.0704	0.1184	9.38438256048855e+20
0.0726	0.1184	-4.46678261707325e+21
0.0748	0.1184	1.60888981241526e+22
0.077	0.1184	1.90718436989454e+22
0.0792	0.1184	2.00328244912293e+22
0.0814	0.1184	2.3197510912234e+22
0.0836	0.1184	2.46013648957477e+22
0.0858	0.1184	2.80037091949925e+22
0.088	0.1184	3.01702313284638e+22
0.0902	0.1184	3.42884154138574e+22
0.0924	0.1184	3.39471791156849e+22
0.0946	0.1184	3.7226179885725e+22
0.0968	0.1184	3.96381252981605e+22
0.099	0.1184	4.34549173785594e+22
0.1012	0.1184	4.64296845842397e+22
0.1034	0.1184	5.07450247983512e+22
0.1056	0.1184	5.44986288150653e+22
0.1078	0.1184	5.88872357533832e+22
0.11	0.1184	6.3381517877003e+22
0	0.1216	80.3697230711034
0.0022	0.1216	-454.605710697286
0.0044	0.1216	976.983643230068
0.0066	0.1216	-761.443885384392
0.0088	0.1216	888.075243197673
0.011	0.1216	-14879.2316579129
0.0132	0.1216	-63003.5978070028
0.0154	0.1216	-248913.809453238
0.0176	0.1216	1099046.10480243
0.0198	0.1216	3220681.0203784
0.022	0.1216	10205378.9290506
0.0242	0.1216	-28837970.440358
0.0264	0.1216	-56192548.2048384
0.0286	0.1216	-44809561.4016158
0.0308	0.1216	-1194354773.24537
0.033	0.1216	2211177916.61508
0.0352	0.1216	-3882912386.67845
0.0374	0.1216	13401983733.4147
0.0396	0.1216	-17188551288.0804
0.0418	0.1216	26475733173.6779
0.044	0.1216	-90501751867.2686
0.0462	0.1216	542879032978.688
0.0484	0.1216	-3645857285650.2
0.0506	0.1216	24800708579915.6
0.0528	0.1216	-166564854115273
0.055	0.1216	1.10367710936266e+15
0.0572	0.1216	-7.19798451848878e+15
0.0594	0.1216	4.60294801176163e+16
0.0616	0.1216	-2.87000596934383e+17
0.0638	0.1216	1.73038442577903e+18
0.066	0.1216	-9.96239243858199e+18
0.0682	0.1216	5.37059336212976e+19
0.0704	0.1216	-2.62412862678923e+20
0.0726	0.1216	1.09490900649455e+21
0.0748	0.1216	-3.42760231885091e+21
0.077	0.1216	-4.2365422065895e+21
0.0792	0.1216	-4.51677460367064e+21
0.0814	0.1216	-5.38445994879351e+21
0.0836	0.1216	-5.79675244539503e+21
0.0858	0.1216	-6.74085172733924e+21
0.088	0.1216	-7.37094804383989e+21
0.0902	0.1216	-8.52033237831695e+21
0.0924	0.1216	-8.52402620699148e+21
0.0946	0.1216	-9.46796362064519e+21
0.0968	0.1216	-1.02043854972704e+22
0.099	0.1216	-1.13106343619208e+22
0.1012	0.1216	-1.2219772575562e+22
0.1034	0.1216	-1.34829959502537e+22
0.1056	0.1216	-1.46256839669896e+22
0.1078	0.1216	-1.59412866539563e+22
0.11	0.1216	-1.73114705416006e+22
0	0.1248	-34.6451279632524
0.0022	0.1248	162.152157476583
0.0044	0.1248	-831.572458999578
0.0066	0.1248	3556.49376015499
0.0088	0.1248	-8984.11255543195
0.011	0.1248	7367.78108159664
0.0132	0.1248	-121965.509632417
0.0154	0.1248	-141438.967084005
0.0176	0.1248	829114.60744218
0.0198	0.1248	4163579.10712226
0.022	0.1248	8928220.01271271
0.0242	0.1248	-24903840.8690572
0.0264	0.1248	-72341987.8038101
0.0286	0.1248	-5385885.54324118
0.0308	0.1248	256781047.956257
0.033	0.1248	-498081219.954192
0.0352	0.1248	962793621.850435
0.0374	0.1248	-2834432906.10123
0.0396	0.1248	4116778651.17161
0.0418	0.1248	-8990493634.77021
0.044	0.1248	41735995578.0663
0.0462	0.1248	-263385590715.649
0.0484	0.1248	1736985983053.55
0.0506	0.1248	-11416666883696.5
0.0528	0.1248	73938652358045
0.055	0.1248	-470758458021144
0.0572	0.1248	2.9363925813043e+15
0.0594	0.1248	-1.7856755716438e+16
0.0616	0.1248	1.05154120549064e+17
0.0638	0.1248	-5.93936843261469e+17
0.066	0.1248	3.17349504512716e+18
0.0682	0.1248	-1.57098183003159e+19
0.0704	0.1248	6.96979080615893e+19
0.0726	0.1248	-2.61675104086932e+20
0.0748	0.1248	7.44659437555597e+20
0.077	0.1248	9.62645663456915e+20
0.0792	0.1248	1.04251717067151e+21
0.0814	0.1248	1.2787309370222e+21
0.0836	0.1248	1.39727702185774e+21
0.0858	0.1248	1.65716246123359e+21
0.088	0.1248	1.83743755777933e+21
0.0902	0.1248	2.15577186812617e+21
0.0924	0.1248	2.17944621439914e+21
0.0946	0.1248	2.44777951858528e+21
0.0968	0.1248	2.66690242545591e+21
0.099	0.1248	2.98352083839087e+21
0.1012	0.1248	3.25463835433294e+21
0.1034	0.1248	3.61948636881999e+21
0.1056	0.1248	3.95974873934009e+21
0.1078	0.1248	4.34721568799612e+21
0.11	0.1248	4.75618650795092e+21
0	0.128	-69.6149949303103
0.0022	0.128	-178.990457277739
0.0044	0.128	531.467155149203
0.0066	0.128	-105.591438739337
0.0088	0.128	765.770204555227
0.011	0.128	-18554.8669953624
0.0132	0.128	-62653.7180284355
0.0154	0.128	-328588.272042744
0.0176	0.128	1296897.3439978
0.0198	0.128	3274178.7590678
0.022	0.128	12273641.3484227
0.0242	0.128	-32777614.4161809
0.0264	0.128	15796707.2360745
0.0286	0.128	4280517.07860073
0.0308	0.128	-55952180.1553004
0.033	0.128	113234745.06667
0.0352	0.128	-232398523.055533
0.0374	0.128	623704462.689236
0.0396	0.128	-1106288484.65304
0.0418	0.128	3473125957.50094
0.044	0.128	-18979679976.8136
0.0462	0.128	120351334101.294
0.0484	0.128	-772706980590.894
0.0506	0.128	4907075093702.5
0.0528	0.128	-30624879926825.3
0.055	0.128	187246342504087
0.0572	0.128	-1.11692746265184e+15
0.0594	0.128	6.4637649284211e+15
0.0616	0.128	-3.6019431790661e+16
0.0638	0.128	1.91297141578648e+17
0.066	0.128	-9.54320742612537e+17
0.0682	0.128	4.37790755935412e+18
0.0704	0.128	-1.78759451572813e+19
0.0726	0.128	6.16291236666518e+19
0.0748	0.128	-1.64452916952168e+20
0.077	0.128	-2.22921546918475e+20
0.0792	0.128	-2.45341407293955e+20
0.0814	0.128	-3.09310513762689e+20
0.0836	0.128	-3.42902879715493e+20
0.0858	0.128	-4.14018113898178e+20
0.088	0.128	-4.64995374772371e+20
0.0902	0.128	-5.52651015122516e+20
0.0924	0.128	-5.64454908055493e+20
0.0946	0.128	-6.40023013242736e+20
0.0968	0.128	-7.04055254120084e+20
0.099	0.128	-7.93819010516322e+20
0.1012	0.128	-8.73271792398983e+20
0.1034	0.128	-9.77580830124472e+20
0.1056	0.128	-1.0772898787766e+21
0.1078	0.128	-1.1899072783685e+21
0.11	0.128	-1.31008795471013e+21
0	0.1312	9.21791525033768
0.0022	0.1312	-24.1461261276173
0.0044	0.1312	-514.917416301007
0.0066	0.1312	2830.37440224261
0.0088	0.1312	-6576.46386563209
0.011	0.1312	-340.440937848078
0.0132	0.1312	-118602.784353708
0.0154	0.1312	-217864.654069386
0.0176	0.1312	967160.120091742
0.0198	0.1312	4535581.85037816
0.022	0.1312	-3151110.14072981
0.0242	0.1312	6416581.77174595
0.0264	0.1312	-3176929.07749884
0.0286	0.1312	-1535226.8420839
0.0308	0.1312	12345610.118811
0.033	0.1312	-25974218.7317618
0.0352	0.1312	55941416.5250347
0.0374	0.1312	-146769458.383196
0.0396	0.1312	341191615.599684
0.0418	0.1312	-1421636483.75925
0.044	0.1312	8317197983.93689
0.0462	0.1312	-51969887849.8623
0.0484	0.1312	323848322760.087
0.0506	0.1312	-1987234666900.75
0.0528	0.1312	11952122602685.1
0.055	0.1312	-70202333076576.4
0.0572	0.1312	400815782288549
0.0594	0.1312	-2.21102785227802e+15
0.0616	0.1312	1.16905564412352e+16
0.0638	0.1312	-5.86149967102734e+16
0.066	0.1312	2.74589763107979e+17
0.0682	0.1312	-1.17680537603348e+18
0.0704	0.1312	4.47286029513038e+18
0.0726	0.1312	-1.43912337433237e+19
0.0748	0.1312	3.67872533809289e+19
0.077	0.1312	5.24149321562782e+19
0.0792	0.1312	5.86410707366305e+19
0.0814	0.1312	7.58956500050586e+19
0.0836	0.1312	8.53151950314009e+19
0.0858	0.1312	1.04686691086074e+20
0.088	0.1312	1.18976517045529e+20
0.0902	0.1312	1.43004429555488e+20
0.0924	0.1312	1.47491692462322e+20
0.0946	0.1312	1.68620348845931e+20
0.0968	0.1312	1.87084429394678e+20
0.099	0.1312	2.1234598403554e+20
0.1012	0.1312	2.35329326251627e+20
0.1034	0.1312	2.64914051019293e+20
0.1056	0.1312	2.93779467979718e+20
0.1078	0.1312	3.26178544652825e+20
0.11	0.1312	3.61075891015111e+20
0	0.1344	-116.778370195386
0.0022	0.1344	-53.2757495843061
0.0044	0.1344	198.217351460846
0.0066	0.1344	255.706179840546
0.0088	0.1344	1409.1246835581
0.011	0.1344	-23050.9191566172
0.0132	0.1344	-66330.0715276616
0.0154	0.1344	-397769.803753243
0.0176	0.1344	1425571.39204392
0.0198	0.1344	-1014754.4286973
0.022	0.1344	743491.710470578
0.0242	0.1344	-1264673.28433734
0.0264	0.1344	625593.585428935
0.0286	0.1344	455007.217188506
0.0308	0.1344	-2759126.12058679
0.033	0.1344	6037559.91137728
0.0352	0.1344	-13763419.494856
0.0374	0.1344	38117326.9880773
0.0396	0.1344	-118201796.399809
0.0418	0.1344	585892019.163624
0.044	0.1344	-3491215866.25343
0.0462	0.1344	21322021624.7649
0.0484	0.1344	-128833869758.661
0.0506	0.1344	764187975742.083
0.0528	0.1344	-4431807106535.73
0.055	0.1344	25029187295538
0.0572	0.1344	-136971228800420
0.0594	0.1344	721703532144052
0.0616	0.1344	-3.63114442230596e+15
0.0638	0.1344	1.72557488905824e+16
0.066	0.1344	-7.63142312271299e+16
0.0682	0.1344	3.07725472310826e+17
0.0704	0.1344	-1.09923452533011e+18
0.0726	0.1344	3.3435581918916e+18
0.0748	0.1344	-8.30431153700205e+18
0.077	0.1344	-1.24700021249292e+19
0.0792	0.1344	-1.41855644625793e+19
0.0814	0.1344	-1.88252445811871e+19
0.0836	0.1344	-2.14458487299608e+19
0.0858	0.1344	-2.6703671827735e+19
0.088	0.1344	-3.06825381970081e+19
0.0902	0.1344	-3.72453505610275e+19
0.0924	0.1344	-3.87709619427468e+19
0.0946	0.1344	-4.46448675069343e+19
0.0968	0.1344	-4.99151578561114e+19
0.099	0.1344	-5.69824908312313e+19
0.1012	0.1344	-6.35644404055367e+19
0.1034	0.1344	-7.19017610901521e+19
0.1056	0.1344	-8.01790815560843e+19
0.1078	0.1344	-8.94243425871552e+19
0.11	0.1344	-9.94625406933851e+19
0	0.1376	-2.59035800908822
0.0022	0.1376	-169.487273800893
0.0044	0.1376	-228.503751583441
0.0066	0.1376	1744.84295257004
0.0088	0.1376	-2798.31634338311
0.011	0.1376	-11002.971669843
0.0132	0.1376	-112312.52409028
0.0154	0.1376	105266.330138585
0.0176	0.1376	-283638.733187594
0.0198	0.1376	217492.522856515
0.022	0.1376	-169886.061305614
0.0242	0.1376	250648.497970181
0.0264	0.1376	-120480.793725728
0.0286	0.1376	-124332.086908236
0.0308	0.1376	626119.991947352
0.033	0.1376	-1435641.25668135
0.0352	0.1376	3553968.1634794
0.0374	0.1376	-11111392.6012506
0.0396	0.1376	43826710.6820584
0.0418	0.1376	-236997354.865817
0.044	0.1376	1404588308.04052
0.0462	0.1376	-8356764948.2598
0.0484	0.1376	48959194832.972
0.0506	0.1376	-280891587787.477
0.0528	0.1376	1572090159119.02
0.055	0.1376	-8547168051481.36
0.0572	0.1376	44906005119418.6
0.0594	0.1376	-226497742302986
0.0616	0.1376	1.08752842958982e+15
0.0638	0.1376	-4.91664981281804e+15
0.066	0.1376	2.06268984389568e+16
0.0682	0.1376	-7.87493008094698e+16
0.0704	0.1376	2.66533442002607e+17
0.0726	0.1376	-7.74281763621292e+17
0.0748	0.1376	1.88453135384344e+18
0.077	0.1376	2.99254215540643e+18
0.0792	0.1376	3.46247118451605e+18
0.0814	0.1376	4.70696706933531e+18
0.0836	0.1376	5.4316258801177e+18
0.0858	0.1376	6.85459469826417e+18
0.088	0.1376	7.95660007227271e+18
0.0902	0.1376	9.74387788538634e+18
0.0924	0.1376	1.02319694701584e+19
0.0946	0.1376	1.18574219089943e+19
0.0968	0.1376	1.33497261723444e+19
0.099	0.1376	1.5317409082363e+19
0.1012	0.1376	1.71873572504245e+19
0.1034	0.1376	1.95245558671152e+19
0.1056	0.1376	2.18800534974912e+19
0.1078	0.1376	2.45007642719559e+19
0.11	0.1376	2.73662956899598e+19
0	0.1408	-168.599334866996
0.0022	0.1408	-14.6733628213462
0.0044	0.1408	-87.4696292718619
0.0066	0.1408	291.12069564991
0.0088	0.1408	2396.79085307543
0.011	0.1408	-24632.9736881207
0.0132	0.1408	24823.2285352184
0.0154	0.1408	-25354.6962678216
0.0176	0.1408	56973.2034102813
0.0198	0.1408	-46439.8284661512
0.022	0.1408	38033.0463079401
0.0242	0.1408	-49839.299709859
0.0264	0.1408	22628.9395339505
0.0286	0.1408	32716.907494455
0.0308	0.1408	-145022.296429387
0.033	0.1408	354342.030827494
0.0352	0.1408	-985060.904070444
0.0374	0.1408	3588923.91364779
0.0396	0.1408	-16647464.7972984
0.0418	0.1408	93160386.2897253
0.044	0.1408	-543148973.881475
0.0462	0.1408	3144328975.97972
0.0484	0.1408	-17868624978.1639
0.0506	0.1408	99237485626.5394
0.0528	0.1408	-536563696172.905
0.055	0.1408	2812074216001.56
0.0572	0.1408	-14208755217453.5
0.0594	0.1408	68753678026116
0.0616	0.1408	-315910392421620
0.0638	0.1408	1.36344565765051e+15
0.066	0.1408	-5.44990513453668e+15
0.0682	0.1408	1.98079591446975e+16
0.0704	0.1408	-6.39573376562993e+16
0.0726	0.1408	1.78826326537223e+17
0.0748	0.1408	-4.28241312806013e+17
0.077	0.1408	-7.22440283202694e+17
0.0792	0.1408	-8.50576671308728e+17
0.0814	0.1408	-1.18371123355861e+18
0.0836	0.1408	-1.38313429364168e+18
0.0858	0.1408	-1.76733357828791e+18
0.088	0.1408	-2.0712409519521e+18
0.0902	0.1408	-2.55679753141144e+18
0.0924	0.1408	-2.70712180836574e+18
0.0946	0.1408	-3.15521000688421e+18
0.0968	0.1408	-3.57503618999448e+18
0.099	0.1408	-4.1206807533378e+18
0.1012	0.1408	-4.64850277922316e+18
0.1034	0.1408	-5.30080643158729e+18
0.1056	0.1408	-5.96692729086441e+18
0.1078	0.1408	-6.70571862219631e+18
0.11	0.1408	-7.51858559239152e+18
0	0.144	242.721012537585
0.0022	0.144	-624.002828989199
0.0044	0.144	446.012533374205
0.0066	0.144	-577.883616824183
0.0088	0.144	-657.241133526342
0.011	0.144	4967.07765996345
0.0132	0.144	-5275.21732272114
0.0154	0.144	5927.73118490145
0.0176	0.144	-11510.408581345
0.0198	0.144	9922.04379499865
0.022	0.144	-8352.84877237316
0.0242	0.144	9960.43344003669
0.0264	0.144	-4069.88626406627
0.0286	0.144	-8448.89872570298
0.0308	0.144	34638.5320012478
0.033	0.144	-92267.3278402026
0.0352	0.144	295617.377128829
0.0374	0.144	-1240723.87495112
0.0396	0.144	6305529.22776415
0.0418	0.144	-35492780.3988373
0.044	0.144	202560112.60691
0.0462	0.144	-1140746491.42212
0.0484	0.144	6292002423.71912
0.0506	0.144	-33856641396.195
0.0528	0.144	177044676355.375
0.055	0.144	-895682765150.807
0.0572	0.144	4359927770864.91
0.0594	0.144	-20282496182300.9
0.0616	0.144	89415281418182.5
0.0638	0.144	-369587814912434
0.066	0.144	1.41304289371121e+15
0.0682	0.144	-4.91267334576687e+15
0.0704	0.144	1.52178958323784e+16
0.0726	0.144	-4.11783594956388e+16
0.0748	0.144	9.70406834621543e+16
0.077	0.144	1.75043081468855e+17
0.0792	0.144	2.0985559548483e+17
0.0814	0.144	2.98881234012913e+17
0.0836	0.144	3.53547915402525e+17
0.0858	0.144	4.57075895050506e+17
0.088	0.144	5.40589863406385e+17
0.0902	0.144	6.7223329425602e+17
0.0924	0.144	7.17344649465642e+17
0.0946	0.144	8.40473642497597e+17
0.0968	0.144	9.57955503321615e+17
0.099	0.144	1.10875158235093e+18
0.1012	0.144	1.2569400623331e+18
0.1034	0.144	1.43831578987355e+18
0.1056	0.144	1.62570848382018e+18
0.1078	0.144	1.83301096910092e+18
0.11	0.144	2.06238359475407e+18
0	0.1472	-131.576205143688
0.0022	0.1472	98.0660286608072
0.0044	0.1472	-426.372554438934
0.0066	0.1472	89.0957081145093
0.0088	0.1472	203.052652368911
0.011	0.1472	-983.241900111164
0.0132	0.1472	1163.38289019915
0.0154	0.1472	-1316.95070057117
0.0176	0.1472	2374.42634878462
0.0198	0.1472	-2085.34762112127
0.022	0.1472	1842.46208693952
0.0242	0.1472	-1962.27853355245
0.0264	0.1472	716.792529346597
0.0286	0.1472	2219.11844104455
0.0308	0.1472	-8598.2461460468
0.033	0.1472	25713.5161933789
0.0352	0.1472	-95048.9980344017
0.0374	0.1472	443111.703539606
0.0396	0.1472	-2349944.02838375
0.0418	0.1472	13113659.1790131
0.044	0.1472	-73101725.6210987
0.0462	0.1472	400584556.262061
0.0484	0.1472	-2146078604.81538
0.0506	0.1472	11199027615.0921
0.0528	0.1472	-56703561386.8675
0.055	0.1472	277300305580.741
0.0572	0.1472	-1302564216354.49
0.0594	0.1472	5837406060775.77
0.0616	0.1472	-24750625775283.2
0.0638	0.1472	98262760613613.2
0.066	0.1472	-360599693946937
0.0682	0.1472	1.20412639364639e+15
0.0704	0.1472	-3.59427088131958e+15
0.0726	0.1472	9.44266048397322e+15
0.0748	0.1472	-2.1818997621075e+16
0.077	0.1472	-4.24750850809946e+16
0.0792	0.1472	-5.19057679524424e+16
0.0814	0.1472	-7.56633153499211e+16
0.0836	0.1472	-9.06016645285525e+16
0.0858	0.1472	-1.18452691929735e+17
0.088	0.1472	-1.41335162132622e+17
0.0902	0.1472	-1.7696521443327e+17
0.0924	0.1472	-1.90252707088219e+17
0.0946	0.1472	-2.23996187815469e+17
0.0968	0.1472	-2.56727265908287e+17
0.099	0.1472	-2.98282363589243e+17
0.1012	0.1472	-3.39701371747109e+17
0.1034	0.1472	-3.89973450234796e+17
0.1056	0.1472	-4.42460249823241e+17
0.1078	0.1472	-5.00399946433059e+17
0.11	0.1472	-5.64836151280582e+17
0	0.1504	113.565379653767
0.0022	0.1504	-62.9146142652885
0.0044	0.1504	108.123368594708
0.0066	0.1504	5.42097094692096
0.0088	0.1504	-30.552368599898
0.011	0.1504	225.422325631583
0.0132	0.1504	-225.538337973548
0.0154	0.1504	318.987306043195
0.0176	0.1504	-463.341342472203
0.0198	0.1504	467.067741451011
0.022	0.1504	-372.84843779304
0.0242	0.1504	414.436083925468
0.0264	0.1504	-85.1057427037902
0.0286	0.1504	-561.650009218406
0.0308	0.1504	2287.17169480769
0.033	0.1504	-7647.56531056111
0.0352	0.1504	32110.9889182536
0.0374	0.1504	-159532.282312441
0.0396	0.1504	857810.873382905
0.0418	0.1504	-4710881.69626872
0.044	0.1504	25627799.75515
0.0462	0.1504	-136701320.107575
0.0484	0.1504	711831871.712871
0.0506	0.1504	-3605575010.64805
0.0528	0.1504	17695426721.5938
0.055	0.1504	-83758967825.0421
0.0572	0.1504	380257056519.023
0.0594	0.1504	-1644675888892.03
0.0616	0.1504	6721673342097.49
0.0638	0.1504	-25698315861263.7
0.066	0.1504	90792725883350
0.0682	0.1504	-292170144809325
0.0704	0.1504	843011476589805
0.0726	0.1504	-2.15196811744158e+15
0.0748	0.1504	4.83759624061479e+15
0.077	0.1504	1.03036575191528e+16
0.0792	0.1504	1.28531973423804e+16
0.0814	0.1504	1.91875005194632e+16
0.0836	0.1504	2.32607471982688e+16
0.0858	0.1504	3.07451940456678e+16
0.088	0.1504	3.70016637509054e+16
0.0902	0.1504	4.66340553773143e+16
0.0924	0.1504	5.04951962095423e+16
0.0946	0.1504	5.9724658324955e+16
0.0968	0.1504	6.88133455649753e+16
0.099	0.1504	8.02409944878794e+16
0.1012	0.1504	9.17787376472175e+16
0.1034	0.1504	1.05680030440606e+17
0.1056	0.1504	1.20332372325653e+17
0.1078	0.1504	1.36477955906341e+17
0.11	0.1504	1.54518618570927e+17
0	0.1536	0.868418190621174
0.0022	0.1536	38.307015501364
0.0044	0.1536	3.33399065002281
0.0066	0.1536	21.4949715926267
0.0088	0.1536	31.8760933902887
0.011	0.1536	-22.9813942644629
0.0132	0.1536	72.7980526271464
0.0154	0.1536	-46.0988648609091
0.0176	0.1536	120.023463206072
0.0198	0.1536	-74.9057556309784
0.022	0.1536	104.1463803389
0.0242	0.1536	-58.1216925214366
0.0264	0.1536	30.9450871303685
0.0286	0.1536	179.754470429697
0.0308	0.1536	-619.54484774817
0.033	0.1536	2468.33224028971
0.0352	0.1536	-11196.2675424664
0.0374	0.1536	57651.5863684371
0.0396	0.1536	-308871.403345518
0.0418	0.1536	1662521.87666662
0.044	0.1536	-8818893.84744973
0.0462	0.1536	45785784.0139539
0.0484	0.1536	-231766504.784065
0.0506	0.1536	1139861022.1009
0.0528	0.1536	-5425267748.45147
0.055	0.1536	24873924192.5779
0.0572	0.1536	-109249474783.727
0.0594	0.1536	456625362399.708
0.0616	0.1536	-1801690271650.81
0.0638	0.1536	6646109205921.6
0.066	0.1536	-22655921799109.2
0.0682	0.1536	70415929398989.4
0.0704	0.1536	-196650543904777
0.0726	0.1536	486517999025086
0.0748	0.1536	-1.04800309223628e+15
0.077	0.1536	-2.49996868175269e+15
0.0792	0.1536	-3.19201025778258e+15
0.0814	0.1536	-4.88682164934997e+15
0.0836	0.1536	-6.00113177421848e+15
0.0858	0.1536	-8.01988856447892e+15
0.088	0.1536	-9.73634076361337e+15
0.0902	0.1536	-1.23500718474861e+16
0.0924	0.1536	-1.34667125674224e+16
0.0946	0.1536	-1.59988471029466e+16
0.0968	0.1536	-1.85291123050738e+16
0.099	0.1536	-2.16816908440387e+16
0.1012	0.1536	-2.49036158502491e+16
0.1034	0.1536	-2.87594884905581e+16
0.1056	0.1536	-3.28600098912781e+16
0.1078	0.1536	-3.73709686143046e+16
0.11	0.1536	-4.24340960344567e+16
0	0.1568	25.7478052391563
0.0022	0.1568	16.7438573325027
0.0044	0.1568	23.8397141379782
0.0066	0.1568	19.9726993614715
0.0088	0.1568	16.9330042456126
0.011	0.1568	29.3320873673448
0.0132	0.1568	8.10619312076648
0.0154	0.1568	35.0829670243026
0.0176	0.1568	-1.61428470839188
0.0198	0.1568	40.9302502112747
0.022	0.1568	1.39404013778443
0.0242	0.1568	35.810479634049
0.0264	0.1568	21.2326066064029
0.0286	0.1568	-29.0565973684218
0.0308	0.1568	226.942951653957
0.033	0.1568	-864.480012560578
0.0352	0.1568	4318.94746348601
0.0374	0.1568	-22313.3904786375
0.0396	0.1568	118102.49715673
0.0418	0.1568	-620348.879141118
0.044	0.1568	3201443.48790653
0.0462	0.1568	-16145269.2680695
0.0484	0.1568	79296571.4599972
0.0506	0.1568	-377976780.632195
0.0528	0.1568	1741671588.97353
0.055	0.1568	-7722344514.99215
0.0572	0.1568	32766806244.8254
0.0594	0.1568	-132185315834.273
0.0616	0.1568	503035647097.39
0.0638	0.1568	-1789006989474.03
0.066	0.1568	5880016640163.6
0.0682	0.1568	-17627449770388.4
0.0704	0.1568	47451027669851.1
0.0726	0.1568	-112207812483604
0.0748	0.1568	220983058169098
0.077	0.1568	630304401457602
0.0792	0.1568	829856162814017
0.0814	0.1568	1.31148417940295e+15
0.0836	0.1568	1.63621137819542e+15
0.0858	0.1568	2.21594699694099e+15
0.088	0.1568	2.71796275019111e+15
0.0902	0.1568	3.47382176828791e+15
0.0924	0.1568	3.81726229768123e+15
0.0946	0.1568	4.55833339842464e+15
0.0968	0.1568	5.31016658719903e+15
0.099	0.1568	6.23842967175724e+15
0.1012	0.1568	7.19876632331827e+15
0.1034	0.1568	8.34106531893525e+15
0.1056	0.1568	9.56586940396708e+15
0.1078	0.1568	1.09119105999521e+16
0.11	0.1568	1.24295154240443e+16
0	0.16	17.4953585654713
0.0022	0.16	21.5886225190927
0.0044	0.16	18.6104164548549
0.0066	0.16	20.046476208365
0.0088	0.16	21.4330684008712
0.011	0.16	16.1817380728719
0.0132	0.16	24.9065299845194
0.0154	0.16	13.7440332293067
0.0176	0.16	28.6161485776322
0.0198	0.16	11.5344343863877
0.022	0.16	27.5125898237186
0.0242	0.16	14.1332730547996
0.0264	0.16	17.8856000052118
0.0286	0.16	46.6405500087632
0.0308	0.16	-97.336911107288
0.033	0.16	553.297810209122
0.0352	0.16	-2638.72840332997
0.0374	0.16	13830.7732000224
0.0396	0.16	-72126.4331138707
0.0418	0.16	372597.554009203
0.044	0.16	-1886141.7578226
0.0462	0.16	9320544.94055538
0.0484	0.16	-44808457.0769051
0.0506	0.16	208850732.614392
0.0528	0.16	-940045919.555062
0.055	0.16	4067156152.89807
0.0572	0.16	-16822693438.9114
0.0594	0.16	66094021494.5924
0.0616	0.16	-244773729372.316
0.0638	0.16	846750412984.762
0.066	0.16	-2706841215423.6
0.0682	0.16	7894740832620.18
0.0704	0.16	-20669663276280.6
0.0726	0.16	47223584132464.3
0.0748	0.16	-85213746637792.8
0.077	0.16	-290328095679291
0.0792	0.16	-391798120737604
0.0814	0.16	-634978702451979
0.0836	0.16	-801595408819546
0.0858	0.16	-1.09637019620244e+15
0.088	0.16	-1.35513474202414e+15
0.0902	0.16	-1.74138508344492e+15
0.0924	0.16	-1.92506062397574e+15
0.0946	0.16	-2.30716138185617e+15
0.0968	0.16	-2.69872552618391e+15
0.099	0.16	-3.17943226475975e+15
0.1012	0.16	-3.68140098223374e+15
0.1034	0.16	-4.27510512589805e+15
0.1056	0.16	-4.91599807463347e+15
0.1078	0.16	-5.61939474149286e+15
0.11	0.16	-6.4153595306945e+15
