0	0	7.49414003531547e+27
0.0022	0	-5.61615511745016e+26
0.0044	0	2.64429708468695e+27
0.0066	0	-1.87948812746062e+28
0.0088	0	4.50443716399594e+28
0.011	0	-2.32729364704863e+28
0.0132	0	1.76269750709394e+28
0.0154	0	-2.16909229208994e+28
0.0176	0	1.75008761778921e+29
0.0198	0	-1.56849915489135e+29
0.022	0	1.16222068929581e+29
0.0242	0	-1.28226527933623e+29
0.0264	0	-1.92815257502554e+28
0.0286	0	4.57102819095582e+29
0.0308	0	-1.07631642805556e+30
0.033	0	1.49206589983477e+30
0.0352	0	-2.09976906978612e+30
0.0374	0	3.13243883701994e+30
0.0396	0	-2.69897640995506e+30
0.0418	0	-1.59541562058789e+29
0.044	0	8.28769863180167e+30
0.0462	0	-3.40289845328563e+31
0.0484	0	1.17255257195215e+32
0.0506	0	-3.47241181922953e+32
0.0528	0	7.50877661495541e+32
0.055	0	-2.77711786800216e+31
0.0572	0	-1.25016705765995e+34
0.0594	0	9.8946386749421e+34
0.0616	0	-5.70105326206092e+35
0.0638	0	2.8547831465908e+36
0.066	0	-1.3222958227527e+37
0.0682	0	5.87845210222036e+37
0.0704	0	-2.58495215823671e+38
0.0726	0	1.15437587539751e+39
0.0748	0	-5.31977545249643e+39
0.077	0	-4.87656113769316e+39
0.0792	0	-4.37187783893049e+39
0.0814	0	1.47850920072836e+39
0.0836	0	-1.78071306600079e+39
0.0858	0	1.63715444239944e+38
0.088	0	1.71479132278556e+40
0.0902	0	2.79473206221981e+39
0.0924	0	-1.38424411276002e+40
0.0946	0	-1.19571109656359e+40
0.0968	0	-8.21442760691213e+39
0.099	0	-5.73521516951576e+39
0.1012	0	-3.57234287672394e+39
0.1034	0	-2.17885760556412e+39
0.1056	0	-1.32161550097491e+39
0.1078	0	-6.37288672314078e+38
0.11	0	1.74686094841349e+37
0	0.0032	1.64391476276531e+27
0.0022	0.0032	1.48970382166512e+28
0.0044	0.0032	-3.12513140680266e+27
0.0066	0.0032	4.28487111373018e+28
0.0088	0.0032	-1.20303783562706e+29
0.011	0.0032	5.5119434645239e+28
0.0132	0.0032	-3.99821069737997e+28
0.0154	0.0032	2.11535010511486e+28
0.0176	0.0032	-4.62927670285619e+29
0.0198	0.0032	3.89767461223454e+29
0.022	0.0032	-2.74963525802085e+29
0.0242	0.0032	3.49039533575709e+29
0.0264	0.0032	-1.92108070447483e+28
0.0286	0.0032	-1.07374313757785e+30
0.0308	0.0032	2.66751096368044e+30
0.033	0.0032	-3.60665738989009e+30
0.0352	0.0032	5.05238612474867e+30
0.0374	0.0032	-7.97765085272073e+30
0.0396	0.0032	7.1588837312721e+30
0.0418	0.0032	-8.51238251448851e+29
0.044	0.0032	-1.62001267562425e+31
0.0462	0.0032	7.02604980100682e+31
0.0484	0.0032	-2.54905150627024e+32
0.0506	0.0032	8.19404195212725e+32
0.0528	0.0032	-2.14243480839553e+33
0.055	0.0032	2.9832718791531e+33
0.0572	0.0032	1.27524168088964e+34
0.0594	0.0032	-1.50021373804437e+35
0.0616	0.0032	9.60785252780109e+35
0.0638	0.0032	-5.03341273306474e+36
0.066	0.0032	2.36997431817102e+37
0.0682	0.0032	-1.04844836222736e+38
0.0704	0.0032	4.50418707634171e+38
0.0726	0.0032	-1.94777344509845e+39
0.0748	0.0032	8.91925711123529e+39
0.077	0.0032	8.27275399784094e+39
0.0792	0.0032	7.36250341536927e+39
0.0814	0.0032	-4.15915027955812e+39
0.0836	0.0032	2.52917858200427e+39
0.0858	0.0032	-1.0849413145148e+39
0.088	0.0032	-3.49286263603705e+40
0.0902	0.0032	-6.16285173762347e+39
0.0924	0.0032	2.75729416117019e+40
0.0946	0.0032	2.41828374906116e+40
0.0968	0.0032	1.71355252487302e+40
0.099	0.0032	1.23481248872608e+40
0.1012	0.0032	8.36894496014772e+39
0.1034	0.0032	5.73232144731977e+39
0.1056	0.0032	4.14807704709366e+39
0.1078	0.0032	2.6875139396581e+39
0.11	0.0032	1.55226913702172e+39
0	0.0064	-1.86033157429135e+28
0.0022	0.0064	3.59982505654679e+28
0.0044	0.0064	-1.26017029350238e+28
0.0066	0.0064	-1.64617866266319e+29
0.0088	0.0064	6.11186446532974e+29
0.011	0.0064	-2.34173166342615e+29
0.0132	0.0064	1.71053726196524e+29
0.0154	0.0064	1.14757459446686e+29
0.0176	0.0064	2.29885741131964e+30
0.0198	0.0064	-1.77357019688485e+30
0.022	0.0064	1.15744408691036e+30
0.0242	0.0064	-1.75599676082941e+30
0.0264	0.0064	4.61698072236778e+29
0.0286	0.0064	4.55475066592594e+30
0.0308	0.0064	-1.22066494118068e+31
0.033	0.0064	1.592497793248e+31
0.0352	0.0064	-2.2023955853597e+31
0.0374	0.0064	3.74878340651713e+31
0.0396	0.0064	-3.48384374521125e+31
0.0418	0.0064	9.42507255244507e+30
0.044	0.0064	5.3723964719731e+31
0.0462	0.0064	-2.50203862002763e+32
0.0484	0.0064	9.60971555267819e+32
0.0506	0.0064	-3.34738493043427e+33
0.0528	0.0064	1.01215791521819e+34
0.055	0.0064	-2.29240793380813e+34
0.0572	0.0064	8.95677387744627e+33
0.0594	0.0064	3.1360280333767e+35
0.0616	0.0064	-2.58096730652478e+36
0.0638	0.0064	1.48151815343661e+37
0.066	0.0064	-7.25528976172274e+37
0.0682	0.0064	3.22877938749152e+38
0.0704	0.0064	-1.34501530730294e+39
0.0726	0.0064	5.31088739493165e+39
0.0748	0.0064	-1.97311591731388e+40
0.077	0.0064	-1.82484362446022e+40
0.0792	0.0064	-1.54153331451273e+40
0.0814	0.0064	2.39930001176739e+40
0.0836	0.0064	3.26516020353934e+38
0.0858	0.0064	1.2111187773936e+40
0.088	0.0064	1.30638461622494e+41
0.0902	0.0064	2.97882418975809e+40
0.0924	0.0064	-8.93898719880402e+40
0.0946	0.0064	-7.90390246257205e+40
0.0968	0.0064	-5.5503781039083e+40
0.099	0.0064	-3.97461640704412e+40
0.1012	0.0064	-2.67366410613113e+40
0.1034	0.0064	-1.84201358486471e+40
0.1056	0.0064	-1.33104426638749e+40
0.1078	0.0064	-9.17020278474232e+39
0.11	0.0064	-6.02062769775011e+39
0	0.0096	-1.40938279049459e+28
0.0022	0.0096	9.66526423904607e+27
0.0044	0.0096	7.42587824972802e+28
0.0066	0.0096	-4.11848773274486e+29
0.0088	0.0096	1.16455071347737e+30
0.011	0.0096	8.75734069273408e+29
0.0132	0.0096	-8.46215109099437e+29
0.0154	0.0096	-1.71383226279988e+30
0.0176	0.0096	-1.1941275437414e+31
0.0198	0.0096	8.36621322614403e+30
0.022	0.0096	-4.91558102938506e+30
0.0242	0.0096	9.05720585843427e+30
0.0264	0.0096	-3.92936653917803e+30
0.0286	0.0096	-1.99617409987729e+31
0.0308	0.0096	5.84964393983471e+31
0.033	0.0096	-7.3230031210225e+31
0.0352	0.0096	9.89006980042871e+31
0.0374	0.0096	-1.83016649777293e+32
0.0396	0.0096	1.73667318338921e+32
0.0418	0.0096	-6.33706156071774e+31
0.044	0.0096	-1.83911909402041e+32
0.0462	0.0096	9.17471014541857e+32
0.0484	0.0096	-3.68979266018785e+33
0.0506	0.0096	1.36382207652989e+34
0.0528	0.0096	-4.51223778833635e+34
0.055	0.0096	1.23772983298648e+35
0.0572	0.0096	-2.07318610825266e+35
0.0594	0.0096	-4.60044813508493e+35
0.0616	0.0096	6.99595438799395e+36
0.0638	0.0096	-4.63226716864335e+37
0.066	0.0096	2.42536713729018e+38
0.0682	0.0096	-1.12250539153723e+39
0.0704	0.0096	4.80800699931139e+39
0.0726	0.0096	-1.95286511064177e+40
0.0748	0.0096	7.61104434048367e+40
0.077	0.0096	7.10179461147649e+40
0.0792	0.0096	6.02611449703766e+40
0.0814	0.0096	-8.62144255687378e+40
0.0836	0.0096	5.054771343686e+38
0.0858	0.0096	-4.28610614316527e+40
0.088	0.0096	-4.85364723709024e+41
0.0902	0.0096	-1.13438368385777e+41
0.0924	0.0096	3.30310837571513e+41
0.0946	0.0096	2.93767076249286e+41
0.0968	0.0096	2.07707412151519e+41
0.099	0.0096	1.50236977909574e+41
0.1012	0.0096	1.02954400979762e+41
0.1034	0.0096	7.26125274185159e+40
0.1056	0.0096	5.40999454979118e+40
0.1078	0.0096	3.8962168867791e+40
0.11	0.0096	2.7806742986771e+40
0	0.0128	-5.40692532819479e+27
0.0022	0.0128	-1.39199549838022e+28
0.0044	0.0128	1.40254115865548e+29
0.0066	0.0128	-5.18290384614115e+29
0.0088	0.0128	1.23313549293835e+30
0.011	0.0128	1.35147628300205e+30
0.0132	0.0128	4.81318041852789e+30
0.0154	0.0128	1.50765423726528e+31
0.0176	0.0128	6.28982143587059e+31
0.0198	0.0128	-3.94408845349068e+31
0.022	0.0128	1.99000675075996e+31
0.0242	0.0128	-4.64996457823593e+31
0.0264	0.0128	2.72356501280855e+31
0.0286	0.0128	8.62970627367586e+31
0.0308	0.0128	-2.82919313030922e+32
0.033	0.0128	3.37371281008844e+32
0.0352	0.0128	-4.3806187268074e+32
0.0374	0.0128	8.96603146407942e+32
0.0396	0.0128	-8.6068181133295e+32
0.0418	0.0128	3.67171543272367e+32
0.044	0.0128	6.14892739973574e+32
0.0462	0.0128	-3.29575872276266e+33
0.0484	0.0128	1.3820852752615e+34
0.0506	0.0128	-5.37691634784069e+34
0.0528	0.0128	1.9069608096491e+35
0.055	0.0128	-5.88704875540154e+35
0.0572	0.0128	1.38463732037352e+36
0.0594	0.0128	-8.82777513984895e+35
0.0616	0.0128	-1.618745546324e+37
0.0638	0.0128	1.38627293855039e+38
0.066	0.0128	-7.97169825948533e+38
0.0682	0.0128	3.87491402208735e+39
0.0704	0.0128	-1.71073911703367e+40
0.0726	0.0128	7.10077781269127e+40
0.0748	0.0128	-2.80523377110654e+41
0.077	0.0128	-2.64715051053144e+41
0.0792	0.0128	-2.25136967352637e+41
0.0814	0.0128	3.1984825139652e+41
0.0836	0.0128	-5.6405748236089e+36
0.0858	0.0128	1.59258921733664e+41
0.088	0.0128	1.81791848022856e+42
0.0902	0.0128	4.3888774529706e+41
0.0924	0.0128	-1.22095567808466e+42
0.0946	0.0128	-1.09215691943107e+42
0.0968	0.0128	-7.76538200319082e+41
0.099	0.0128	-5.65782039483617e+41
0.1012	0.0128	-3.91970114866395e+41
0.1034	0.0128	-2.80557539156108e+41
0.1056	0.0128	-2.12658302518211e+41
0.1078	0.0128	-1.57164608814928e+41
0.11	0.0128	-1.16497294728037e+41
0	0.016	8.65219701883208e+27
0.0022	0.016	-4.67497839619334e+28
0.0044	0.016	2.03387379603252e+29
0.0066	0.016	-6.25059297962699e+29
0.0088	0.016	1.28847439105946e+30
0.011	0.016	1.97077109684092e+30
0.0132	0.016	3.52239220463061e+30
0.0154	0.016	2.28855561680077e+31
0.0176	0.016	-3.37284828049084e+32
0.0198	0.016	1.8582093234346e+32
0.022	0.016	-7.39972298806897e+31
0.0242	0.016	2.37881190704555e+32
0.0264	0.016	-1.71743589964241e+32
0.0286	0.016	-3.64386774543731e+32
0.0308	0.016	1.37995461821271e+33
0.033	0.016	-1.55594117855196e+33
0.0352	0.016	1.89856279060917e+33
0.0374	0.016	-4.4061707217758e+33
0.0396	0.016	4.24445332364657e+33
0.0418	0.016	-1.97416267553024e+33
0.044	0.016	-2.00552059995532e+33
0.0462	0.016	1.15605260210402e+34
0.0484	0.016	-5.04263271768339e+34
0.0506	0.016	2.05637097495715e+35
0.0528	0.016	-7.73471299178299e+35
0.055	0.016	2.60304090432273e+36
0.0572	0.016	-7.29213460089245e+36
0.0594	0.016	1.28777525497304e+37
0.0616	0.016	2.21867183239779e+37
0.0638	0.016	-3.80936223216137e+38
0.066	0.016	2.53390347276775e+39
0.0682	0.016	-1.3142613618194e+40
0.0704	0.016	6.01855957927736e+40
0.0726	0.016	-2.56746688098268e+41
0.0748	0.016	1.044205794183e+42
0.077	0.016	9.96900408736657e+41
0.0792	0.016	8.51084657193109e+41
0.0814	0.016	-1.17804028479845e+42
0.0836	0.016	1.34424414468162e+39
0.0858	0.016	-5.83885688790479e+41
0.088	0.016	-6.80313792945746e+42
0.0902	0.016	-1.68975686015278e+42
0.0924	0.016	4.51954798372117e+42
0.0946	0.016	4.06608902179095e+42
0.0968	0.016	2.9077551104868e+42
0.099	0.016	2.13498934217825e+42
0.1012	0.016	1.49558210354497e+42
0.1034	0.016	1.08585513217523e+42
0.1056	0.016	8.36293022307357e+41
0.1078	0.016	6.32518191982369e+41
0.11	0.016	4.82999183840661e+41
0	0.0192	-2.7964106353869e+27
0.0022	0.0192	-2.98979367000015e+28
0.0044	0.0192	1.39735397077605e+29
0.0066	0.0192	-3.2473416483374e+29
0.0088	0.0192	1.70375394730401e+29
0.011	0.0192	5.79108050753166e+30
0.0132	0.0192	-7.07660749752395e+30
0.0154	0.0192	5.57728071914965e+31
0.0176	0.0192	-4.55057061504122e+32
0.0198	0.0192	-8.11706858197075e+32
0.022	0.0192	2.28593968393954e+32
0.0242	0.0192	-1.21307994312884e+33
0.0264	0.0192	1.02300624703477e+33
0.0286	0.0192	1.48220193664843e+33
0.0308	0.0192	-6.79303124805685e+33
0.033	0.0192	7.19453240297557e+33
0.0352	0.0192	-7.96920138046201e+33
0.0374	0.0192	2.17445433643239e+34
0.0396	0.0192	-2.08589882181762e+34
0.0418	0.0192	1.01529019096128e+34
0.044	0.0192	6.45041471301697e+33
0.0462	0.0192	-3.9571782642349e+34
0.0484	0.0192	1.79185265351224e+35
0.0506	0.0192	-7.64368735761772e+35
0.0528	0.0192	3.03063428192336e+36
0.055	0.0192	-1.09335986919865e+37
0.0572	0.0192	3.4356122263723e+37
0.0594	0.0192	-8.26923314672777e+37
0.0616	0.0192	6.28231574663788e+37
0.0638	0.0192	8.81565565897633e+38
0.066	0.0192	-7.66390333702152e+39
0.0682	0.0192	4.35624681442358e+40
0.0704	0.0192	-2.08512207225002e+41
0.0726	0.0192	9.15279742154604e+41
0.0748	0.0192	-3.83841131430561e+42
0.077	0.0192	-3.7074837378898e+42
0.0792	0.0192	-3.17137243148573e+42
0.0814	0.0192	4.38203504840886e+42
0.0836	0.0192	3.17812696002847e+40
0.0858	0.0192	2.18068816642647e+42
0.088	0.0192	2.54983406291768e+43
0.0902	0.0192	6.53889029100082e+42
0.0924	0.0192	-1.66896812280784e+43
0.0946	0.0192	-1.50979165865181e+43
0.0968	0.0192	-1.08487750327134e+43
0.099	0.0192	-8.01751669422796e+42
0.1012	0.0192	-5.66700563208101e+42
0.1034	0.0192	-4.16224270603151e+42
0.1056	0.0192	-3.24759076287858e+42
0.1078	0.0192	-2.49950575975559e+42
0.11	0.0192	-1.94947157794449e+42
0	0.0224	6.47813841379832e+27
0.0022	0.0224	-4.4695135692784e+28
0.0044	0.0224	1.71344397199691e+29
0.0066	0.0224	-3.75779425347299e+29
0.0088	0.0224	1.86366719575252e+29
0.011	0.0224	6.17717563273009e+30
0.0132	0.0224	-5.62008958305045e+30
0.0154	0.0224	5.07361587383161e+31
0.0176	0.0224	-4.18073798998971e+32
0.0198	0.0224	-1.05582019779616e+33
0.022	0.0224	-3.02759170483714e+32
0.0242	0.0224	6.17600863501356e+33
0.0264	0.0224	-5.86864976850704e+33
0.0286	0.0224	-5.65326065068078e+33
0.0308	0.0224	3.37706433916769e+34
0.033	0.0224	-3.34288017624162e+34
0.0352	0.0224	3.18033635524131e+34
0.0374	0.0224	-1.07888848475907e+35
0.0396	0.0224	1.02255054181202e+35
0.0418	0.0224	-5.07527512826241e+34
0.044	0.0224	-2.10796160672135e+34
0.0462	0.0224	1.32067067137761e+35
0.0484	0.0224	-6.19470733071375e+35
0.0506	0.0224	2.76297162031806e+36
0.0528	0.0224	-1.15097328219205e+37
0.055	0.0224	4.40895951593821e+37
0.0572	0.0224	-1.51068135581234e+38
0.0594	0.0224	4.30335481591389e+38
0.0616	0.0224	-7.80412392652923e+38
0.0638	0.0224	-1.17038548488691e+39
0.066	0.0224	2.13663582075282e+40
0.0682	0.0224	-1.40079793284922e+41
0.0704	0.0224	7.09380012958201e+41
0.0726	0.0224	-3.20397331035043e+42
0.0748	0.0224	1.3865726957212e+43
0.077	0.0224	1.35515091616019e+43
0.0792	0.0224	1.15826121091126e+43
0.0814	0.0224	-1.65307818427044e+43
0.0836	0.0224	-4.85537406254412e+41
0.0858	0.0224	-8.37120850692622e+42
0.088	0.0224	-9.57921280670142e+43
0.0902	0.0224	-2.54972607534149e+43
0.0924	0.0224	6.13962213104888e+43
0.0946	0.0224	5.58321752099498e+43
0.0968	0.0224	4.02527481703052e+43
0.099	0.0224	2.98884377118758e+43
0.1012	0.0224	2.12546471123124e+43
0.1034	0.0224	1.57367242216741e+43
0.1056	0.0224	1.23921343363695e+43
0.1078	0.0224	9.65455450812101e+42
0.11	0.0224	7.63909981984406e+42
0	0.0256	3.31292334079279e+28
0.0022	0.0256	-5.35204022856758e+28
0.0044	0.0256	1.29871341790305e+29
0.0066	0.0256	-1.30015174123276e+29
0.0088	0.0256	-7.39521137896911e+29
0.011	0.0256	9.15568772984498e+30
0.0132	0.0256	-1.29478982847955e+31
0.0154	0.0256	7.22002197813914e+31
0.0176	0.0256	-4.95841207874261e+32
0.0198	0.0256	-9.71528868005968e+32
0.022	0.0256	-7.1382880929801e+32
0.0242	0.0256	7.64470852237351e+33
0.0264	0.0256	3.18150524344443e+34
0.0286	0.0256	1.89839421603195e+34
0.0308	0.0256	-1.69618681211501e+35
0.033	0.0256	1.56567588314038e+35
0.0352	0.0256	-1.16068965596846e+35
0.0374	0.0256	5.38843701893527e+35
0.0396	0.0256	-5.00289754416888e+35
0.0418	0.0256	2.49037837810626e+35
0.044	0.0256	7.44467441206885e+34
0.0462	0.0256	-4.29156465007524e+35
0.0484	0.0256	2.07918367964351e+36
0.0506	0.0256	-9.70627078500852e+36
0.0528	0.0256	4.24284453293417e+37
0.055	0.0256	-1.71606976296972e+38
0.0572	0.0256	6.3160871635024e+38
0.0594	0.0256	-2.01792439529964e+39
0.0616	0.0256	4.91704360629349e+39
0.0638	0.0256	-3.86405043819765e+39
0.066	0.0256	-5.07272279920184e+40
0.0682	0.0256	4.32169916734125e+41
0.0704	0.0256	-2.36788919094547e+42
0.0726	0.0256	1.09907914152849e+43
0.0748	0.0256	-4.89047557469984e+43
0.077	0.0256	-4.83885627947909e+43
0.0792	0.0256	-4.11616295078204e+43
0.0814	0.0256	6.346504941099e+43
0.0836	0.0256	4.28956638153136e+42
0.0858	0.0256	3.32143806818579e+43
0.088	0.0256	3.60958212452634e+44
0.0902	0.0256	1.00352257647726e+44
0.0924	0.0256	-2.24684653366848e+44
0.0946	0.0256	-2.05320051616595e+44
0.0968	0.0256	-1.48219873321345e+44
0.099	0.0256	-1.10303572815884e+44
0.1012	0.0256	-7.86110130289771e+43
0.1034	0.0256	-5.83978495540746e+43
0.1056	0.0256	-4.61898000453742e+43
0.1078	0.0256	-3.61918849373459e+43
0.11	0.0256	-2.88260944120805e+43
0	0.0288	-1.75388017991684e+28
0.0022	0.0288	9.42685827641497e+27
0.0044	0.0288	2.31980573727052e+28
0.0066	0.0288	1.15867305424933e+29
0.0088	0.0288	-1.32948936807764e+30
0.011	0.0288	1.0740860995026e+31
0.0132	0.0288	-1.34296097655586e+31
0.0154	0.0288	7.04167519184729e+31
0.0176	0.0288	-4.63292793016867e+32
0.0198	0.0288	-1.2243030109463e+33
0.022	0.0288	-2.20800631059699e+32
0.0242	0.0288	5.97583735605778e+33
0.0264	0.0288	3.95347717479629e+34
0.0286	0.0288	-4.95234557437149e+34
0.0308	0.0288	8.60929414904038e+35
0.033	0.0288	-7.42189096769806e+35
0.0352	0.0288	3.48232487291999e+35
0.0374	0.0288	-2.71230984476878e+36
0.0396	0.0288	2.44307471575542e+36
0.0418	0.0288	-1.20763411218222e+36
0.044	0.0288	-3.0811872936337e+35
0.0462	0.0288	1.35493902520304e+36
0.0484	0.0288	-6.75135183075753e+36
0.0506	0.0288	3.30794840344767e+37
0.0528	0.0288	-1.51826217520912e+38
0.055	0.0288	6.46285937786465e+38
0.0572	0.0288	-2.53366062621458e+39
0.0594	0.0288	8.85055366445851e+39
0.0616	0.0288	-2.55095169096783e+40
0.0638	0.0288	4.60166851659608e+40
0.066	0.0288	7.31740388803209e+40
0.0682	0.0288	-1.25068698384758e+42
0.0704	0.0288	7.75649857053146e+42
0.0726	0.0288	-3.69255742027655e+43
0.0748	0.0288	1.65917468515304e+44
0.077	0.0288	1.66449908750813e+44
0.0792	0.0288	1.39924394957622e+44
0.0814	0.0288	-2.49430411747876e+44
0.0836	0.0288	-3.12201839217684e+43
0.0858	0.0288	-1.37280688512533e+44
0.088	0.0288	-1.36597762711637e+45
0.0902	0.0288	-3.99922369626503e+44
0.0924	0.0288	8.15857103536732e+44
0.0946	0.0288	7.48784175124141e+44
0.0968	0.0288	5.39572767642036e+44
0.099	0.0288	4.00934286733705e+44
0.1012	0.0288	2.84659769822445e+44
0.1034	0.0288	2.10678832584946e+44
0.1056	0.0288	1.66185347917411e+44
0.1078	0.0288	1.29736408563933e+44
0.11	0.0288	1.02878895264674e+44
0	0.032	2.37381177868294e+28
0.0022	0.032	-4.82884459265141e+28
0.0044	0.032	1.29172445719133e+29
0.0066	0.032	-9.57353265764764e+28
0.0088	0.032	-8.31698439207756e+29
0.011	0.032	9.01536973196972e+30
0.0132	0.032	-4.79355126250654e+30
0.0154	0.032	4.03180640859232e+31
0.0176	0.032	-3.73145815807128e+32
0.0198	0.032	-1.69248293724006e+33
0.022	0.032	1.11729599727908e+33
0.0242	0.032	1.70183760648111e+33
0.0264	0.032	5.6076327067721e+34
0.0286	0.032	-1.08066416209231e+35
0.0308	0.032	1.0911418546203e+36
0.033	0.032	3.45200683335384e+36
0.0352	0.032	-4.68434927500099e+35
0.0374	0.032	1.37764134327259e+37
0.0396	0.032	-1.19033758451531e+37
0.0418	0.032	5.8168951789196e+36
0.044	0.032	1.54543698040525e+36
0.0462	0.032	-4.139287327801e+36
0.0484	0.032	2.1090105511644e+37
0.0506	0.032	-1.09019086162137e+38
0.0528	0.032	5.26886382841333e+38
0.055	0.032	-2.3563665353716e+39
0.0572	0.032	9.79229024248269e+39
0.0594	0.032	-3.69050579398005e+40
0.0616	0.032	1.19777629038235e+41
0.0638	0.032	-2.91088075830755e+41
0.066	0.032	1.92828523901535e+41
0.0682	0.032	3.20947519306255e+42
0.0704	0.032	-2.49820380008929e+43
0.0726	0.032	1.22317882510797e+44
0.0748	0.032	-5.24666992107491e+44
0.077	0.032	-5.35811699119771e+44
0.0792	0.032	-4.38409533710451e+44
0.0814	0.032	1.01048461352979e+45
0.0836	0.032	2.05996270826242e+44
0.0858	0.032	5.9480703282367e+44
0.088	0.032	5.2010929063549e+45
0.0902	0.032	1.62037086338417e+45
0.0924	0.032	-2.92688708097197e+45
0.0946	0.032	-2.69580925243047e+45
0.0968	0.032	-1.92948800612869e+45
0.099	0.032	-1.4228057906014e+45
0.1012	0.032	-9.96414697638127e+44
0.1034	0.032	-7.25850133676303e+44
0.1056	0.032	-5.63910050320631e+44
0.1078	0.032	-4.31245537903083e+44
0.11	0.032	-3.3352412289586e+44
0	0.0352	-2.2446147527042e+28
0.0022	0.0352	3.10680936711299e+28
0.0044	0.0352	-6.5704476717978e+28
0.0066	0.0352	4.04431379216067e+29
0.0088	0.0352	-2.11010962333332e+30
0.011	0.0352	1.2643860613651e+31
0.0132	0.0352	-1.14988743618243e+31
0.0154	0.0352	6.07040770014634e+31
0.0176	0.0352	-4.21345964566651e+32
0.0198	0.0352	-1.65861280912335e+33
0.022	0.0352	5.06300049630022e+32
0.0242	0.0352	4.10886447310997e+33
0.0264	0.0352	4.88474197367033e+34
0.0286	0.0352	-6.33926360135043e+34
0.0308	0.0352	9.03195630684388e+35
0.033	0.0352	4.51768999560639e+36
0.0352	0.0352	-5.13678747846679e+36
0.0374	0.0352	-7.06838666856427e+37
0.0396	0.0352	5.78165922897207e+37
0.0418	0.0352	-2.79515829432612e+37
0.044	0.0352	-8.91716783078956e+36
0.0462	0.0352	1.21136856409651e+37
0.0484	0.0352	-6.28045625488125e+37
0.0506	0.0352	3.4557547206714e+38
0.0528	0.0352	-1.76992277072238e+39
0.055	0.0352	8.3102640094871e+39
0.0572	0.0352	-3.65093718246085e+40
0.0594	0.0352	1.47377075394474e+41
0.0616	0.0352	-5.26359821428035e+41
0.0638	0.0352	1.52608728216607e+42
0.066	0.0352	-2.5933640859468e+42
0.0682	0.0352	-5.94967003705354e+42
0.0704	0.0352	7.92903778366132e+43
0.0726	0.0352	-4.10750873389047e+44
0.0748	0.0352	1.42570708525409e+45
0.077	0.0352	1.50113572450622e+45
0.0792	0.0352	1.14304802584752e+45
0.0814	0.0352	-4.24877980420614e+45
0.0836	0.0352	-1.2836874585348e+45
0.0858	0.0352	-2.708945669791e+45
0.088	0.0352	-1.99775978652229e+46
0.0902	0.0352	-6.70726115530214e+45
0.0924	0.0352	1.029910700776e+46
0.0946	0.0352	9.50772868759881e+45
0.0968	0.0352	6.70136855345643e+45
0.099	0.0352	4.85029563489818e+45
0.1012	0.0352	3.28723450794803e+45
0.1034	0.0352	2.29832460029954e+45
0.1056	0.0352	1.70959005913093e+45
0.1078	0.0352	1.22737952924098e+45
0.11	0.0352	8.72452581396216e+44
0	0.0384	-1.58310105756689e+28
0.0022	0.0384	-2.17054107469728e+28
0.0044	0.0384	1.19184909919242e+29
0.0066	0.0384	-1.336853015409e+29
0.0088	0.0384	-4.72050747715906e+29
0.011	0.0384	7.0226053303418e+30
0.0132	0.0384	1.04588877645712e+31
0.0154	0.0384	-1.18000805556027e+31
0.0176	0.0384	-1.93767968151763e+32
0.0198	0.0384	-2.57924985062232e+33
0.022	0.0384	3.26433520031759e+33
0.0242	0.0384	-4.8580457522806e+33
0.0264	0.0384	8.14268763546557e+34
0.0286	0.0384	-1.79944632430013e+35
0.0308	0.0384	1.35173240842321e+36
0.033	0.0384	3.25356399079071e+36
0.0352	0.0384	1.92234442922833e+35
0.0374	0.0384	-9.85755981603953e+37
0.0396	0.0384	-2.68802267600343e+38
0.0418	0.0384	1.3428789116859e+38
0.044	0.0384	5.4793936126024e+37
0.0462	0.0384	-3.29652154319569e+37
0.0484	0.0384	1.7550347069506e+38
0.0506	0.0384	-1.04373051954614e+39
0.0528	0.0384	5.73942134528708e+39
0.055	0.0384	-2.82916293512224e+40
0.0572	0.0384	1.31215056547032e+41
0.0594	0.0384	-5.65064261910142e+41
0.0616	0.0384	2.19491260958367e+42
0.0638	0.0384	-7.24889539240735e+42
0.066	0.0384	1.71878574019385e+43
0.0682	0.0384	-3.8843143398142e+42
0.0704	0.0384	-2.45857911799364e+44
0.0726	0.0384	1.50131466448831e+45
0.0748	0.0384	-2.33448711668924e+45
0.077	0.0384	-2.73961265830704e+45
0.0792	0.0384	-1.42016910230007e+45
0.0814	0.0384	1.86463403581539e+46
0.0836	0.0384	7.72246129513531e+45
0.0858	0.0384	1.29478928641238e+46
0.088	0.0384	7.76882826362788e+46
0.0902	0.0384	2.85155196361437e+46
0.0924	0.0384	-3.50809730107212e+46
0.0946	0.0384	-3.23884379916459e+46
0.0968	0.0384	-2.21123647754883e+46
0.099	0.0384	-1.53513721050235e+46
0.1012	0.0384	-9.62260673462492e+45
0.1034	0.0384	-6.00945173450728e+45
0.1056	0.0384	-3.87071414457114e+45
0.1078	0.0384	-2.1195519468355e+45
0.11	0.0384	-8.32006553105799e+44
0	0.0416	4.67830841563881e+28
0.0022	0.0416	-7.83374509826537e+28
0.0044	0.0416	1.09608640031245e+29
0.0066	0.0416	1.93956931340292e+28
0.0088	0.0416	-9.81291541861749e+29
0.011	0.0416	8.94528739713608e+30
0.0132	0.0416	7.4761020488701e+30
0.0154	0.0416	3.94045350289564e+30
0.0176	0.0416	-2.48640252331307e+32
0.0198	0.0416	-2.46922355045773e+33
0.022	0.0416	2.15217401172888e+33
0.0242	0.0416	-1.6044590255903e+32
0.0264	0.0416	6.46909187044671e+34
0.0286	0.0416	-9.32526071789376e+34
0.0308	0.0416	9.83087861532196e+35
0.033	0.0416	5.11909479126511e+36
0.0352	0.0416	-5.14731094214622e+36
0.0374	0.0416	-7.79251707227868e+37
0.0396	0.0416	-3.9972050152261e+38
0.0418	0.0416	-6.15063728008708e+38
0.044	0.0416	-3.42010780161511e+38
0.0462	0.0416	7.47857413396465e+37
0.0484	0.0416	-4.46684636069485e+38
0.0506	0.0416	2.94909277964159e+39
0.0528	0.0416	-1.79013680474642e+40
0.055	0.0416	9.26875963025845e+40
0.0572	0.0416	-4.53534158268186e+41
0.0594	0.0416	2.07902479672109e+42
0.0616	0.0416	-8.72759635917651e+42
0.0638	0.0416	3.21455258903363e+43
0.066	0.0416	-9.36216120480254e+43
0.0682	0.0416	1.32638462123234e+44
0.0704	0.0416	7.28568391259683e+44
0.0726	0.0416	-7.95411523914969e+45
0.0748	0.0416	4.57348547325143e+46
0.077	0.0416	4.66841571660304e+46
0.0792	0.0416	3.89902099016127e+46
0.0814	0.0416	-8.25690954732629e+46
0.0836	0.0416	-1.55283393954721e+46
0.0858	0.0416	-5.02198216745081e+46
0.088	0.0416	-4.58264346033615e+47
0.0902	0.0416	-1.42631348679733e+47
0.0924	0.0416	2.69986337277245e+47
0.0946	0.0416	2.50873402180449e+47
0.0968	0.0416	1.80811406178926e+47
0.099	0.0416	1.33659333834313e+47
0.1012	0.0416	9.31199795716966e+46
0.1034	0.0416	6.69279983308473e+46
0.1056	0.0416	5.10182167380907e+46
0.1078	0.0416	3.76810738394996e+46
0.11	0.0416	2.76933078017998e+46
0	0.0448	-6.51877128453505e+27
0.0022	0.0448	2.6458677297942e+28
0.0044	0.0448	-6.29695410398602e+28
0.0066	0.0448	3.69652105073689e+29
0.0088	0.0448	-1.72330818932733e+30
0.011	0.0448	1.01793412779955e+31
0.0132	0.0448	8.93283916810643e+30
0.0154	0.0448	-2.01009777926139e+30
0.0176	0.0448	-2.39350401153328e+32
0.0198	0.0448	-2.66982715963643e+33
0.022	0.0448	2.42541600899107e+33
0.0242	0.0448	-7.47306722926741e+32
0.0264	0.0448	6.88250953732748e+34
0.0286	0.0448	-1.04603432004759e+35
0.0308	0.0448	1.04598771816845e+36
0.033	0.0448	5.27894735973428e+36
0.0352	0.0448	-4.70496537269088e+36
0.0374	0.0448	-8.83242761024974e+37
0.0396	0.0448	-4.13834897648263e+38
0.0418	0.0448	-7.6799062676567e+38
0.044	0.0448	-5.5194743716313e+38
0.0462	0.0448	3.19314067652714e+36
0.0484	0.0448	9.6814770743705e+38
0.0506	0.0448	-7.47189608028183e+39
0.0528	0.0448	5.34627316604523e+40
0.055	0.0448	-2.90992088613778e+41
0.0572	0.0448	1.50200304973279e+42
0.0594	0.0448	-7.32023329085585e+42
0.0616	0.0448	3.3085702293109e+43
0.0638	0.0448	-1.34423225069628e+44
0.066	0.0448	4.60183315073378e+44
0.0682	0.0448	-1.08959891158014e+45
0.0704	0.0448	-3.35401472416423e+44
0.0726	0.0448	2.34021339156918e+46
0.0748	0.0448	-1.68095404918246e+47
0.077	0.0448	-1.76690825542929e+47
0.0792	0.0448	-1.46674888134253e+47
0.0814	0.0448	3.39996934436305e+47
0.0836	0.0448	7.70856142134723e+46
0.0858	0.0448	2.13259560233571e+47
0.088	0.0448	1.87238783920179e+48
0.0902	0.0448	6.19766447632386e+47
0.0924	0.0448	-1.05145185086e+48
0.0946	0.0448	-9.90278647164038e+47
0.0968	0.0448	-7.19625900076743e+47
0.099	0.0448	-5.38114857012089e+47
0.1012	0.0448	-3.80414948910597e+47
0.1034	0.0448	-2.78782928426156e+47
0.1056	0.0448	-2.17364912890346e+47
0.1078	0.0448	-1.65594151214986e+47
0.11	0.0448	-1.26523713580359e+47
0	0.048	9.34262433546771e+27
0.0022	0.048	-2.169238067638e+28
0.0044	0.048	-2.18941657139892e+28
0.0066	0.048	2.30092922838471e+29
0.0088	0.048	-1.08710568944989e+30
0.011	0.048	8.16739681870792e+30
0.0132	0.048	1.91151520846118e+31
0.0154	0.048	-2.73645499048768e+31
0.0176	0.048	-1.63587598606621e+32
0.0198	0.048	-2.99438192647635e+33
0.022	0.048	2.6898655929748e+33
0.0242	0.048	-6.7007714645282e+32
0.0264	0.048	6.82210284061091e+34
0.0286	0.048	-7.79891342792751e+34
0.0308	0.048	9.09474290868815e+35
0.033	0.048	6.25776653068711e+36
0.0352	0.048	-6.2837105347961e+36
0.0374	0.048	-8.34014979789986e+37
0.0396	0.048	-4.87826594976856e+38
0.0418	0.048	-7.98525686468424e+38
0.044	0.048	-6.81863836598464e+38
0.0462	0.048	1.25152686903616e+38
0.0484	0.048	-1.52607975519743e+39
0.0506	0.048	1.48433069527616e+40
0.0528	0.048	-1.52085147323538e+41
0.055	0.048	8.70722559086849e+41
0.0572	0.048	-4.74211383821797e+42
0.0594	0.048	2.4554167574484e+43
0.0616	0.048	-1.19122157880758e+44
0.0638	0.048	5.28724688527237e+44
0.066	0.048	-2.05453020147177e+45
0.0682	0.048	6.29137260095679e+45
0.0704	0.048	-9.41355534752075e+45
0.0726	0.048	-5.06543851938177e+46
0.0748	0.048	5.57238982651807e+47
0.077	0.048	6.14616793436624e+47
0.0792	0.048	4.99995178276231e+47
0.0814	0.048	-1.41196588222585e+48
0.0836	0.048	-4.06011345376194e+47
0.0858	0.048	-9.26124745037443e+47
0.088	0.048	-7.55231526148303e+48
0.0902	0.048	-2.69984839190746e+48
0.0924	0.048	3.93285016533346e+48
0.0946	0.048	3.76688121225197e+48
0.0968	0.048	2.75660834126325e+48
0.099	0.048	2.08341947097619e+48
0.1012	0.048	1.49110852609478e+48
0.1034	0.048	1.11149805064453e+48
0.1056	0.048	8.84343938611553e+47
0.1078	0.048	6.91901841660448e+47
0.11	0.048	5.45560570989593e+47
0	0.0512	1.92970988559222e+28
0.0022	0.0512	2.77736458938122e+28
0.0044	0.0512	-8.8978546283011e+28
0.0066	0.0512	2.96455404633718e+29
0.0088	0.0512	-1.0026269375157e+30
0.011	0.0512	7.10566590144786e+30
0.0132	0.0512	2.71995204565384e+31
0.0154	0.0512	-4.94488982862794e+31
0.0176	0.0512	-1.13157747265091e+32
0.0198	0.0512	-3.30747284232942e+33
0.022	0.0512	3.19067148914498e+33
0.0242	0.0512	-1.86422160642669e+33
0.0264	0.0512	7.43363736629712e+34
0.0286	0.0512	-9.54191480835733e+34
0.0308	0.0512	9.98665975743099e+35
0.033	0.0512	6.31015536815953e+36
0.0352	0.0512	-4.98693669363878e+36
0.0374	0.0512	-9.77485996588896e+37
0.0396	0.0512	-4.90758746889828e+38
0.0418	0.0512	-1.06641779788282e+39
0.044	0.0512	-5.3036853112569e+38
0.0462	0.0512	-1.25628299124734e+39
0.0484	0.0512	4.73914648574776e+39
0.0506	0.0512	-4.53127964689252e+40
0.0528	0.0512	4.10912113020134e+41
0.055	0.0512	-2.46600435813993e+42
0.0572	0.0512	1.41816103607219e+43
0.0594	0.0512	-7.80347444679599e+43
0.0616	0.0512	4.0585284611574e+44
0.0638	0.0512	-1.95760025965851e+45
0.066	0.0512	8.47806496138836e+45
0.0682	0.0512	-3.08550637823958e+46
0.0704	0.0512	7.7513791078235e+46
0.0726	0.0512	1.74594032203989e+46
0.0748	0.0512	-1.66693966514813e+48
0.077	0.0512	-1.99498490959647e+48
0.0792	0.0512	-1.55559568501628e+48
0.0814	0.0512	5.99154622606679e+48
0.0836	0.0512	2.14267902978417e+48
0.0858	0.0512	4.13339129098275e+48
0.088	0.0512	3.07596327345867e+49
0.0902	0.0512	1.1928913280127e+49
0.0924	0.0512	-1.45235196592045e+49
0.0946	0.0512	-1.41929200572387e+49
0.0968	0.0512	-1.04412323475711e+49
0.099	0.0512	-7.96385689089586e+48
0.1012	0.0512	-5.75119065093064e+48
0.1034	0.0512	-4.34527829745255e+48
0.1056	0.0512	-3.51687356384167e+48
0.1078	0.0512	-2.81189602914028e+48
0.11	0.0512	-2.27216620203737e+48
0	0.0544	-3.3399808861983e+28
0.0022	0.0544	6.04102024664387e+28
0.0044	0.0544	-1.75226411399075e+29
0.0066	0.0544	3.77861283867307e+29
0.0088	0.0544	-8.46856729071174e+29
0.011	0.0544	6.51549972983835e+30
0.0132	0.0544	3.2579215038979e+31
0.0154	0.0544	-5.49678336980396e+31
0.0176	0.0544	-1.13148409220956e+32
0.0198	0.0544	-3.36568684963664e+33
0.022	0.0544	2.43329876734202e+33
0.0242	0.0544	1.80543221714369e+33
0.0264	0.0544	6.13036357512942e+34
0.0286	0.0544	-2.15665708171685e+34
0.0308	0.0544	6.86129339643975e+35
0.033	0.0544	7.97150340275572e+36
0.0352	0.0544	-8.88518154811157e+36
0.0374	0.0544	-8.44071773945992e+37
0.0396	0.0544	-6.06501380041713e+38
0.0418	0.0544	-9.79767022466522e+38
0.044	0.0544	-1.42035493344757e+39
0.0462	0.0544	2.05242007117919e+39
0.0484	0.0544	-1.24584171816128e+40
0.0506	0.0544	1.16214767417347e+41
0.0528	0.0544	-1.0383695641612e+42
0.055	0.0544	6.5475226287019e+42
0.0572	0.0544	-3.98174458048053e+43
0.0594	0.0544	2.33111506223001e+44
0.0616	0.0544	-1.30030311928753e+45
0.0638	0.0544	6.8039878186154e+45
0.066	0.0544	-3.25705974075789e+46
0.0682	0.0544	1.36178367479131e+47
0.0704	0.0544	-4.45594096176718e+47
0.0726	0.0544	6.97410418308622e+47
0.0748	0.0544	3.95813812642947e+48
0.077	0.0544	5.69491060123087e+48
0.0792	0.0544	3.99425152123366e+48
0.0814	0.0544	-2.60486175642943e+49
0.0836	0.0544	-1.12910923622478e+49
0.0858	0.0544	-1.89626175035642e+49
0.088	0.0544	-1.27012117160037e+50
0.0902	0.0544	-5.359949910594e+49
0.0924	0.0544	5.27781395679896e+49
0.0946	0.0544	5.28823807879129e+49
0.0968	0.0544	3.90022680151256e+49
0.099	0.0544	2.995246033068e+49
0.1012	0.0544	2.17204777960399e+49
0.1034	0.0544	1.65573670971854e+49
0.1056	0.0544	1.3586581391908e+49
0.1078	0.0544	1.10493531558526e+49
0.11	0.0544	9.0962236137669e+48
0	0.0576	6.57478000619926e+28
0.0022	0.0576	-5.30183931364553e+27
0.0044	0.0576	3.03926091727529e+28
0.0066	0.0576	-3.01516999012839e+29
0.0088	0.0576	1.35271837941235e+30
0.011	0.0576	-5.45827135841377e+29
0.0132	0.0576	5.84750776537205e+31
0.0154	0.0576	-1.28160916080446e+32
0.0176	0.0576	9.27926409818187e+31
0.0198	0.0576	-4.17710331107584e+33
0.022	0.0576	4.48126103510385e+33
0.0242	0.0576	-4.6014194259984e+33
0.0264	0.0576	8.57869761603371e+34
0.0286	0.0576	-1.07926174405775e+35
0.0308	0.0576	1.04673643613916e+36
0.033	0.0576	6.95198699312138e+36
0.0352	0.0576	-2.87252419841303e+36
0.0374	0.0576	-1.18163119543447e+38
0.0396	0.0576	-5.3644729822047e+38
0.0418	0.0576	-1.62836577105094e+39
0.044	0.0576	1.67782316167536e+38
0.0462	0.0576	-6.1717098275828e+39
0.0484	0.0576	2.92607145088156e+40
0.0506	0.0576	-2.72631295196655e+41
0.0528	0.0576	2.42279880461509e+42
0.055	0.0576	-1.60839315220896e+43
0.0572	0.0576	1.03634827677639e+44
0.0594	0.0576	-6.46856302467327e+44
0.0616	0.0576	3.87687989336615e+45
0.0638	0.0576	-2.20259151336002e+46
0.066	0.0576	1.16267325437879e+47
0.0682	0.0576	-5.5082697503757e+47
0.0704	0.0576	2.180442020025e+48
0.0726	0.0576	-5.81711528891475e+48
0.0748	0.0576	-2.77753643091184e+48
0.077	0.0576	-1.15817140057554e+49
0.0792	0.0576	-4.89015970867754e+48
0.0814	0.0576	1.16112305235521e+50
0.0836	0.0576	5.93695049162089e+49
0.0858	0.0576	8.92783458587018e+49
0.088	0.0576	5.33514626854219e+50
0.0902	0.0576	2.45507729769299e+50
0.0924	0.0576	-1.870317827639e+50
0.0946	0.0576	-1.93761118278318e+50
0.0968	0.0576	-1.42657567336356e+50
0.099	0.0576	-1.09938479942449e+50
0.1012	0.0576	-7.94738953217508e+49
0.1034	0.0576	-6.07359468167393e+49
0.1056	0.0576	-5.03490382893072e+49
0.1078	0.0576	-4.14600716373674e+49
0.11	0.0576	-3.45928456953415e+49
0	0.0608	-1.22824745797428e+29
0.0022	0.0608	2.14815396926435e+29
0.0044	0.0608	-4.35057595311225e+29
0.0066	0.0608	7.48118820138872e+29
0.0088	0.0608	-1.35861575534977e+30
0.011	0.0608	8.09361005333445e+30
0.0132	0.0608	3.32247035299664e+31
0.0154	0.0608	-2.75367619012575e+31
0.0176	0.0608	-2.71797669710203e+32
0.0198	0.0608	-2.99706075138422e+33
0.022	0.0608	-5.98149307963534e+32
0.0242	0.0608	1.39059941325632e+34
0.0264	0.0608	2.13540986024901e+34
0.0286	0.0608	1.59075967678307e+35
0.0308	0.0608	4.85627840338606e+33
0.033	0.0608	1.14174348052511e+37
0.0352	0.0608	-1.72977266341571e+37
0.0374	0.0608	-6.39131508623034e+37
0.0396	0.0608	-8.26003463441588e+38
0.0418	0.0608	-8.87570114666405e+38
0.044	0.0608	-3.87029293385384e+39
0.0462	0.0608	1.12229883355874e+40
0.0484	0.0608	-6.2794135352072e+40
0.0506	0.0608	5.80129007696861e+41
0.0528	0.0608	-5.11988580989947e+42
0.055	0.0608	3.58604823979274e+43
0.0572	0.0608	-2.45419169307445e+44
0.0594	0.0608	1.63773658221458e+45
0.0616	0.0608	-1.05791092003672e+46
0.0638	0.0608	6.54522222867273e+46
0.066	0.0608	-3.81648817958201e+47
0.0682	0.0608	2.04199624460387e+48
0.0704	0.0608	-9.52896569734827e+48
0.0726	0.0608	3.42471465131524e+49
0.0748	0.0608	-5.11609282890642e+49
0.077	0.0608	-7.71977943770187e+48
0.0792	0.0608	-3.47763197105827e+49
0.0814	0.0608	-5.30472809382762e+50
0.0836	0.0608	-3.1144834367835e+50
0.0858	0.0608	-4.30437743776989e+50
0.088	0.0608	-2.28998049061484e+51
0.0902	0.0608	-1.15001379454233e+51
0.0924	0.0608	6.35540936276596e+50
0.0946	0.0608	6.91689268325906e+50
0.0968	0.0608	5.04821069292072e+50
0.099	0.0608	3.88357129111167e+50
0.1012	0.0608	2.76429762934065e+50
0.1034	0.0608	2.09623555332677e+50
0.1056	0.0608	1.74796022260542e+50
0.1078	0.0608	1.45020135131773e+50
0.11	0.0608	1.21999956894306e+50
0	0.064	1.10866914618241e+29
0.0022	0.064	-1.0251630486991e+29
0.0044	0.064	4.2563306951229e+29
0.0066	0.064	-1.76936621752738e+30
0.0088	0.064	6.22286363876565e+30
0.011	0.064	-1.51901865853036e+31
0.0132	0.064	1.1019748682327e+32
0.0154	0.064	-2.62774786622621e+32
0.0176	0.064	4.68154748247403e+32
0.0198	0.064	-5.61667863168714e+33
0.022	0.064	7.56317507512355e+33
0.0242	0.064	-1.3769413102309e+34
0.0264	0.064	1.21520975917492e+35
0.0286	0.064	-2.16631095532273e+35
0.0308	0.064	1.49713284169919e+36
0.033	0.064	5.93488064736291e+36
0.0352	0.064	6.98117500935001e+36
0.0374	0.064	-1.71756976717219e+38
0.0396	0.064	-4.59419656669382e+38
0.0418	0.064	-2.86947632970755e+39
0.044	0.064	3.24175727384313e+39
0.0462	0.064	-2.31751488683693e+40
0.0484	0.064	1.18617085006695e+41
0.0506	0.064	-1.09059473237721e+42
0.0528	0.064	9.51298647177558e+42
0.055	0.064	-7.04634309261501e+43
0.0572	0.064	5.13668116990592e+44
0.0594	0.064	-3.67786238511931e+45
0.0616	0.064	2.57158309022338e+46
0.0638	0.064	-1.7412709991603e+47
0.066	0.064	1.12743517983353e+48
0.0682	0.064	-6.83817688677917e+48
0.0704	0.064	3.7431503433147e+49
0.0726	0.064	-1.7046372398034e+50
0.0748	0.064	4.93132827737994e+50
0.077	0.064	2.8298237260309e+50
0.0792	0.064	3.97341093702415e+50
0.0814	0.064	2.48205872781763e+51
0.0836	0.064	1.63090671564678e+51
0.0858	0.064	2.1223030070986e+51
0.088	0.064	1.01123118494772e+52
0.0902	0.064	5.53726691072438e+51
0.0924	0.064	-1.99884973839256e+51
0.0946	0.064	-2.3676680877439e+51
0.0968	0.064	-1.69126222217577e+51
0.099	0.064	-1.28710306097553e+51
0.1012	0.064	-8.80011516349701e+50
0.1034	0.064	-6.48526215889629e+50
0.1056	0.064	-5.40542167779521e+50
0.1078	0.064	-4.48944805078486e+50
0.11	0.064	-3.78417033877571e+50
0	0.0672	-7.48063853094127e+28
0.0022	0.0672	2.49226191538719e+29
0.0044	0.0672	-4.92623720152589e+29
0.0066	0.0672	8.22615468408472e+29
0.0088	0.0672	-1.78756350912565e+30
0.011	0.0672	1.17613282988839e+31
0.0132	0.0672	2.18265723376177e+31
0.0154	0.0672	5.87491306836743e+31
0.0176	0.0672	-6.62770116951721e+32
0.0198	0.0672	-1.7923473722936e+33
0.022	0.0672	-6.78256692417989e+33
0.0242	0.0672	3.6989018662534e+34
0.0264	0.0672	-5.65501850254583e+34
0.0286	0.0672	4.83572768645142e+35
0.0308	0.0672	-1.21426866630354e+36
0.033	0.0672	1.69376112039567e+37
0.0352	0.0672	-3.29951505564199e+37
0.0374	0.0672	-1.47077339147587e+37
0.0396	0.0672	-1.18465731521329e+39
0.0418	0.0672	-3.4886660180124e+38
0.044	0.0672	-9.15028690852273e+39
0.0462	0.0672	3.35215017882216e+40
0.0484	0.0672	-1.91148707876524e+41
0.0506	0.0672	1.73255889945769e+42
0.0528	0.0672	-1.47857391059812e+43
0.055	0.0672	1.16106667059952e+44
0.0572	0.0672	-9.04504939478192e+44
0.0594	0.0672	6.9783028804943e+45
0.0616	0.0672	-5.31105344103526e+46
0.0638	0.0672	3.96427843568463e+47
0.066	0.0672	-2.8758400098761e+48
0.0682	0.0672	1.99775293736944e+49
0.0704	0.0672	-1.29421526162297e+50
0.0726	0.0672	7.40345830439244e+50
0.0748	0.0672	-3.21617942102246e+51
0.077	0.0672	-2.22334773053356e+51
0.0792	0.0672	-2.74186081595178e+51
0.0814	0.0672	-1.19121586763453e+52
0.0836	0.0672	-8.5473180788175e+51
0.0858	0.0672	-1.07333317516694e+52
0.088	0.0672	-4.65133550264607e+52
0.0902	0.0672	-2.76788353469837e+52
0.0924	0.0672	5.29177451843149e+51
0.0946	0.0672	7.54895999180926e+51
0.0968	0.0672	5.13943105801605e+51
0.099	0.0672	3.80003503308275e+51
0.1012	0.0672	2.33927860212835e+51
0.1034	0.0672	1.57629386602306e+51
0.1056	0.0672	1.29751202866384e+51
0.1078	0.0672	1.06805948064472e+51
0.11	0.0672	8.935872598878e+50
0	0.0704	-2.44187090329746e+29
0.0022	0.0704	2.04026888654619e+29
0.0044	0.0704	1.55061860021687e+29
0.0066	0.0704	-1.6738324521538e+30
0.0088	0.0704	6.69115225284879e+30
0.011	0.0704	-1.63072842961601e+31
0.0132	0.0704	1.20026078046892e+32
0.0154	0.0704	-2.59811378522319e+32
0.0176	0.0704	4.06524706978265e+32
0.0198	0.0704	-5.70320532245028e+33
0.022	0.0704	6.24782489899704e+33
0.0242	0.0704	-9.30276788800857e+33
0.0264	0.0704	1.15147113764068e+35
0.0286	0.0704	-1.83969209773995e+35
0.0308	0.0704	1.49268952036495e+36
0.033	0.0704	6.36815777712084e+36
0.0352	0.0704	1.33019681382146e+37
0.0374	0.0704	-2.16963498879699e+38
0.0396	0.0704	-4.1599266514817e+38
0.0418	0.0704	-4.23107275994163e+39
0.044	0.0704	6.42033798613614e+39
0.0462	0.0704	-4.41956598580061e+40
0.0484	0.0704	2.42095434196498e+41
0.0506	0.0704	-2.13674469268911e+42
0.0528	0.0704	1.73848868167594e+43
0.055	0.0704	-1.45222166319612e+44
0.0572	0.0704	1.21382848813916e+45
0.0594	0.0704	-1.01417643498438e+46
0.0616	0.0704	8.46072323362322e+46
0.0638	0.0704	-7.03133957361256e+47
0.066	0.0704	5.795905602422e+48
0.0682	0.0704	-4.70077971870065e+49
0.0704	0.0704	3.69408675455134e+50
0.0726	0.0704	-2.72305845385914e+51
0.0748	0.0704	1.73084848974678e+52
0.077	0.0704	1.28989767535494e+52
0.0792	0.0704	1.5511554364198e+52
0.0814	0.0704	5.96262341669231e+52
0.0836	0.0704	4.53712451526178e+52
0.0858	0.0704	5.6857292098343e+52
0.088	0.0704	2.2948925772104e+53
0.0902	0.0704	1.46955335702037e+53
0.0924	0.0704	-7.5992152433739e+51
0.0946	0.0704	-2.15488645154743e+52
0.0968	0.0704	-1.31512101172537e+52
0.099	0.0704	-9.09191668994273e+51
0.1012	0.0704	-3.87972120865849e+51
0.1034	0.0704	-1.56999532237517e+51
0.1056	0.0704	-1.22582613727436e+51
0.1078	0.0704	-1.00153722515602e+51
0.11	0.0704	-8.30919716203707e+50
0	0.0736	4.90439431151426e+29
0.0022	0.0736	-6.01445559875309e+29
0.0044	0.0736	1.36399172366741e+30
0.0066	0.0736	-3.78777514860285e+30
0.0088	0.0736	1.02968511596914e+31
0.011	0.0736	-2.00806611560712e+31
0.0132	0.0736	1.17230434311767e+32
0.0154	0.0736	-1.82015479164957e+32
0.0176	0.0736	-4.54422047246676e+30
0.0198	0.0736	-4.06909362192524e+33
0.022	0.0736	-1.44554613840994e+33
0.0242	0.0736	2.07187255162687e+34
0.0264	0.0736	3.07931753903738e+33
0.0286	0.0736	2.92455093886653e+35
0.0308	0.0736	-4.61955959195175e+35
0.033	0.0736	1.49160457103231e+37
0.0352	0.0736	-1.87816454828612e+37
0.0374	0.0736	-8.14218992150635e+37
0.0396	0.0736	-1.11565186962528e+39
0.0418	0.0736	-1.65775672939222e+39
0.044	0.0736	-8.04898308600565e+39
0.0462	0.0736	2.86482692244037e+40
0.0484	0.0736	-2.01945185640936e+41
0.0506	0.0736	1.62772449247488e+42
0.0528	0.0736	-1.12759344312816e+43
0.055	0.0736	1.02135981691731e+44
0.0572	0.0736	-9.29133520777396e+44
0.0594	0.0736	8.49585911773439e+45
0.0616	0.0736	-7.84965463841805e+46
0.0638	0.0736	7.37019354398971e+47
0.066	0.0736	-7.07403398086204e+48
0.0682	0.0736	6.98088241861264e+49
0.0704	0.0736	-7.11754099772414e+50
0.0726	0.0736	7.52218919661248e+51
0.0748	0.0736	-8.24947050972244e+52
0.077	0.0736	-6.6019520067685e+52
0.0792	0.0736	-8.18294738549877e+52
0.0814	0.0736	-3.48524122509289e+53
0.0836	0.0736	-2.5512801613806e+53
0.0858	0.0736	-3.53221208008e+53
0.088	0.0736	-1.33940728382421e+54
0.0902	0.0736	-8.71640642689723e+53
0.0924	0.0736	-3.25245257459514e+51
0.0946	0.0736	8.6723113723535e+52
0.0968	0.0736	5.03399736646555e+52
0.099	0.0736	3.4391529612843e+52
0.1012	0.0736	9.81597987187769e+51
0.1034	0.0736	1.92610711627411e+50
0.1056	0.0736	4.83095766598886e+50
0.1078	0.0736	1.00885256240834e+51
0.11	0.0736	1.22156763082657e+51
0	0.0768	-6.70579493000714e+29
0.0022	0.0768	9.82750849886369e+29
0.0044	0.0768	-1.73226640609602e+30
0.0066	0.0768	3.62791520862754e+30
0.0088	0.0768	-9.58068027543623e+30
0.011	0.0768	3.70063951542244e+31
0.0132	0.0768	-4.77503345142517e+31
0.0154	0.0768	3.35282041143262e+32
0.0176	0.0768	-1.62479275647719e+33
0.0198	0.0768	7.76509336376639e+32
0.022	0.0768	-1.73674864205627e+34
0.0242	0.0768	7.06606698621875e+34
0.0264	0.0768	-1.50798314788719e+35
0.0286	0.0768	8.15881050717701e+35
0.0308	0.0768	-2.14918191552206e+36
0.033	0.0768	2.06659276832806e+37
0.0352	0.0768	-3.29182981917617e+37
0.0374	0.0768	-5.66127843170012e+37
0.0396	0.0768	-1.21730637265418e+39
0.0418	0.0768	-2.3278918028259e+39
0.044	0.0768	-5.33124109228096e+39
0.0462	0.0768	1.40377272552022e+37
0.0484	0.0768	2.74752070912476e+40
0.0506	0.0768	1.63692692435424e+41
0.0528	0.0768	-5.74539602328931e+42
0.055	0.0768	4.06161420952549e+43
0.0572	0.0768	-2.95221409923459e+44
0.0594	0.0768	2.33094667773415e+45
0.0616	0.0768	-2.08541087228064e+46
0.0638	0.0768	2.14375903958955e+47
0.066	0.0768	-2.46851738406333e+48
0.0682	0.0768	3.05276513669946e+49
0.0704	0.0768	-3.91920848852976e+50
0.0726	0.0768	5.12205082569723e+51
0.0748	0.0768	-6.75180744054274e+52
0.077	0.0768	-6.60995477842747e+52
0.0792	0.0768	-6.32771755768685e+52
0.0814	0.0768	-2.95389562207956e+53
0.0836	0.0768	-2.48772899410152e+53
0.0858	0.0768	-2.44383824651064e+53
0.088	0.0768	-1.03614051131607e+54
0.0902	0.0768	-8.66075028372149e+53
0.0924	0.0768	-1.41154933397488e+53
0.0946	0.0768	7.84778496740659e+52
0.0968	0.0768	3.52554211102222e+52
0.099	0.0768	1.02646338155059e+52
0.1012	0.0768	-7.11327691226027e+51
0.1034	0.0768	-2.4710789287346e+49
0.1056	0.0768	9.12337245987238e+50
0.1078	0.0768	1.33488214717183e+51
0.11	0.0768	1.51439127797702e+51
0	0.08	5.50645031196861e+29
0.0022	0.08	-1.16190743932042e+30
0.0044	0.08	3.156544309791e+30
0.0066	0.08	-9.13001456055882e+30
0.0088	0.08	2.63956980905476e+31
0.011	0.08	-6.88465186874665e+31
0.0132	0.08	2.80243630894383e+32
0.0154	0.08	-6.75712482137707e+32
0.0176	0.08	1.61113448587516e+33
0.0198	0.08	-9.96334784883174e+33
0.022	0.08	1.71533569601386e+34
0.0242	0.08	-4.47440912646253e+34
0.0264	0.08	2.46424003604479e+35
0.0286	0.08	-6.29409797384791e+35
0.0308	0.08	3.2465794070416e+36
0.033	0.08	8.95409322306929e+35
0.0352	0.08	4.55230030729768e+37
0.0374	0.08	-3.55093868872211e+38
0.0396	0.08	-2.04863395311151e+38
0.0418	0.08	-6.78906688516007e+39
0.044	0.08	8.81595151166347e+39
0.0462	0.08	-5.38970327686724e+40
0.0484	0.08	2.14400606213137e+41
0.0506	0.08	-2.44049286908634e+42
0.0528	0.08	2.43701556171829e+43
0.055	0.08	-1.85540364614671e+44
0.0572	0.08	1.40397553757507e+45
0.0594	0.08	-1.05493159376594e+46
0.0616	0.08	7.79134418107258e+46
0.0638	0.08	-5.52652386333391e+47
0.066	0.08	3.54922497682471e+48
0.0682	0.08	-1.67077321865188e+49
0.0704	0.08	-2.96009775521532e+49
0.0726	0.08	2.55227612489872e+51
0.0748	0.08	-5.32991041418228e+52
0.077	0.08	-8.28373600968194e+52
0.0792	0.08	-9.81649251299988e+52
0.0814	0.08	-3.03020455256493e+53
0.0836	0.08	-2.20537982366928e+53
0.0858	0.08	-3.41891548489566e+53
0.088	0.08	-1.11471641144346e+54
0.0902	0.08	-6.68773327553854e+53
0.0924	0.08	6.60574724157856e+51
0.0946	0.08	5.18534692337471e+52
0.0968	0.08	2.91935179748188e+52
0.099	0.08	3.6375024833554e+51
0.1012	0.08	3.78839739820254e+51
0.1034	0.08	9.32636070690762e+50
0.1056	0.08	6.82964787116832e+50
0.1078	0.08	1.40397806882938e+51
0.11	0.08	1.55507238736741e+51
0	0.0832	-2.3969094908623e+29
0.0022	0.0832	6.66406818467853e+29
0.0044	0.0832	-1.95331634706696e+30
0.0066	0.0832	5.89636548930722e+30
0.0088	0.0832	-1.96848027615029e+31
0.011	0.0832	7.71486875308209e+31
0.0132	0.0832	-1.85878991307523e+32
0.0154	0.0832	8.71651589128147e+32
0.0176	0.0832	-3.54029061973586e+33
0.0198	0.0832	7.0469900816694e+33
0.022	0.0832	-4.10622617186859e+34
0.0242	0.0832	1.52553211453898e+35
0.0264	0.0832	-4.28591951003346e+35
0.0286	0.0832	1.88427791529287e+36
0.0308	0.0832	-6.14441325559875e+36
0.033	0.0832	3.68279942383471e+37
0.0352	0.0832	-8.78624453534581e+37
0.0374	0.0832	1.50747376795275e+38
0.0396	0.0832	-2.29766974038397e+39
0.0418	0.0832	8.17913389027124e+38
0.044	0.0832	-2.54404892942044e+40
0.0462	0.0832	8.84528063920385e+40
0.0484	0.0832	-4.81470031725149e+41
0.0506	0.0832	4.77009826938382e+42
0.0528	0.0832	-4.2226157246646e+43
0.055	0.0832	3.28224537693477e+44
0.0572	0.0832	-2.56187831286639e+45
0.0594	0.0832	2.02398299399437e+46
0.0616	0.0832	-1.63588836757079e+47
0.0638	0.0832	1.37532458476355e+48
0.066	0.0832	-1.22893680776742e+49
0.0682	0.0832	1.19138915319489e+50
0.0704	0.0832	-1.26507497056851e+51
0.0726	0.0832	1.46040847618346e+52
0.0748	0.0832	-1.79671890284735e+53
0.077	0.0832	-2.26730901746686e+53
0.0792	0.0832	-2.4263807113713e+53
0.0814	0.0832	-2.57607565521804e+53
0.0836	0.0832	-2.17193827188673e+53
0.0858	0.0832	-2.23323518431598e+53
0.088	0.0832	-8.12029472736331e+53
0.0902	0.0832	-7.00692640272562e+53
0.0924	0.0832	-1.53841700919484e+53
0.0946	0.0832	5.61716371131016e+52
0.0968	0.0832	1.55058154688429e+52
0.099	0.0832	1.94190682295678e+51
0.1012	0.0832	-2.40066115107262e+51
0.1034	0.0832	-1.61150053443616e+50
0.1056	0.0832	1.30536493698788e+51
0.1078	0.0832	1.72247201172473e+51
0.11	0.0832	1.89114538086883e+51
0	0.0864	-5.85160772846652e+28
0.0022	0.0864	-5.17992652551505e+29
0.0044	0.0864	2.08386476509592e+30
0.0066	0.0864	-7.20619619148429e+30
0.0088	0.0864	2.30175002482183e+31
0.011	0.0864	-6.30501183222906e+31
0.0132	0.0864	2.86933229104495e+32
0.0154	0.0864	-7.03186314477734e+32
0.0176	0.0864	1.83557946126618e+33
0.0198	0.0864	-1.16891907910872e+34
0.022	0.0864	2.28574213126297e+34
0.0242	0.0864	-7.07153216509161e+34
0.0264	0.0864	3.67038463181941e+35
0.0286	0.0864	-1.13703777077202e+36
0.0308	0.0864	5.57541105699968e+36
0.033	0.0864	-8.54255086660977e+36
0.0352	0.0864	9.59167134322949e+37
0.0374	0.0864	-5.85053703389375e+38
0.0396	0.0864	5.49846053379313e+38
0.0418	0.0864	-1.17467479708106e+40
0.044	0.0864	2.45675362188202e+40
0.0462	0.0864	-1.42321565389947e+41
0.0484	0.0864	7.04129810158989e+41
0.0506	0.0864	-6.51616672597214e+42
0.0528	0.0864	5.38720519989116e+43
0.055	0.0864	-4.11740143852111e+44
0.0572	0.0864	3.08101229625558e+45
0.0594	0.0864	-2.21961071506475e+46
0.0616	0.0864	1.48154917751905e+47
0.0638	0.0864	-8.23273462219653e+47
0.066	0.0864	2.06336088814462e+48
0.0682	0.0864	4.05250633722821e+49
0.0704	0.0864	-1.0474730861948e+51
0.0726	0.0864	1.75877313708083e+52
0.0748	0.0864	-2.58268747193547e+53
0.077	0.0864	-3.03067526689698e+53
0.0792	0.0864	-3.13817217182093e+53
0.0814	0.0864	-3.69130481118709e+53
0.0836	0.0864	-4.04843100124954e+53
0.0858	0.0864	-4.68550704487706e+53
0.088	0.0864	-8.96105806578381e+53
0.0902	0.0864	-5.19671553040373e+53
0.0924	0.0864	2.80091204237737e+52
0.0946	0.0864	2.52257646682252e+52
0.0968	0.0864	1.92817909196728e+52
0.099	0.0864	2.90901209212076e+50
0.1012	0.0864	1.45367508704577e+51
0.1034	0.0864	1.2660266230748e+51
0.1056	0.0864	1.13948111239086e+51
0.1078	0.0864	1.88157990998695e+51
0.11	0.0864	1.98530793668721e+51
0	0.0896	1.05655419704052e+30
0.0022	0.0896	-7.80893674830671e+29
0.0044	0.0896	2.6539120650499e+29
0.0066	0.0896	1.53652316711831e+30
0.0088	0.0896	-1.0117570944384e+31
0.011	0.0896	5.63882001076928e+31
0.0132	0.0896	-1.28833983735101e+32
0.0154	0.0896	7.7986984665781e+32
0.0176	0.0896	-3.37744303682419e+33
0.0198	0.0896	6.3339481382975e+33
0.022	0.0896	-4.14250666245514e+34
0.0242	0.0896	1.5514437736206e+35
0.0264	0.0896	-4.32644703084768e+35
0.0286	0.0896	1.940462056567e+36
0.0308	0.0896	-6.35327976235666e+36
0.033	0.0896	3.8878623150617e+37
0.0352	0.0896	-8.92775024169773e+37
0.0374	0.0896	1.60667908662526e+38
0.0396	0.0896	-2.68524480539635e+39
0.0418	0.0896	1.2072983883078e+39
0.044	0.0896	-3.73855721497059e+40
0.0462	0.0896	1.45145278020133e+41
0.0484	0.0896	-8.90189998229129e+41
0.0506	0.0896	7.85315287659301e+42
0.0528	0.0896	-6.33510459245586e+43
0.055	0.0896	5.24835202597815e+44
0.0572	0.0896	-4.4390462388736e+45
0.0594	0.0896	3.85371713753018e+46
0.0616	0.0896	-3.45498539389301e+47
0.0638	0.0896	3.21772815071043e+48
0.066	0.0896	-3.12723452737367e+49
0.0682	0.0896	3.17814942818016e+50
0.0704	0.0896	-3.37410043493588e+51
0.0726	0.0896	3.72797193087884e+52
0.0748	0.0896	-4.26284238561637e+53
0.077	0.0896	-4.91791660496004e+53
0.0792	0.0896	-5.08160749710504e+53
0.0814	0.0896	-5.74706785068407e+53
0.0836	0.0896	-5.98198379662753e+53
0.0858	0.0896	-6.68331958127107e+53
0.088	0.0896	-6.11076772403946e+53
0.0902	0.0896	-5.76804521972506e+53
0.0924	0.0896	-1.65089272091787e+53
0.0946	0.0896	4.43066096492914e+52
0.0968	0.0896	2.90134698792336e+51
0.099	0.0896	2.31410614698403e+51
0.1012	0.0896	-8.53171037338063e+50
0.1034	0.0896	3.65755433207581e+50
0.1056	0.0896	1.77562146739754e+51
0.1078	0.0896	2.26545616939969e+51
0.11	0.0896	2.3476834707909e+51
0	0.0928	-1.30982577866645e+30
0.0022	0.0928	2.03635150892708e+30
0.0044	0.0928	-3.71422700136801e+30
0.0066	0.0928	7.11081987328382e+30
0.0088	0.0928	-1.52573519236522e+31
0.011	0.0928	4.63864795034609e+31
0.0132	0.0928	-2.42945196974991e+31
0.0154	0.0928	2.81043350322501e+32
0.0176	0.0928	-1.19627715618083e+33
0.0198	0.0928	-2.79692808197572e+33
0.022	0.0928	-6.85943407663581e+33
0.0242	0.0928	2.18985637600756e+34
0.0264	0.0928	8.27569133810786e+34
0.0286	0.0928	-1.44017107195275e+35
0.0308	0.0928	2.27826355667481e+36
0.033	0.0928	3.40331089735694e+36
0.0352	0.0928	6.51223410988265e+37
0.0374	0.0928	-4.97027958923464e+38
0.0396	0.0928	8.03730066311098e+36
0.0418	0.0928	-1.17339632377076e+40
0.044	0.0928	1.77708146909457e+40
0.0462	0.0928	-1.390792074217e+41
0.0484	0.0928	7.44752716490002e+41
0.0506	0.0928	-6.10978511666769e+42
0.0528	0.0928	4.19278584338539e+43
0.055	0.0928	-3.22922261569475e+44
0.0572	0.0928	2.47388039371229e+45
0.0594	0.0928	-1.86626795728952e+46
0.0616	0.0928	1.36413357307278e+47
0.0638	0.0928	-9.32815906373894e+47
0.066	0.0928	5.42558821888789e+48
0.0682	0.0928	-1.6630189162046e+49
0.0704	0.0928	-2.22316074686822e+50
0.0726	0.0928	6.50900784254689e+51
0.0748	0.0928	-1.15034621934719e+53
0.077	0.0928	-1.24725983002576e+53
0.0792	0.0928	-1.25657204414531e+53
0.0814	0.0928	-1.35514513899165e+53
0.0836	0.0928	-1.37897162780934e+53
0.0858	0.0928	-1.47716820072756e+53
0.088	0.0928	-1.73275460886102e+53
0.0902	0.0928	-2.10842029442813e+53
0.0924	0.0928	-3.34410964879238e+50
0.0946	0.0928	2.03353930851094e+52
0.0968	0.0928	1.27577863735282e+52
0.099	0.0928	-1.43454316265382e+51
0.1012	0.0928	9.46669289441461e+50
0.1034	0.0928	1.7397428769013e+51
0.1056	0.0928	1.81148869114782e+51
0.1078	0.0928	2.50691742278833e+51
0.11	0.0928	2.51355316209124e+51
0	0.096	9.40373115429039e+29
0.0022	0.096	-1.48043093087387e+30
0.0044	0.096	3.41043886711279e+30
0.0066	0.096	-9.35287971249577e+30
0.0088	0.096	2.54015374387727e+31
0.011	0.096	-5.73906628098076e+31
0.0132	0.096	2.53800954545115e+32
0.0154	0.096	-4.31161668168196e+32
0.0176	0.096	6.64532083850128e+32
0.0198	0.096	-7.87358513813742e+33
0.022	0.096	4.89700330206465e+33
0.0242	0.096	-5.18913162348034e+33
0.0264	0.096	1.39302028157789e+35
0.0286	0.096	-1.89156835154367e+35
0.0308	0.096	1.84350110103363e+36
0.033	0.096	8.45076474372415e+36
0.0352	0.096	3.68366847784496e+37
0.0374	0.096	-3.28798382647452e+38
0.0396	0.096	-1.12386850612077e+39
0.0418	0.096	-6.6040756419548e+39
0.044	0.096	-1.71180182741887e+40
0.0462	0.096	5.08854280970476e+40
0.0484	0.096	-5.2838028529432e+41
0.0506	0.096	3.18902678152116e+42
0.0528	0.096	-1.61093662880089e+43
0.055	0.096	1.02515382851852e+44
0.0572	0.096	-5.92515149514525e+44
0.0594	0.096	2.68780050172831e+45
0.0616	0.096	-2.8352036944739e+45
0.0638	0.096	-1.46880002717923e+47
0.066	0.096	2.69095136252297e+48
0.0682	0.096	-3.45475558338747e+49
0.0704	0.096	3.7870918547302e+50
0.0726	0.096	-3.6710357045298e+51
0.0748	0.096	3.04319393710695e+52
0.077	0.096	3.41023083194959e+52
0.0792	0.096	3.48577428094323e+52
0.0814	0.096	3.86871464090898e+52
0.0836	0.096	4.00565599233429e+52
0.0858	0.096	4.40387504573413e+52
0.088	0.096	5.14757503411214e+52
0.0902	0.096	6.27620736982303e+52
0.0924	0.096	1.18642931095849e+52
0.0946	0.096	7.39853257714164e+51
0.0968	0.096	4.98015057554213e+51
0.099	0.096	5.45442094983474e+50
0.1012	0.096	2.36348382597986e+50
0.1034	0.096	1.3705955155753e+51
0.1056	0.096	2.46335912349018e+51
0.1078	0.096	2.990539855417e+51
0.11	0.096	2.90816195686279e+51
0	0.0992	-9.42266184592745e+29
0.0022	0.0992	1.90928410791639e+30
0.0044	0.0992	-4.1626517062056e+30
0.0066	0.0992	9.29400381588303e+30
0.0088	0.0992	-2.38866285298182e+31
0.011	0.0992	7.99537218916955e+31
0.0132	0.0992	-1.33844057155796e+32
0.0154	0.0992	7.29947854527136e+32
0.0176	0.0992	-2.77062463243551e+33
0.0198	0.0992	2.1013940261702e+33
0.022	0.0992	-2.61090596938271e+34
0.0242	0.0992	8.72775830826168e+34
0.0264	0.0992	-1.34200779834068e+35
0.0286	0.0992	7.0375458702809e+35
0.0308	0.0992	-8.97691079556338e+35
0.033	0.0992	1.68331482117418e+37
0.0352	0.0992	2.11169002409748e+37
0.0374	0.0992	-3.16718722499408e+38
0.0396	0.0992	-1.11685213874511e+39
0.0418	0.0992	-8.85469759794029e+39
0.044	0.0992	-7.37083887933639e+39
0.0462	0.0992	-4.30752324457215e+40
0.0484	0.0992	1.77384832309872e+41
0.0506	0.0992	-1.11462331716293e+42
0.0528	0.0992	1.61172890915339e+42
0.055	0.0992	4.91376749110857e+42
0.0572	0.0992	-1.74100312251945e+44
0.0594	0.0992	2.42419180367361e+45
0.0616	0.0992	-2.69676587057375e+46
0.0638	0.0992	2.67165314853699e+47
0.066	0.0992	-2.43203604807346e+48
0.0682	0.0992	2.04096082774981e+49
0.0704	0.0992	-1.54920134846162e+50
0.0726	0.0992	1.00217832778836e+51
0.0748	0.0992	-4.46638800816033e+51
0.077	0.0992	-5.3302885693777e+51
0.0792	0.0992	-5.57778028642863e+51
0.0814	0.0992	-6.50787270412952e+51
0.0836	0.0992	-6.9360848105631e+51
0.0858	0.0992	-7.93848990263747e+51
0.088	0.0992	-9.93025684452689e+51
0.0902	0.0992	-1.28540575302821e+52
0.0924	0.0992	-2.47448642096089e+50
0.0946	0.0992	1.07632746354568e+51
0.0968	0.0992	1.69778432400388e+51
0.099	0.0992	1.90839920825703e+51
0.1012	0.0992	2.05772225399453e+51
0.1034	0.0992	2.73577486810739e+51
0.1056	0.0992	2.73994560010584e+51
0.1078	0.0992	3.34234394231073e+51
0.11	0.0992	3.1500490154831e+51
0	0.1024	2.23985980898639e+29
0.0022	0.1024	-1.20737995872078e+30
0.0044	0.1024	4.26416667057037e+30
0.0066	0.1024	-1.40485429501588e+31
0.0088	0.1024	4.26301302984494e+31
0.011	0.1024	-1.14510680531994e+32
0.0132	0.1024	4.57656070021878e+32
0.0154	0.1024	-1.05466270048472e+33
0.0176	0.1024	2.78554854994956e+33
0.0198	0.1024	-1.57536362739388e+34
0.022	0.1024	2.97653228714009e+34
0.0242	0.1024	-9.31925937518324e+34
0.0264	0.1024	4.62757248645424e+35
0.0286	0.1024	-1.38802306783214e+36
0.0308	0.1024	6.52086111402185e+36
0.033	0.1024	-8.4522992155416e+36
0.0352	0.1024	1.11602751967625e+38
0.0374	0.1024	-6.1463602748365e+38
0.0396	0.1024	-4.09258872962567e+38
0.0418	0.1024	-1.14071951449656e+40
0.044	0.1024	-1.12287710153317e+40
0.0462	0.1024	1.15412684503557e+39
0.0484	0.1024	-3.31793596211444e+41
0.0506	0.1024	-1.14935450090329e+41
0.0528	0.1024	3.04342565828042e+42
0.055	0.1024	-3.08539969223955e+43
0.0572	0.1024	2.86796377063746e+44
0.0594	0.1024	-2.51748522509621e+45
0.0616	0.1024	2.1052138990099e+46
0.0638	0.1024	-1.68057217956238e+47
0.066	0.1024	1.27814609598397e+48
0.0682	0.1024	-9.22357967647172e+48
0.0704	0.1024	6.30652312110945e+49
0.0726	0.1024	-4.15512768660187e+50
0.0748	0.1024	2.85485527944945e+51
0.077	0.1024	3.2438428950471e+51
0.0792	0.1024	3.34831407066496e+51
0.0814	0.1024	3.76166388604351e+51
0.0836	0.1024	3.9352686867301e+51
0.0858	0.1024	4.3782453540428e+51
0.088	0.1024	4.97430561957789e+51
0.0902	0.1024	5.92904487292397e+51
0.0924	0.1024	2.86063694494164e+51
0.0946	0.1024	2.68136643835762e+51
0.0968	0.1024	2.62170125523624e+51
0.099	0.1024	2.72573772100275e+51
0.1012	0.1024	2.79681379348791e+51
0.1034	0.1024	3.04934158447095e+51
0.1056	0.1024	3.4690530107706e+51
0.1078	0.1024	3.9580198363695e+51
0.11	0.1024	3.58682900200056e+51
0	0.1056	6.40252045690872e+29
0.0022	0.1056	-1.25031539211276e+29
0.0044	0.1056	-9.57701296351089e+29
0.0066	0.1056	3.4863206789126e+30
0.0088	0.1056	-1.36013317446495e+31
0.011	0.1056	6.61986652148361e+31
0.0132	0.1056	-1.18388728157339e+32
0.0154	0.1056	8.51254429808174e+32
0.0176	0.1056	-3.43997376927653e+33
0.0198	0.1056	4.43861056079473e+33
0.022	0.1056	-3.84569851720331e+34
0.0242	0.1056	1.33371609837397e+35
0.0264	0.1056	-2.9760584533342e+35
0.0286	0.1056	1.40607963982288e+36
0.0308	0.1056	-3.72936450761028e+36
0.033	0.1056	2.99128724677899e+37
0.0352	0.1056	-2.44408806842106e+37
0.0374	0.1056	-1.1041317265471e+38
0.0396	0.1056	-2.45985522746563e+39
0.0418	0.1056	-5.2023185957291e+39
0.044	0.1056	-3.94908823867281e+40
0.0462	0.1056	7.13285874611611e+40
0.0484	0.1056	1.57965776709572e+40
0.0506	0.1056	3.49130296602009e+41
0.0528	0.1056	-3.19935258563043e+42
0.055	0.1056	2.59749870632476e+43
0.0572	0.1056	-2.0280876481259e+44
0.0594	0.1056	1.5202038243789e+45
0.0616	0.1056	-1.08382488025522e+46
0.0638	0.1056	7.20628673558814e+46
0.066	0.1056	-4.26930698111249e+47
0.0682	0.1056	1.95508505672416e+48
0.0704	0.1056	-1.67286888432455e+48
0.0726	0.1056	-1.20804464390119e+50
0.0748	0.1056	2.29915626858685e+51
0.077	0.1056	2.39999538894136e+51
0.0792	0.1056	2.40134691221153e+51
0.0814	0.1056	2.49502972815029e+51
0.0836	0.1056	2.49286126817298e+51
0.0858	0.1056	2.57893565464318e+51
0.088	0.1056	2.4823144349305e+51
0.0902	0.1056	2.43637670036029e+51
0.0924	0.1056	3.28510496114904e+51
0.0946	0.1056	3.54740081888235e+51
0.0968	0.1056	3.65522988418953e+51
0.099	0.1056	3.85269546680705e+51
0.1012	0.1056	3.94476988913568e+51
0.1034	0.1056	4.1117742261797e+51
0.1056	0.1056	4.13825801649595e+51
0.1078	0.1056	4.43321936821931e+51
0.11	0.1056	3.92110842926938e+51
0	0.1088	-7.42472024650724e+29
0.0022	0.1088	8.67271818756315e+29
0.0044	0.1088	-4.1888903019108e+29
0.0066	0.1088	-2.60858706649733e+30
0.0088	0.1088	1.16098923207451e+31
0.011	0.1088	-2.35177031542261e+31
0.0132	0.1088	1.98796980081605e+32
0.0154	0.1088	-1.9257836333324e+32
0.0176	0.1088	1.10089214406653e+32
0.0198	0.1088	-7.98291212275779e+33
0.022	0.1088	2.59561757050725e+33
0.0242	0.1088	-7.76185114104797e+33
0.0264	0.1088	1.97500096988176e+35
0.0286	0.1088	-4.22799522308796e+35
0.0308	0.1088	3.1755512883791e+36
0.033	0.1088	4.63359745435498e+36
0.0352	0.1088	7.5002545032698e+37
0.0374	0.1088	-4.78222503676376e+38
0.0396	0.1088	-1.33053460006456e+39
0.0418	0.1088	-1.04980708837777e+40
0.044	0.1088	9.54324905501592e+39
0.0462	0.1088	-1.68739135747841e+40
0.0484	0.1088	2.89897658731047e+40
0.0506	0.1088	-3.02787428990941e+41
0.0528	0.1088	2.3825394787701e+42
0.055	0.1088	-1.80281318916548e+43
0.0572	0.1088	1.33963531210663e+44
0.0594	0.1088	-9.80827176250384e+44
0.0616	0.1088	7.11567526564894e+45
0.0638	0.1088	-5.17351212557109e+46
0.066	0.1088	3.84800286798149e+47
0.0682	0.1088	-3.02108041481735e+48
0.0704	0.1088	2.59289281106e+49
0.0726	0.1088	-2.48333884518064e+50
0.0748	0.1088	2.63330472802216e+51
0.077	0.1088	2.8246587688586e+51
0.0792	0.1088	2.86138615708179e+51
0.0814	0.1088	3.05624340314982e+51
0.0836	0.1088	3.1117503886669e+51
0.0858	0.1088	3.31195181849873e+51
0.088	0.1088	3.40968459099164e+51
0.0902	0.1088	3.64931577030005e+51
0.0924	0.1088	3.52356767793729e+51
0.0946	0.1088	3.6868301469722e+51
0.0968	0.1088	3.76634691286361e+51
0.099	0.1088	3.95329822257821e+51
0.1012	0.1088	4.05477694036788e+51
0.1034	0.1088	4.25839686519949e+51
0.1056	0.1088	4.39546051978829e+51
0.1078	0.1088	4.57709417534004e+51
0.11	0.1088	4.74427659309141e+51
0	0.112	6.89740140247749e+29
0.0022	0.112	-8.07087128910706e+29
0.0044	0.112	1.27885554209316e+30
0.0066	0.112	-3.07439919707254e+30
0.0088	0.112	4.88955953846071e+30
0.011	0.112	1.42912486806007e+31
0.0132	0.112	5.16165739979298e+31
0.0154	0.112	3.97887571400472e+32
0.0176	0.112	-1.97021969180839e+33
0.0198	0.112	-1.09306670866541e+33
0.022	0.112	-2.25728987119696e+34
0.0242	0.112	7.72594835442483e+34
0.0264	0.112	-8.83086439744538e+34
0.0286	0.112	6.55708505821613e+35
0.0308	0.112	-8.06743903710095e+35
0.033	0.112	2.00738021526543e+37
0.0352	0.112	2.36583739618182e+37
0.0374	0.112	-2.84081816620689e+38
0.0396	0.112	-2.25917768395852e+39
0.0418	0.112	2.3186411483504e+39
0.044	0.112	-2.43073440084303e+39
0.0462	0.112	5.87606803715486e+39
0.0484	0.112	-2.61822187173938e+40
0.0506	0.112	2.08163580274833e+41
0.0528	0.112	-1.54957393884795e+42
0.055	0.112	1.135445526507e+43
0.0572	0.112	-8.25369506574364e+43
0.0594	0.112	5.97098486653695e+44
0.0616	0.112	-4.31573236422223e+45
0.0638	0.112	3.13014033800339e+46
0.066	0.112	-2.28543391779204e+47
0.0682	0.112	1.67768696167044e+48
0.0704	0.112	-1.22363936459954e+49
0.0726	0.112	8.56634027156894e+49
0.0748	0.112	-5.22682378568741e+50
0.077	0.112	-5.7683011472588e+50
0.0792	0.112	-5.90390489772288e+50
0.0814	0.112	-6.46397449528964e+50
0.0836	0.112	-6.66254464308645e+50
0.0858	0.112	-7.24805598255291e+50
0.088	0.112	-7.57158235117735e+50
0.0902	0.112	-8.27373947035039e+50
0.0924	0.112	-8.04160204288705e+50
0.0946	0.112	-8.55392802653122e+50
0.0968	0.112	-8.86210434546873e+50
0.099	0.112	-9.45110845349036e+50
0.1012	0.112	-9.83477414984959e+50
0.1034	0.112	-1.04854279563867e+51
0.1056	0.112	-1.09824361259621e+51
0.1078	0.112	-1.15988681878949e+51
0.11	0.112	-1.21966741518871e+51
0	0.1152	-5.38590187253914e+29
0.0022	0.1152	1.12899677047704e+30
0.0044	0.1152	-1.66265851091705e+30
0.0066	0.1152	1.04400775853845e+30
0.0088	0.1152	2.83700658086991e+29
0.011	0.1152	1.33663751124883e+31
0.0132	0.1152	9.94679195762129e+31
0.0154	0.1152	1.96232203881243e+32
0.0176	0.1152	-1.07576154666742e+33
0.0198	0.1152	-5.01876242994599e+33
0.022	0.1152	-9.30993807871306e+33
0.0242	0.1152	2.7444680176827e+34
0.0264	0.1152	1.00345904829453e+35
0.0286	0.1152	-5.63543081385672e+34
0.0308	0.1152	1.99092490670474e+36
0.033	0.1152	1.0042911513255e+37
0.0352	0.1152	6.68215261592639e+37
0.0374	0.1152	-4.38313256781413e+38
0.0396	0.1152	4.92507438839921e+38
0.0418	0.1152	-5.20838571248166e+38
0.044	0.1152	7.42205098716088e+38
0.0462	0.1152	-2.79010012927006e+39
0.0484	0.1152	1.71086535249088e+40
0.0506	0.1152	-1.25807244535981e+41
0.0528	0.1152	9.04298466788945e+41
0.055	0.1152	-6.43660330805355e+42
0.0572	0.1152	4.54747885807393e+43
0.0594	0.1152	-3.18991332795461e+44
0.0616	0.1152	2.22024568448257e+45
0.0638	0.1152	-1.5295486436112e+46
0.066	0.1152	1.03674074600958e+47
0.0682	0.1152	-6.82869442252896e+47
0.0704	0.1152	4.26468162152608e+48
0.0726	0.1152	-2.39865460250799e+49
0.0748	0.1152	1.063380062358e+50
0.077	0.1152	1.21351327553517e+50
0.0792	0.1152	1.25726740010137e+50
0.0814	0.1152	1.41465172342028e+50
0.0836	0.1152	1.47835892309699e+50
0.0858	0.1152	1.64534907662625e+50
0.088	0.1152	1.74549480707892e+50
0.0902	0.1152	1.94656994248376e+50
0.0924	0.1152	1.90828868222594e+50
0.0946	0.1152	2.06240723518391e+50
0.0968	0.1152	2.16700232114566e+50
0.099	0.1152	2.34522423434192e+50
0.1012	0.1152	2.47444145811915e+50
0.1034	0.1152	2.67374820828469e+50
0.1056	0.1152	2.83817692046932e+50
0.1078	0.1152	3.03483901073452e+50
0.11	0.1152	3.23177923730134e+50
0	0.1184	2.95828123113682e+29
0.0022	0.1184	-5.89672596408716e+29
0.0044	0.1184	1.78074982903045e+30
0.0066	0.1184	-5.76701277110495e+30
0.0088	0.1184	1.36326661535652e+31
0.011	0.1184	-1.15607659215157e+31
0.0132	0.1184	1.51233077420429e+32
0.0154	0.1184	1.57998180239699e+32
0.0176	0.1184	-1.1197918401569e+33
0.0198	0.1184	-4.80283224709299e+33
0.022	0.1184	-1.26637384804466e+34
0.0242	0.1184	3.99209754123696e+34
0.0264	0.1184	5.98288346585417e+34
0.0286	0.1184	1.31573437164994e+35
0.0308	0.1184	1.2788612264479e+36
0.033	0.1184	1.34958185804785e+37
0.0352	0.1184	-2.03307886082223e+37
0.0374	0.1184	8.92861893661943e+37
0.0396	0.1184	-1.06124832296113e+38
0.0418	0.1184	1.27813166701536e+38
0.044	0.1184	-2.8272752327939e+38
0.0462	0.1184	1.45884864319417e+39
0.0484	0.1184	-9.7301274975662e+39
0.0506	0.1184	6.85717618102089e+40
0.0528	0.1184	-4.76853698512451e+41
0.055	0.1184	3.28144643596724e+42
0.0572	0.1184	-2.23317570813175e+43
0.0594	0.1184	1.49974125453278e+44
0.0616	0.1184	-9.9020021796025e+44
0.0638	0.1184	6.38764600659453e+45
0.066	0.1184	-3.98478056903299e+46
0.0682	0.1184	2.36290465808371e+47
0.0704	0.1184	-1.29242389186882e+48
0.0726	0.1184	6.15168503406951e+48
0.0748	0.1184	-2.2157745818458e+49
0.077	0.1184	-2.6265879844913e+49
0.0792	0.1184	-2.75893494779785e+49
0.0814	0.1184	-3.19477783002008e+49
0.0836	0.1184	-3.3881176064831e+49
0.0858	0.1184	-3.85669090166949e+49
0.088	0.1184	-4.15506588223497e+49
0.0902	0.1184	-4.72222514624496e+49
0.0924	0.1184	-4.67522983895006e+49
0.0946	0.1184	-5.126816175058e+49
0.0968	0.1184	-5.45899102554248e+49
0.099	0.1184	-5.98464236623861e+49
0.1012	0.1184	-6.39432943716129e+49
0.1034	0.1184	-6.98864118406949e+49
0.1056	0.1184	-7.5055902187622e+49
0.1078	0.1184	-8.10999231153705e+49
0.11	0.1184	-8.72894806597212e+49
0	0.1216	-1.20676825915264e+29
0.0022	0.1216	6.46286450952731e+29
0.0044	0.1216	-1.11852939420634e+30
0.0066	0.1216	4.60652330610672e+29
0.0088	0.1216	-4.31017335225306e+29
0.011	0.1216	2.14692660917198e+31
0.0132	0.1216	8.49339100879209e+31
0.0154	0.1216	3.44617867051639e+32
0.0176	0.1216	-1.51346989867138e+33
0.0198	0.1216	-4.43880942863167e+33
0.022	0.1216	-1.40502862163546e+34
0.0242	0.1216	3.97084420425974e+34
0.0264	0.1216	7.73952349326625e+34
0.0286	0.1216	6.17065809647107e+34
0.0308	0.1216	1.6448780911154e+36
0.033	0.1216	-3.04525589154502e+36
0.0352	0.1216	5.34757278314334e+36
0.0374	0.1216	-1.84573013043293e+37
0.0396	0.1216	2.36721837936033e+37
0.0418	0.1216	-3.64625499069685e+37
0.044	0.1216	1.24639649151678e+38
0.0462	0.1216	-7.476569425228e+38
0.0484	0.1216	5.02110098273214e+39
0.0506	0.1216	-3.41557139520577e+40
0.0528	0.1216	2.29394311057177e+41
0.055	0.1216	-1.51999202471264e+42
0.0572	0.1216	9.91311586633935e+42
0.0594	0.1216	-6.33921299194689e+43
0.0616	0.1216	3.95259279109606e+44
0.0638	0.1216	-2.38309783344427e+45
0.066	0.1216	1.37202782718317e+46
0.0682	0.1216	-7.39641967370086e+46
0.0704	0.1216	3.61396875575067e+47
0.0726	0.1216	-1.50791653420455e+48
0.0748	0.1216	4.72051850556296e+48
0.077	0.1216	5.83459631952951e+48
0.0792	0.1216	6.22053438175138e+48
0.0814	0.1216	7.41551685879763e+48
0.0836	0.1216	7.98332903589591e+48
0.0858	0.1216	9.28354933170104e+48
0.088	0.1216	1.01513224899452e+49
0.0902	0.1216	1.17342628329417e+49
0.0924	0.1216	1.17393499974206e+49
0.0946	0.1216	1.30393473652995e+49
0.0968	0.1216	1.40535528494986e+49
0.099	0.1216	1.55770867135918e+49
0.1012	0.1216	1.68291583727853e+49
0.1034	0.1216	1.85688786574568e+49
0.1056	0.1216	2.01425967805376e+49
0.1078	0.1216	2.19544542319964e+49
0.11	0.1216	2.38414812992827e+49
0	0.1248	5.15871600175767e+28
0.0022	0.1248	-1.97436620693707e+29
0.0044	0.1248	1.3911392273931e+30
0.0066	0.1248	-5.49204832135633e+30
0.0088	0.1248	1.30871511237019e+31
0.011	0.1248	-9.13041385535282e+30
0.0132	0.1248	1.66368524315652e+32
0.0154	0.1248	1.96027327021545e+32
0.0176	0.1248	-1.14123939582624e+33
0.0198	0.1248	-5.73697889305276e+33
0.022	0.1248	-1.22925199370957e+34
0.0242	0.1248	3.42915404751878e+34
0.0264	0.1248	9.9636807990854e+34
0.0286	0.1248	7.41738365694339e+33
0.0308	0.1248	-3.53641370700939e+35
0.033	0.1248	6.85962599079855e+35
0.0352	0.1248	-1.32596595138135e+36
0.0374	0.1248	3.90359883472037e+36
0.0396	0.1248	-5.66965063352645e+36
0.0418	0.1248	1.23817625194889e+37
0.044	0.1248	-5.74791105229661e+37
0.0462	0.1248	3.62736565652062e+38
0.0484	0.1248	-2.39218968455409e+39
0.0506	0.1248	1.5723115646393e+40
0.0528	0.1248	-1.01828841945301e+41
0.055	0.1248	6.48331922199083e+41
0.0572	0.1248	-4.04402090988401e+42
0.0594	0.1248	2.45924519715431e+43
0.0616	0.1248	-1.44819008626838e+44
0.0638	0.1248	8.17974078669496e+44
0.066	0.1248	-4.37056013209871e+45
0.0682	0.1248	2.16356744506804e+46
0.0704	0.1248	-9.59884592876155e+46
0.0726	0.1248	3.60380835102225e+47
0.0748	0.1248	-1.02555036477222e+48
0.077	0.1248	-1.32576256065715e+48
0.0792	0.1248	-1.43576217129379e+48
0.0814	0.1248	-1.76107746166071e+48
0.0836	0.1248	-1.92433997500005e+48
0.0858	0.1248	-2.28225606233434e+48
0.088	0.1248	-2.53053221307107e+48
0.0902	0.1248	-2.96894450275809e+48
0.0924	0.1248	-3.00154897712042e+48
0.0946	0.1248	-3.37109952070376e+48
0.0968	0.1248	-3.67287715515227e+48
0.099	0.1248	-4.10892629962182e+48
0.1012	0.1248	-4.48231128050839e+48
0.1034	0.1248	-4.98478257685032e+48
0.1056	0.1248	-5.45339434962513e+48
0.1078	0.1248	-5.98701660713634e+48
0.11	0.1248	-6.55025415063933e+48
0	0.128	9.97505131699183e+28
0.0022	0.128	2.63358101361388e+29
0.0044	0.128	-4.8889637186508e+29
0.0066	0.128	-4.08464936300406e+29
0.0088	0.128	-4.12186270096818e+29
0.011	0.128	2.66022569920377e+31
0.0132	0.128	8.50058713986687e+31
0.0154	0.128	4.53285317288077e+32
0.0176	0.128	-1.78569660723404e+33
0.0198	0.128	-4.51067387946548e+33
0.022	0.128	-1.69029688823024e+34
0.0242	0.128	4.51365269700176e+34
0.0264	0.128	-2.17574181454749e+34
0.0286	0.128	-5.89509000216281e+33
0.0308	0.128	7.70580482497605e+34
0.033	0.128	-1.55948143799784e+35
0.0352	0.128	3.20060798380155e+35
0.0374	0.128	-8.5896887051503e+35
0.0396	0.128	1.52358490859072e+36
0.0418	0.128	-4.78320916568936e+36
0.044	0.128	2.61389534797608e+37
0.0462	0.128	-1.65748751128387e+38
0.0484	0.128	1.06417767799853e+39
0.0506	0.128	-6.75805908038748e+39
0.0528	0.128	4.21768040538767e+40
0.055	0.128	-2.57877004658623e+41
0.0572	0.128	1.5382405063826e+42
0.0594	0.128	-8.90194338500784e+42
0.0616	0.128	4.96062196155609e+43
0.0638	0.128	-2.63455794448956e+44
0.066	0.128	1.31429736669682e+45
0.0682	0.128	-6.02928566839838e+45
0.0704	0.128	2.46188797667527e+46
0.0726	0.128	-8.48760702511078e+46
0.0748	0.128	2.26485726876788e+47
0.077	0.128	3.07009143141129e+47
0.0792	0.128	3.37885935758096e+47
0.0814	0.128	4.25984648777465e+47
0.0836	0.128	4.72248295827435e+47
0.0858	0.128	5.70188706604015e+47
0.088	0.128	6.4039495540926e+47
0.0902	0.128	7.61114932549404e+47
0.0924	0.128	7.77371338243587e+47
0.0946	0.128	8.81444274308034e+47
0.0968	0.128	9.69629934344748e+47
0.099	0.128	1.09325322364245e+48
0.1012	0.128	1.20267616341456e+48
0.1034	0.128	1.34633131980118e+48
0.1056	0.128	1.48365133551046e+48
0.1078	0.128	1.6387488243374e+48
0.11	0.128	1.80426251300334e+48
0	0.1312	9.29250614056981e+27
0.0022	0.1312	5.36803082592292e+28
0.0044	0.1312	9.49887179126179e+29
0.0066	0.1312	-4.4182877173246e+30
0.0088	0.1312	9.60681672210261e+30
0.011	0.1312	1.47823251091442e+30
0.0132	0.1312	1.62349893294313e+32
0.0154	0.1312	3.00367784538799e+32
0.0176	0.1312	-1.33187465474139e+33
0.0198	0.1312	-6.24628019760348e+33
0.022	0.1312	4.33905805025313e+33
0.0242	0.1312	-8.83545858917299e+33
0.0264	0.1312	4.37562729375266e+33
0.0286	0.1312	2.11432369904201e+33
0.0308	0.1312	-1.70025499891487e+34
0.033	0.1312	3.57720462075056e+34
0.0352	0.1312	-7.70427376673569e+34
0.0374	0.1312	2.02131092087204e+35
0.0396	0.1312	-4.69889448760491e+35
0.0418	0.1312	1.95788581183664e+36
0.044	0.1312	-1.14545075511652e+37
0.0462	0.1312	7.15733204154355e+37
0.0484	0.1312	-4.46006272158318e+38
0.0506	0.1312	2.73683385851679e+39
0.0528	0.1312	-1.64605488661373e+40
0.055	0.1312	9.66831562360435e+40
0.0572	0.1312	-5.52006368524881e+41
0.0594	0.1312	3.04504340777271e+42
0.0616	0.1312	-1.61003181436115e+43
0.0638	0.1312	8.07249938245848e+43
0.066	0.1312	-3.78166992303934e+44
0.0682	0.1312	1.62070482250196e+45
0.0704	0.1312	-6.16005548565054e+45
0.0726	0.1312	1.98197124127128e+46
0.0748	0.1312	-5.06636892486407e+46
0.077	0.1312	-7.21862402742764e+46
0.0792	0.1312	-8.0760922841709e+46
0.0814	0.1312	-1.04524052104477e+47
0.0836	0.1312	-1.17496715899923e+47
0.0858	0.1312	-1.44175277676089e+47
0.088	0.1312	-1.63855327947551e+47
0.0902	0.1312	-1.96946741698515e+47
0.0924	0.1312	-2.03126630488574e+47
0.0946	0.1312	-2.32225165051219e+47
0.0968	0.1312	-2.57654028472123e+47
0.099	0.1312	-2.92444421839975e+47
0.1012	0.1312	-3.2409724529899e+47
0.1034	0.1312	-3.64841538933678e+47
0.1056	0.1312	-4.04595196346079e+47
0.1078	0.1312	-4.49215433403336e+47
0.11	0.1312	-4.97276308835053e+47
0	0.1344	1.94829122076279e+29
0.0022	0.1344	7.86450902639378e+28
0.0044	0.1344	-6.02149176760967e+28
0.0066	0.1344	-7.97559134057945e+29
0.0088	0.1344	-1.450959752359e+30
0.011	0.1344	3.2652893418869e+31
0.0132	0.1344	9.08683952739682e+31
0.0154	0.1344	5.47610669090943e+32
0.0176	0.1344	-1.96354144498715e+33
0.0198	0.1344	1.39779889055118e+33
0.022	0.1344	-1.02375177979359e+33
0.0242	0.1344	1.7415084784413e+33
0.0264	0.1344	-8.61555574616204e+32
0.0286	0.1344	-6.26611946796672e+32
0.0308	0.1344	3.79996292702066e+33
0.033	0.1344	-8.31497649943246e+33
0.0352	0.1344	1.89549648755785e+34
0.0374	0.1344	-5.24948400004667e+34
0.0396	0.1344	1.62787197339067e+35
0.0418	0.1344	-8.06893770924544e+35
0.044	0.1344	4.80812972264172e+36
0.0462	0.1344	-2.93648490262503e+37
0.0484	0.1344	1.77430940573366e+38
0.0506	0.1344	-1.05244515657506e+39
0.0528	0.1344	6.10351647809034e+39
0.055	0.1344	-3.44703761163987e+40
0.0572	0.1344	1.88637757946629e+41
0.0594	0.1344	-9.93935274650681e+41
0.0616	0.1344	5.00083810212277e+42
0.0638	0.1344	-2.37647409075598e+43
0.066	0.1344	1.05100505408686e+44
0.0682	0.1344	-4.23801722403041e+44
0.0704	0.1344	1.51387366193705e+45
0.0726	0.1344	-4.60477246758553e+45
0.0748	0.1344	1.14367603804104e+46
0.077	0.1344	1.71737799618828e+46
0.0792	0.1344	1.95364650110195e+46
0.0814	0.1344	2.59262658625893e+46
0.0836	0.1344	2.95353810140396e+46
0.0858	0.1344	3.67764913934172e+46
0.088	0.1344	4.22562152728323e+46
0.0902	0.1344	5.12945668389393e+46
0.0924	0.1344	5.33956505053455e+46
0.0946	0.1344	6.14852357568196e+46
0.0968	0.1344	6.87435178851501e+46
0.099	0.1344	7.84766987197307e+46
0.1012	0.1344	8.7541407417479e+46
0.1034	0.1344	9.9023625021565e+46
0.1056	0.1344	1.10423209699593e+47
0.1078	0.1344	1.23155847616449e+47
0.11	0.1344	1.36980525687262e+47
0	0.1376	1.6864548039479e+28
0.0022	0.1376	2.53936143709786e+29
0.0044	0.1376	4.8844110994275e+29
0.0066	0.1376	-2.80534757103791e+30
0.0088	0.1376	4.33967279042441e+30
0.011	0.1376	1.57827943347981e+31
0.0132	0.1376	1.54578544517664e+32
0.0154	0.1376	-1.44908943717074e+32
0.0176	0.1376	3.90822693764065e+32
0.0198	0.1376	-2.99535852650184e+32
0.022	0.1376	2.33966948682265e+32
0.0242	0.1376	-3.45133258853586e+32
0.0264	0.1376	1.6594562220523e+32
0.0286	0.1376	1.71264903158562e+32
0.0308	0.1376	-8.62289483909079e+32
0.033	0.1376	1.97720491166044e+33
0.0352	0.1376	-4.89441773471915e+33
0.0374	0.1376	1.53023623777102e+34
0.0396	0.1376	-6.03578076434942e+34
0.0418	0.1376	3.26394178514574e+35
0.044	0.1376	-1.93441022503754e+36
0.0462	0.1376	1.15089988420811e+37
0.0484	0.1376	-6.74269531660629e+37
0.0506	0.1376	3.86845897072614e+38
0.0528	0.1376	-2.16509380481251e+39
0.055	0.1376	1.17712209791815e+40
0.0572	0.1376	-6.18448709562219e+40
0.0594	0.1376	3.119343031883e+41
0.0616	0.1376	-1.49775185783091e+42
0.0638	0.1376	6.77124464503874e+42
0.066	0.1376	-2.84075066531874e+43
0.0682	0.1376	1.0845405557683e+44
0.0704	0.1376	-3.67071394181249e+44
0.0726	0.1376	1.06634332882096e+45
0.0748	0.1376	-2.59536443342789e+45
0.077	0.1376	-4.12132326216172e+45
0.0792	0.1376	-4.76851281165299e+45
0.0814	0.1376	-6.4824409655136e+45
0.0836	0.1376	-7.48044678761833e+45
0.0858	0.1376	-9.44017005044798e+45
0.088	0.1376	-1.0957861148075e+46
0.0902	0.1376	-1.34193145218101e+46
0.0924	0.1376	-1.40915203080639e+46
0.0946	0.1376	-1.63301075079287e+46
0.0968	0.1376	-1.83853221861879e+46
0.099	0.1376	-2.10952319277778e+46
0.1012	0.1376	-2.36705400766354e+46
0.1034	0.1376	-2.68893485196721e+46
0.1056	0.1376	-3.01333577805777e+46
0.1078	0.1376	-3.37426218972904e+46
0.11	0.1376	-3.76890548190912e+46
0	0.1408	2.53433046597703e+29
0.0022	0.1408	-1.66964723480245e+28
0.0044	0.1408	2.75612269362418e+29
0.0066	0.1408	-8.0045457217502e+29
0.0088	0.1408	-2.70536441262901e+30
0.011	0.1408	3.43312342649474e+31
0.0132	0.1408	-3.39725117943601e+31
0.0154	0.1408	3.49539205252116e+31
0.0176	0.1408	-7.84617695184323e+31
0.0198	0.1408	6.3996724408947e+31
0.022	0.1408	-5.23465706339803e+31
0.0242	0.1408	6.86620939189492e+31
0.0264	0.1408	-3.11323460790574e+31
0.0286	0.1408	-4.50356268773021e+31
0.0308	0.1408	1.99762273270848e+32
0.033	0.1408	-4.87970047217312e+32
0.0352	0.1408	1.35659692612535e+33
0.0374	0.1408	-4.94248359648541e+33
0.0396	0.1408	2.29267675104842e+34
0.0418	0.1408	-1.2830107291311e+35
0.044	0.1408	7.48029178746075e+35
0.0462	0.1408	-4.33039243060389e+36
0.0484	0.1408	2.46087953229193e+37
0.0506	0.1408	-1.36670569071022e+38
0.0528	0.1408	7.38959355832781e+38
0.055	0.1408	-3.87280868119989e+39
0.0572	0.1408	1.95683986701597e+40
0.0594	0.1408	-9.46880507696468e+40
0.0616	0.1408	4.35073998711532e+41
0.0638	0.1408	-1.87774669543527e+42
0.066	0.1408	7.50564521915422e+42
0.0682	0.1408	-2.72796409205907e+43
0.0704	0.1408	8.80823564011893e+43
0.0726	0.1408	-2.46280036535915e+44
0.0748	0.1408	5.89773134050415e+44
0.077	0.1408	9.94945519282527e+44
0.0792	0.1408	1.17141568637165e+45
0.0814	0.1408	1.63021140631387e+45
0.0836	0.1408	1.9048585936221e+45
0.0858	0.1408	2.43398143955435e+45
0.088	0.1408	2.85252546389648e+45
0.0902	0.1408	3.52123825474301e+45
0.0924	0.1408	3.72826667647066e+45
0.0946	0.1408	4.34537834402556e+45
0.0968	0.1408	4.92356676130013e+45
0.099	0.1408	5.67503389383571e+45
0.1012	0.1408	6.40195481475677e+45
0.1034	0.1408	7.30031250697867e+45
0.1056	0.1408	8.21769839138232e+45
0.1078	0.1408	9.23516777074165e+45
0.11	0.1408	1.03546537068612e+46
0	0.144	-2.0210221338718e+29
0.0022	0.144	7.56558171024575e+29
0.0044	0.144	-4.9196627200689e+29
0.0066	0.144	3.1726879153131e+29
0.0088	0.144	8.77581071579915e+29
0.011	0.144	-6.80481280187487e+30
0.0132	0.144	7.29610354594936e+30
0.0154	0.144	-8.12246497521556e+30
0.0176	0.144	1.58895036989469e+31
0.0198	0.144	-1.3638752650581e+31
0.022	0.144	1.15307843166856e+31
0.0242	0.144	-1.36893248739999e+31
0.0264	0.144	5.63041777389474e+30
0.0286	0.144	1.16666715198331e+31
0.0308	0.144	-4.76809669792839e+31
0.033	0.144	1.27094441245767e+32
0.0352	0.144	-4.07066784466551e+32
0.0374	0.144	1.70868724499354e+33
0.0396	0.144	-8.68391282393595e+33
0.0418	0.144	4.88809816654774e+34
0.044	0.144	-2.78967397656648e+35
0.0462	0.144	1.57104392418727e+36
0.0484	0.144	-8.66538882813524e+36
0.0506	0.144	4.6627607718355e+37
0.0528	0.144	-2.43827208404219e+38
0.055	0.144	1.23354079510725e+39
0.0572	0.144	-6.00452424382435e+39
0.0594	0.144	2.79332026826653e+40
0.0616	0.144	-1.23143393966865e+41
0.0638	0.144	5.0899919783098e+41
0.066	0.144	-1.94605441049683e+42
0.0682	0.144	6.76578127371358e+42
0.0704	0.144	-2.09582894871965e+43
0.0726	0.144	5.67118300698953e+43
0.0748	0.144	-1.33649951140791e+44
0.077	0.144	-2.41075349351969e+44
0.0792	0.144	-2.8902013522124e+44
0.0814	0.144	-4.1162845276748e+44
0.0836	0.144	-4.8691604971076e+44
0.0858	0.144	-6.2949788605826e+44
0.088	0.144	-7.44513673822224e+44
0.0902	0.144	-9.25815568878011e+44
0.0924	0.144	-9.87941888118917e+44
0.0946	0.144	-1.1575168565991e+45
0.0968	0.144	-1.3193116833502e+45
0.099	0.144	-1.52698945702639e+45
0.1012	0.144	-1.73107442090812e+45
0.1034	0.144	-1.98086690898225e+45
0.1056	0.144	-2.23894273462264e+45
0.1078	0.144	-2.52444074951464e+45
0.11	0.144	-2.84033226501099e+45
0	0.1472	2.5086257617224e+29
0.0022	0.1472	-1.70430441610689e+29
0.0044	0.1472	6.04070580581602e+29
0.0066	0.1472	-5.16459247948879e+28
0.0088	0.1472	-2.6632522932681e+29
0.011	0.1472	1.38037638673332e+30
0.0132	0.1472	-1.56882899179213e+30
0.0154	0.1472	1.84264400629362e+30
0.0176	0.1472	-3.24254565432501e+30
0.0198	0.1472	2.9005644926558e+30
0.022	0.1472	-2.50977755666727e+30
0.0242	0.1472	2.72982156081781e+30
0.0264	0.1472	-9.586036726594e+29
0.0286	0.1472	-3.03036927295605e+30
0.0308	0.1472	1.18707975057375e+31
0.033	0.1472	-3.53825112487056e+31
0.0352	0.1472	1.30915794075769e+32
0.0374	0.1472	-6.10205724095398e+32
0.0396	0.1472	3.23638115641079e+33
0.0418	0.1472	-1.80602537308473e+34
0.044	0.1472	1.00676317262655e+35
0.0462	0.1472	-5.51687623817197e+35
0.0484	0.1472	2.95559405277581e+36
0.0506	0.1472	-1.54233836160635e+37
0.0528	0.1472	7.80925865043579e+37
0.055	0.1472	-3.81900259547246e+38
0.0572	0.1472	1.79390314786277e+39
0.0594	0.1472	-8.03933652377821e+39
0.0616	0.1472	3.40868885035175e+40
0.0638	0.1472	-1.35329321303214e+41
0.066	0.1472	4.96629047489612e+41
0.0682	0.1472	-1.65839434113628e+42
0.0704	0.1472	4.95050902642429e+42
0.0726	0.1472	-1.30077377089618e+43
0.0748	0.1472	3.00727118945679e+43
0.077	0.1472	5.8521072693431e+43
0.0792	0.1472	7.15089072868401e+43
0.0814	0.1472	1.04229596069072e+44
0.0836	0.1472	1.24801823177523e+44
0.0858	0.1472	1.63160483533648e+44
0.088	0.1472	1.94673559509441e+44
0.0902	0.1472	2.43744471845737e+44
0.0924	0.1472	2.62041285211081e+44
0.0946	0.1472	3.08513108770856e+44
0.0968	0.1472	3.53587439366046e+44
0.099	0.1472	4.10816872026525e+44
0.1012	0.1472	4.67856431631572e+44
0.1034	0.1472	5.37090220982905e+44
0.1056	0.1472	6.09371258624748e+44
0.1078	0.1472	6.89164172114501e+44
0.11	0.1472	7.77901867198822e+44
0	0.1504	-1.7125190224848e+29
0.0022	0.1504	1.29413081523654e+29
0.0044	0.1504	-1.21510624449583e+29
0.0066	0.1504	1.0007679653243e+28
0.0088	0.1504	7.11495147549171e+28
0.011	0.1504	-2.83146991609275e+29
0.0132	0.1504	3.37620018838918e+29
0.0154	0.1504	-4.11229386246067e+29
0.0176	0.1504	6.6608306426559e+29
0.0198	0.1504	-6.15791818205224e+29
0.022	0.1504	5.41065021805009e+29
0.0242	0.1504	-5.43107278735065e+29
0.0264	0.1504	1.4428446337575e+29
0.0286	0.1504	8.01824244734559e+29
0.0308	0.1504	-3.1228611668789e+30
0.033	0.1504	1.05581174859275e+31
0.0352	0.1504	-4.41904224150384e+31
0.0374	0.1504	2.19731774136687e+32
0.0396	0.1504	-1.18136689328498e+33
0.0418	0.1504	6.48792667923764e+33
0.044	0.1504	-3.52947826461952e+34
0.0462	0.1504	1.88265905948468e+35
0.0484	0.1504	-9.8033975438953e+35
0.0506	0.1504	4.96562772205159e+36
0.0528	0.1504	-2.43703092908324e+37
0.055	0.1504	1.15353780216515e+38
0.0572	0.1504	-5.23695305968091e+38
0.0594	0.1504	2.26507895984769e+39
0.0616	0.1504	-9.25728341697017e+39
0.0638	0.1504	3.53929912061353e+40
0.066	0.1504	-1.25048312505273e+41
0.0682	0.1504	4.02435552716932e+41
0.0704	0.1504	-1.1613980423191e+42
0.0726	0.1504	2.96635280890712e+42
0.0748	0.1504	-6.67862554734428e+42
0.077	0.1504	-1.42071366451072e+43
0.0792	0.1504	-1.77180485005491e+43
0.0814	0.1504	-2.64429433847039e+43
0.0836	0.1504	-3.20508583476658e+43
0.0858	0.1504	-4.23593819930806e+43
0.088	0.1504	-5.09745940212751e+43
0.0902	0.1504	-6.42421364283874e+43
0.0924	0.1504	-6.9557627742757e+43
0.0946	0.1504	-8.22697857910272e+43
0.0968	0.1504	-9.47854057971352e+43
0.099	0.1504	-1.10523993772388e+44
0.1012	0.1504	-1.2641167120012e+44
0.1034	0.1504	-1.45556230045864e+44
0.1056	0.1504	-1.65732130396364e+44
0.1078	0.1504	-1.87966838886229e+44
0.11	0.1504	-2.12808699358485e+44
0	0.1536	3.91838350814536e+28
0.0022	0.1536	-2.43295750969328e+28
0.0044	0.1536	2.3097586904283e+28
0.0066	0.1536	-1.67113291649672e+27
0.0088	0.1536	-1.77956379250797e+28
0.011	0.1536	5.86929288796095e+28
0.0132	0.1536	-7.28164984763337e+28
0.0154	0.1536	9.08842869383795e+28
0.0176	0.1536	-1.3781274250628e+29
0.0198	0.1536	1.3074918623344e+29
0.022	0.1536	-1.1588584414282e+29
0.0242	0.1536	1.07529477959885e+29
0.0264	0.1536	-1.48764460883176e+28
0.0286	0.1536	-2.20284082093609e+29
0.0308	0.1536	8.80766683839384e+29
0.033	0.1536	-3.37080129282404e+30
0.0352	0.1536	1.54450704211372e+31
0.0374	0.1536	-7.93712206461146e+31
0.0396	0.1536	4.25418176482688e+32
0.0418	0.1536	-2.28963095430961e+33
0.044	0.1536	1.21454745810494e+34
0.0462	0.1536	-6.30564310714037e+34
0.0484	0.1536	3.19190894844073e+35
0.0506	0.1536	-1.56983061351852e+36
0.0528	0.1536	7.47176772077814e+36
0.055	0.1536	-3.4256927284391e+37
0.0572	0.1536	1.50461971564881e+38
0.0594	0.1536	-6.28888165326232e+38
0.0616	0.1536	2.48144776671772e+39
0.0638	0.1536	-9.15411673948885e+39
0.066	0.1536	3.12092918662094e+40
0.0682	0.1536	-9.70293702612577e+40
0.0704	0.1536	2.71197135210843e+41
0.0726	0.1536	-6.72696108219182e+41
0.0748	0.1536	1.46344783585749e+42
0.077	0.1536	3.46381771660107e+42
0.0792	0.1536	4.41623263149607e+42
0.0814	0.1536	6.75215234585558e+42
0.0836	0.1536	8.28569789724119e+42
0.0858	0.1536	1.10667787456428e+43
0.088	0.1536	1.34294415445962e+43
0.0902	0.1536	1.70306814481385e+43
0.0924	0.1536	1.85671343387237e+43
0.0946	0.1536	2.20557041204436e+43
0.0968	0.1536	2.55378080610301e+43
0.099	0.1536	2.98790324637789e+43
0.1012	0.1536	3.43139758609576e+43
0.1034	0.1536	3.96232212928095e+43
0.1056	0.1536	4.52670215507047e+43
0.1078	0.1536	5.14780540811149e+43
0.11	0.1536	5.84477851745475e+43
0	0.1568	-8.94729646075443e+27
0.0022	0.1568	5.12716753637715e+27
0.0044	0.1568	-4.54219515644819e+27
0.0066	0.1568	1.69627083152779e+26
0.0088	0.1568	4.53911168003826e+27
0.011	0.1568	-1.27956166702278e+28
0.0132	0.1568	1.63709559764526e+28
0.0154	0.1568	-2.07522680436057e+28
0.0176	0.1568	2.97714135099181e+28
0.0198	0.1568	-2.88371574768441e+28
0.022	0.1568	2.56200876768647e+28
0.0242	0.1568	-2.17425264884278e+28
0.0264	0.1568	-1.77251030748266e+27
0.0286	0.1568	6.76150534296939e+28
0.0308	0.1568	-2.84836057915616e+29
0.033	0.1568	1.21749035996503e+30
0.0352	0.1568	-5.91995298595167e+30
0.0374	0.1568	3.07596088862278e+31
0.0396	0.1568	-1.62631938757398e+32
0.0418	0.1568	8.54387800989298e+32
0.044	0.1568	-4.40902442471405e+33
0.0462	0.1568	2.22354304548313e+34
0.0484	0.1568	-1.09208413693948e+35
0.0506	0.1568	5.20558432531908e+35
0.0528	0.1568	-2.39868850405226e+36
0.055	0.1568	1.06355961966073e+37
0.0572	0.1568	-4.51289919591045e+37
0.0594	0.1568	1.82062745661435e+38
0.0616	0.1568	-6.92896423347619e+38
0.0638	0.1568	2.46460363390299e+39
0.066	0.1568	-8.10323030084518e+39
0.0682	0.1568	2.43116042501323e+40
0.0704	0.1568	-6.5577272699729e+40
0.0726	0.1568	1.55934686178974e+41
0.0748	0.1568	-3.11966090453832e+41
0.077	0.1568	-8.77780236794617e+41
0.0792	0.1568	-1.15313049606117e+42
0.0814	0.1568	-1.81909576521686e+42
0.0836	0.1568	-2.26630504757714e+42
0.0858	0.1568	-3.06541490058883e+42
0.088	0.1568	-3.75560992210839e+42
0.0902	0.1568	-4.79703378548985e+42
0.0924	0.1568	-5.2692918298067e+42
0.0946	0.1568	-6.29053781832737e+42
0.0968	0.1568	-7.3247204987814e+42
0.099	0.1568	-8.60326283734706e+42
0.1012	0.1568	-9.92491178349732e+42
0.1034	0.1568	-1.14967205862289e+43
0.1056	0.1568	-1.31819661847431e+43
0.1078	0.1568	-1.50344268191603e+43
0.11	0.1568	-1.71215107843539e+43
0	0.16	3.61527706578877e+27
0.0022	0.16	-2.33412087702279e+27
0.0044	0.16	1.71252461004046e+27
0.0066	0.16	-1.14813438416629e+26
0.0088	0.16	-2.08605529106292e+27
0.011	0.16	5.24142857214893e+27
0.0132	0.16	-6.76509525692389e+27
0.0154	0.16	8.60902885207439e+27
0.0176	0.16	-1.18658274945353e+28
0.0198	0.16	1.16609828709695e+28
0.022	0.16	-1.03409050279974e+28
0.0242	0.16	8.05835344357715e+27
0.0264	0.16	2.94494354002477e+27
0.0286	0.16	-3.66694216189314e+28
0.0308	0.16	1.61392307556715e+29
0.033	0.16	-7.34037055604844e+29
0.0352	0.16	3.66161612649325e+30
0.0374	0.16	-1.9022702580447e+31
0.0396	0.16	9.93674737126594e+31
0.0418	0.16	-5.13124942372127e+32
0.044	0.16	2.59764031858206e+33
0.0462	0.16	-1.28363611447948e+34
0.0484	0.16	6.17113516523002e+34
0.0506	0.16	-2.87637051405944e+35
0.0528	0.16	1.29468240315579e+36
0.055	0.16	-5.60161610621092e+36
0.0572	0.16	2.31703389055682e+37
0.0594	0.16	-9.10384715635651e+37
0.0616	0.16	3.37191624850231e+38
0.0638	0.16	-1.16672237219476e+39
0.066	0.16	3.73161958435036e+39
0.0682	0.16	-1.08975201526622e+40
0.0704	0.16	2.86369214051203e+40
0.0726	0.16	-6.62835190945971e+40
0.0748	0.16	1.27070004421354e+41
0.077	0.16	4.10422131307036e+41
0.0792	0.16	5.50270031302106e+41
0.0814	0.16	8.86379994753674e+41
0.0836	0.16	1.11586173356724e+42
0.0858	0.16	1.52200237063465e+42
0.088	0.16	1.87758974650432e+42
0.0902	0.16	2.40950412574599e+42
0.0924	0.16	2.66161512666934e+42
0.0946	0.16	3.18777412757907e+42
0.0968	0.16	3.72610824920933e+42
0.099	0.16	4.38716347435834e+42
0.1012	0.16	5.07657625523284e+42
0.1034	0.16	5.89325340160608e+42
0.1056	0.16	6.77554715972961e+42
0.1078	0.16	7.74392763740213e+42
0.11	0.16	8.83918097617138e+42
