0	0	2.31635873595488e+39
0.0022	0	-1.79404056414929e+38
0.0044	0	9.56673843540653e+38
0.0066	0	-5.54679662295111e+39
0.0088	0	1.32137690929729e+40
0.011	0	-7.11638261896828e+39
0.0132	0	5.27773914505706e+39
0.0154	0	-6.38848993631997e+39
0.0176	0	5.29197337805799e+40
0.0198	0	-4.73610525405228e+40
0.022	0	3.51015470497428e+40
0.0242	0	-3.87210157834943e+40
0.0264	0	-5.73758599200089e+39
0.0286	0	1.38102932630991e+41
0.0308	0	-3.25195670562181e+41
0.033	0	4.50815964232466e+41
0.0352	0	-6.34451204336269e+41
0.0374	0	9.46456919689064e+41
0.0396	0	-8.15389416078849e+41
0.0418	0	-4.87982983387142e+40
0.044	0	2.50796772184272e+42
0.0462	0	-1.03077946482559e+43
0.0484	0	3.56033089249013e+43
0.0506	0	-1.0608786864328e+44
0.0528	0	2.34665208213937e+44
0.055	0	-6.00948646273264e+43
0.0572	0	-3.43517044274241e+45
0.0594	0	2.76354483262009e+46
0.0616	0	-1.57337684971598e+47
0.0638	0	7.64173188782319e+47
0.066	0	-3.34603150622665e+48
0.0682	0	1.34771602617547e+49
0.0704	0	-4.98413798398588e+49
0.0726	0	1.62908193601628e+50
0.0748	0	-3.97063491447038e+50
0.077	0	-3.37119948242956e+50
0.0792	0	-2.18928812889004e+50
0.0814	0	1.45443047516543e+51
0.0836	0	3.83728513623504e+50
0.0858	0	8.78721713066582e+50
0.088	0	5.93226805518167e+51
0.0902	0	1.48120946878175e+51
0.0924	0	-3.6653523781398e+51
0.0946	0	-3.21743622444651e+51
0.0968	0	-2.2121903777307e+51
0.099	0	-1.56018122937676e+51
0.1012	0	-1.02141948281676e+51
0.1034	0	-7.14946927255645e+50
0.1056	0	-5.48645935364839e+50
0.1078	0	-4.12420669026067e+50
0.11	0	-3.32090370071134e+50
0	0.0032	7.40948437243397e+38
0.0022	0.0032	4.43409696938535e+39
0.0044	0.0032	-1.48602245572729e+39
0.0066	0.0032	1.24887390027324e+40
0.0088	0.0032	-3.52535700257545e+40
0.011	0.0032	1.67635871921144e+40
0.0132	0.0032	-1.20082395421707e+40
0.0154	0.0032	6.0022667928881e+39
0.0176	0.0032	-1.3981096205541e+41
0.0198	0.0032	1.17726042333753e+41
0.022	0.0032	-8.30605749272384e+40
0.0242	0.0032	1.05387778668906e+41
0.0264	0.0032	-6.04586274574021e+39
0.0286	0.0032	-3.24391150376208e+41
0.0308	0.0032	8.05948168010508e+41
0.033	0.0032	-1.08972497709442e+42
0.0352	0.0032	1.52657066616627e+42
0.0374	0.0032	-2.41042168902931e+42
0.0396	0.0032	2.16292287257194e+42
0.0418	0.0032	-2.56684002552193e+41
0.044	0.0032	-4.89797943685134e+42
0.0462	0.0032	2.12505606890418e+43
0.0484	0.0032	-7.71659798982169e+43
0.0506	0.0032	2.48578194590702e+44
0.0528	0.0032	-6.5406373386877e+44
0.055	0.0032	9.46668758118098e+44
0.0572	0.0032	3.54919444282185e+45
0.0594	0.0032	-4.32924489123043e+46
0.0616	0.0032	2.76681637947336e+47
0.0638	0.0032	-1.42989740571951e+48
0.066	0.0032	6.55436423841157e+48
0.0682	0.0032	-2.76373559414972e+49
0.0704	0.0032	1.09143240774547e+50
0.0726	0.0032	-4.08074612866347e+50
0.0748	0.0032	1.47438903943138e+51
0.077	0.0032	1.34751426848508e+51
0.0792	0.0032	1.10987766440736e+51
0.0814	0.0032	-2.27727560054737e+51
0.0836	0.0032	-1.74268035042664e+50
0.0858	0.0032	-1.20800731266701e+51
0.088	0.0032	-1.13704122798578e+52
0.0902	0.0032	-2.57098775872704e+51
0.0924	0.0032	7.71251712671789e+51
0.0946	0.0032	6.79824783331924e+51
0.0968	0.0032	4.76813521079023e+51
0.099	0.0032	3.42523902415567e+51
0.1012	0.0032	2.33161704356531e+51
0.1034	0.0032	1.63122234327154e+51
0.1056	0.0032	1.2337700901965e+51
0.1078	0.0032	8.81766587975678e+50
0.11	0.0032	6.35109893100575e+50
0	0.0064	-5.29676427137723e+39
0.0022	0.0064	1.10191982941036e+40
0.0044	0.0064	-4.74507737720157e+39
0.0066	0.0064	-4.76467656189288e+40
0.0088	0.0064	1.77968925720115e+41
0.011	0.0064	-7.06094186992245e+40
0.0132	0.0064	5.18960003327226e+40
0.0154	0.0064	3.59236694347053e+40
0.0176	0.0064	6.92865952144737e+41
0.0198	0.0064	-5.3628398627005e+41
0.022	0.0064	3.49783444638107e+41
0.0242	0.0064	-5.30297489519429e+41
0.0264	0.0064	1.40480583626763e+41
0.0286	0.0064	1.37593681832742e+42
0.0308	0.0064	-3.68800112427375e+42
0.033	0.0064	4.81161058089801e+42
0.0352	0.0064	-6.65437364057905e+42
0.0374	0.0064	1.13267024139336e+43
0.0396	0.0064	-1.0526030802381e+43
0.0418	0.0064	2.84738949378896e+42
0.044	0.0064	1.62335273661285e+43
0.0462	0.0064	-7.56055814059194e+43
0.0484	0.0064	2.90408562416107e+44
0.0506	0.0064	-1.01177964807952e+45
0.0528	0.0064	3.06073498099998e+45
0.055	0.0064	-6.94296057422028e+45
0.0572	0.0064	2.81239115586475e+45
0.0594	0.0064	9.40813526579429e+46
0.0616	0.0064	-7.7561481420892e+47
0.0638	0.0064	4.45043758189975e+48
0.066	0.0064	-2.17677306882458e+49
0.0682	0.0064	9.66944800627748e+49
0.0704	0.0064	-4.02142582054086e+50
0.0726	0.0064	1.59047744769717e+51
0.0748	0.0064	-6.00405746081103e+51
0.077	0.0064	-5.54619252788731e+51
0.0792	0.0064	-4.67785582213446e+51
0.0814	0.0064	7.24054334790533e+51
0.0836	0.0064	8.71297917531977e+49
0.0858	0.0064	3.65979784013261e+51
0.088	0.0064	3.94841446349189e+52
0.0902	0.0064	9.02508428828219e+51
0.0924	0.0064	-2.69709165230392e+52
0.0946	0.0064	-2.38399123259898e+52
0.0968	0.0064	-1.6717187852537e+52
0.099	0.0064	-1.19728861167434e+52
0.1012	0.0064	-8.06683440987635e+51
0.1034	0.0064	-5.57405391460783e+51
0.1056	0.0064	-4.06662417609798e+51
0.1078	0.0064	-2.84417269405701e+51
0.11	0.0064	-1.95495463587495e+51
0	0.0096	-4.29614432318968e+39
0.0022	0.0096	3.41215084858379e+39
0.0044	0.0096	2.09536690466611e+40
0.0066	0.0096	-1.20729289445674e+41
0.0088	0.0096	3.39823485448028e+41
0.011	0.0096	2.69850304359216e+41
0.0132	0.0096	-2.56662109888501e+41
0.0154	0.0096	-5.21348785431164e+41
0.0176	0.0096	-3.59474828781442e+42
0.0198	0.0096	2.5330155328328e+42
0.022	0.0096	-1.48558973949281e+42
0.0242	0.0096	2.73625756917795e+42
0.0264	0.0096	-1.19077556983335e+42
0.0286	0.0096	-6.02990534312617e+42
0.0308	0.0096	1.76734556438554e+43
0.033	0.0096	-2.21258589773242e+43
0.0352	0.0096	2.98817330266958e+43
0.0374	0.0096	-5.52967024782245e+43
0.0396	0.0096	5.24714974153799e+43
0.0418	0.0096	-1.91464873723558e+43
0.044	0.0096	-5.55664958867439e+43
0.0462	0.0096	2.77200464632747e+44
0.0484	0.0096	-1.11481462603878e+45
0.0506	0.0096	4.12055885468673e+45
0.0528	0.0096	-1.36327356561301e+46
0.055	0.0096	3.73929614110929e+46
0.0572	0.0096	-6.26099080581571e+46
0.0594	0.0096	-1.39227656013533e+47
0.0616	0.0096	2.11551999437106e+48
0.0638	0.0096	-1.4009119480338e+49
0.066	0.0096	7.33742174202989e+49
0.0682	0.0096	-3.39774158629271e+50
0.0704	0.0096	1.45612069304813e+51
0.0726	0.0096	-5.91064148943359e+51
0.0748	0.0096	2.28919610119148e+52
0.077	0.0096	2.13225293826153e+52
0.0792	0.0096	1.80614346470698e+52
0.0814	0.0096	-2.61922082903889e+52
0.0836	0.0096	-9.96734503276556e+48
0.0858	0.0096	-1.31271030992236e+52
0.088	0.0096	-1.46856770528783e+53
0.0902	0.0096	-3.44896524326294e+52
0.0924	0.0096	9.95752601018793e+52
0.0946	0.0096	8.85426631168061e+52
0.0968	0.0096	6.25441433177785e+52
0.099	0.0096	4.51550374439451e+52
0.1012	0.0096	3.08449522890217e+52
0.1034	0.0096	2.16811261775925e+52
0.1056	0.0096	1.60816215788113e+52
0.1078	0.0096	1.1535718455753e+52
0.11	0.0096	8.19321989261222e+51
0	0.0128	-1.22308697162929e+39
0.0022	0.0128	-4.19852510028736e+39
0.0044	0.0128	4.06063655800625e+40
0.0066	0.0128	-1.51521983380239e+41
0.0088	0.0128	3.56554066136543e+41
0.011	0.0128	4.2053907590721e+41
0.0132	0.0128	1.45238779984995e+42
0.0154	0.0128	4.54182041327679e+42
0.0176	0.0128	1.89090601205388e+43
0.0198	0.0128	-1.19508991903279e+43
0.022	0.0128	6.01102556838237e+42
0.0242	0.0128	-1.40540556729684e+43
0.0264	0.0128	8.23896644755822e+42
0.0286	0.0128	2.60673878915928e+43
0.0308	0.0128	-8.54780131404983e+43
0.033	0.0128	1.01933910339347e+44
0.0352	0.0128	-1.32354634292789e+44
0.0374	0.0128	2.70897825313907e+44
0.0396	0.0128	-2.60043837921142e+44
0.0418	0.0128	1.10935848341117e+44
0.044	0.0128	1.85780237013502e+44
0.0462	0.0128	-9.95757363349106e+44
0.0484	0.0128	4.17571254897303e+45
0.0506	0.0128	-1.62451897443777e+46
0.0528	0.0128	5.7613447368057e+46
0.055	0.0128	-1.77850476756858e+47
0.0572	0.0128	4.18220139356741e+47
0.0594	0.0128	-2.65815997201098e+47
0.0616	0.0128	-4.8971747201059e+48
0.0638	0.0128	4.19297249143863e+49
0.066	0.0128	-2.41185033188443e+50
0.0682	0.0128	1.17325521453746e+51
0.0704	0.0128	-5.1885775270258e+51
0.0726	0.0128	2.16193932780096e+52
0.0748	0.0128	-8.62209050755281e+52
0.077	0.0128	-8.13507236120266e+52
0.0792	0.0128	-6.9355471244675e+52
0.0814	0.0128	9.53957297880033e+52
0.0836	0.0128	-1.16624103195325e+51
0.0858	0.0128	4.70383656032952e+52
0.088	0.0128	5.48259094676852e+53
0.0902	0.0128	1.31705615922793e+53
0.0924	0.0128	-3.69743636561122e+53
0.0946	0.0128	-3.30763310474154e+53
0.0968	0.0128	-2.35335829395935e+53
0.099	0.0128	-1.71509060081117e+53
0.1012	0.0128	-1.18874469744669e+53
0.1034	0.0128	-8.50945143604148e+52
0.1056	0.0128	-6.44629979235625e+52
0.1078	0.0128	-4.76426228952636e+52
0.11	0.0128	-3.52933967876391e+52
0	0.016	3.89577041752424e+39
0.0022	0.016	-1.41490464500483e+40
0.0044	0.016	5.96824474837056e+40
0.0066	0.016	-1.82842402360989e+41
0.0088	0.016	3.69405786259027e+41
0.011	0.016	6.11928564734027e+41
0.0132	0.016	1.05803265983326e+42
0.0154	0.016	6.90645055285821e+42
0.0176	0.016	-1.0147757985993e+44
0.0198	0.016	5.62544613937374e+43
0.022	0.016	-2.23468335388879e+43
0.0242	0.016	7.18967527073314e+43
0.0264	0.016	-5.18954822599238e+43
0.0286	0.016	-1.10062064673887e+44
0.0308	0.016	4.16924354820908e+44
0.033	0.016	-4.70113309882822e+44
0.0352	0.016	5.73624384556319e+44
0.0374	0.016	-1.33126445100788e+45
0.0396	0.016	1.28240354756851e+45
0.0418	0.016	-5.96465749182141e+44
0.044	0.016	-6.05938744531399e+44
0.0462	0.016	3.49283218132009e+45
0.0484	0.016	-1.52354871067498e+46
0.0506	0.016	6.21296258880251e+46
0.0528	0.016	-2.33688818888171e+47
0.055	0.016	7.86441171075757e+47
0.0572	0.016	-2.20300167261855e+48
0.0594	0.016	3.88932706713365e+48
0.0616	0.016	6.71400333883623e+48
0.0638	0.016	-1.15168896494021e+50
0.066	0.016	7.66100101030885e+50
0.0682	0.016	-3.97437647991489e+51
0.0704	0.016	1.82074704704832e+52
0.0726	0.016	-7.77176041328007e+52
0.0748	0.016	3.16321469283602e+53
0.077	0.016	3.01975074447362e+53
0.0792	0.016	2.57919337830623e+53
0.0814	0.016	-3.55170477925208e+53
0.0836	0.016	1.14819823978633e+51
0.0858	0.016	-1.7571792979999e+53
0.088	0.016	-2.054792584958e+54
0.0902	0.016	-5.09914511617822e+53
0.0924	0.016	1.36614707766212e+54
0.0946	0.016	1.22912228519997e+54
0.0968	0.016	8.7909384929985e+53
0.099	0.016	6.45501724509888e+53
0.1012	0.016	4.52233423527375e+53
0.1034	0.016	3.2833397916292e+53
0.1056	0.016	2.52839055361121e+53
0.1078	0.016	1.91174669685427e+53
0.11	0.016	1.45895423499757e+53
0	0.0192	4.32215866237043e+38
0.0022	0.0192	-9.0547224247075e+39
0.0044	0.0192	3.99033906926711e+40
0.0066	0.0192	-9.12220923597762e+40
0.0088	0.0192	2.9666222614754e+40
0.011	0.0192	1.7685373675274e+42
0.0132	0.0192	-2.13365511116131e+42
0.0154	0.0192	1.68020005483782e+43
0.0176	0.0192	-1.36915755668412e+44
0.0198	0.0192	-2.46023694320416e+44
0.022	0.0192	6.90358517260414e+43
0.0242	0.0192	-3.66641609186424e+44
0.0264	0.0192	3.09038872999045e+44
0.0286	0.0192	4.4764266361698e+44
0.0308	0.0192	-2.05238153862295e+45
0.033	0.0192	2.17374793032797e+45
0.0352	0.0192	-2.40778555105208e+45
0.0374	0.0192	6.56980048232674e+45
0.0396	0.0192	-6.30224983730189e+45
0.0418	0.0192	3.06755594342585e+45
0.044	0.0192	1.94890152336914e+45
0.0462	0.0192	-1.19560288017945e+46
0.0484	0.0192	5.41381410838496e+46
0.0506	0.0192	-2.30942414591286e+47
0.0528	0.0192	9.15659219879196e+47
0.055	0.0192	-3.30341020703382e+48
0.0572	0.0192	1.03800879889365e+49
0.0594	0.0192	-2.49835117270509e+49
0.0616	0.0192	1.89757912618237e+49
0.0638	0.0192	2.66388909424728e+50
0.066	0.0192	-2.31578935889408e+51
0.0682	0.0192	1.31634765359225e+52
0.0704	0.0192	-6.30102692951503e+52
0.0726	0.0192	2.76610119083089e+53
0.0748	0.0192	-1.16014560303145e+54
0.077	0.0192	-1.12060983383546e+54
0.0792	0.0192	-9.58650359921202e+53
0.0814	0.0192	1.32349256047414e+54
0.0836	0.0192	9.16364430366445e+51
0.0858	0.0192	6.58463551457887e+53
0.088	0.0192	7.70354221171654e+54
0.0902	0.0192	1.97523257765215e+54
0.0924	0.0192	-5.04295453005073e+54
0.0946	0.0192	-4.56203005317707e+54
0.0968	0.0192	-3.27822374654815e+54
0.099	0.0192	-2.42272658428813e+54
0.1012	0.0192	-1.7125486558984e+54
0.1034	0.0192	-1.25785044528561e+54
0.1056	0.0192	-9.81419627958868e+53
0.1078	0.0192	-7.5532137550632e+53
0.11	0.0192	-5.89095625618549e+53
0	0.0224	2.72254956192211e+39
0.0022	0.0224	-1.36046487526574e+40
0.0044	0.0224	4.89999850997285e+40
0.0066	0.0224	-1.03488965269196e+41
0.0088	0.0224	2.6438026571925e+40
0.011	0.0224	1.88904968364922e+42
0.0132	0.0224	-1.6900624281294e+42
0.0154	0.0224	1.52473022724672e+43
0.0176	0.0224	-1.25639897392808e+44
0.0198	0.0224	-3.20039192531008e+44
0.022	0.0224	-9.08682404796131e+43
0.0242	0.0224	1.86678113978608e+45
0.0264	0.0224	-1.77250116623628e+45
0.0286	0.0224	-1.70721816533544e+45
0.0308	0.0224	1.02032247031154e+46
0.033	0.0224	-1.01000640297383e+46
0.0352	0.0224	9.60898182777222e+45
0.0374	0.0224	-3.25970506161371e+46
0.0396	0.0224	3.08949014649591e+46
0.0418	0.0224	-1.53342189629359e+46
0.044	0.0224	-6.36890165719802e+45
0.0462	0.0224	3.99021259699654e+46
0.0484	0.0224	-1.87163954671848e+47
0.0506	0.0224	8.34791221035057e+47
0.0528	0.0224	-3.47749710969676e+48
0.055	0.0224	1.33210312531985e+49
0.0572	0.0224	-4.56430982494577e+49
0.0594	0.0224	1.30020259491259e+50
0.0616	0.0224	-2.35796141545094e+50
0.0638	0.0224	-3.53565918213216e+50
0.066	0.0224	6.45514015974974e+51
0.0682	0.0224	-4.23199579611221e+52
0.0704	0.0224	2.1430456963396e+53
0.0726	0.0224	-9.67846710243278e+53
0.0748	0.0224	4.18790126864058e+54
0.077	0.0224	4.09306049262661e+54
0.0792	0.0224	3.49825257895034e+54
0.0814	0.0224	-4.99568619897061e+54
0.0836	0.0224	-1.47822801707953e+53
0.0858	0.0224	-2.5303020086917e+54
0.088	0.0224	-2.89432036212731e+55
0.0902	0.0224	-7.70453852693184e+54
0.0924	0.0224	1.85491158927113e+55
0.0946	0.0224	1.68681671972164e+55
0.0968	0.0224	1.21611863461075e+55
0.099	0.0224	9.02986673248827e+54
0.1012	0.0224	6.42141685299895e+54
0.1034	0.0224	4.75440619895307e+54
0.1056	0.0224	3.74397174578775e+54
0.1078	0.0224	2.91695463465087e+54
0.11	0.0224	2.30812399327845e+54
0	0.0256	1.03216745872562e+40
0.0022	0.0256	-1.62757563164618e+40
0.0044	0.0256	3.58736135016903e+40
0.0066	0.0256	-2.69397167831971e+40
0.0088	0.0256	-2.58994753288689e+41
0.011	0.0256	2.80200109502643e+42
0.0132	0.0256	-3.90967535729163e+42
0.0154	0.0256	2.17269320266264e+43
0.0176	0.0256	-1.49038708098902e+44
0.0198	0.0256	-2.94667846910088e+44
0.022	0.0256	-2.14964096975236e+44
0.0242	0.0256	2.31056201993771e+45
0.0264	0.0256	9.60957391598643e+45
0.0286	0.0256	5.73572287503439e+45
0.0308	0.0256	-5.12474591213989e+46
0.033	0.0256	4.73046254363711e+46
0.0352	0.0256	-3.50689958629154e+46
0.0374	0.0256	1.62803765396761e+47
0.0396	0.0256	-1.51155269216691e+47
0.0418	0.0256	7.52431773019349e+46
0.044	0.0256	2.24929818089541e+46
0.0462	0.0256	-1.29663306131823e+47
0.0484	0.0256	6.28194655315932e+47
0.0506	0.0256	-2.93260654965668e+48
0.0528	0.0256	1.28191302554016e+49
0.055	0.0256	-5.18485323158989e+49
0.0572	0.0256	1.90831391678182e+50
0.0594	0.0256	-6.09687104966927e+50
0.0616	0.0256	1.48561929548223e+51
0.0638	0.0256	-1.16751281559741e+51
0.066	0.0256	-1.53261890812725e+52
0.0682	0.0256	1.30572034858964e+53
0.0704	0.0256	-7.15413607828606e+53
0.0726	0.0256	3.32066623829311e+54
0.0748	0.0256	-1.47757757334877e+55
0.077	0.0256	-1.46198594045008e+55
0.0792	0.0256	-1.24363835589893e+55
0.0814	0.0256	1.91750007019667e+55
0.0836	0.0256	1.29599370856853e+54
0.0858	0.0256	1.00351888793224e+55
0.088	0.0256	1.09058105236432e+56
0.0902	0.0256	3.0319862500387e+55
0.0924	0.0256	-6.78852809014519e+55
0.0946	0.0256	-6.2034567579855e+55
0.0968	0.0256	-4.47826266672861e+55
0.099	0.0256	-3.33267678685964e+55
0.1012	0.0256	-2.37513388665445e+55
0.1034	0.0256	-1.764422899773e+55
0.1056	0.0256	-1.3955776496436e+55
0.1078	0.0256	-1.0935051093982e+55
0.11	0.0256	-8.70960155462396e+54
0	0.0288	-3.68272828026099e+39
0.0022	0.0288	1.70803151617272e+39
0.0044	0.0288	3.3477232728883e+39
0.0066	0.0288	5.05777224851457e+40
0.0088	0.0288	-4.46962768114649e+41
0.011	0.0288	3.28763933039234e+42
0.0132	0.0288	-4.05957841708347e+42
0.0154	0.0288	2.11788214357002e+43
0.0176	0.0288	-1.39171176728777e+44
0.0198	0.0288	-3.71170670714417e+44
0.022	0.0288	-6.60076530021467e+43
0.0242	0.0288	1.80650165864201e+45
0.0264	0.0288	1.19412354637968e+46
0.0286	0.0288	-1.49614664624212e+46
0.0308	0.0288	2.60114911720699e+47
0.033	0.0288	-2.24240700382528e+47
0.0352	0.0288	1.05215295898489e+47
0.0374	0.0288	-8.19484636732495e+47
0.0396	0.0288	7.38138920775183e+47
0.0418	0.0288	-3.64868990920524e+47
0.044	0.0288	-9.30934984272105e+46
0.0462	0.0288	4.09374823083663e+47
0.0484	0.0288	-2.03982106777777e+48
0.0506	0.0288	9.99447663912527e+48
0.0528	0.0288	-4.58720460338524e+49
0.055	0.0288	1.95265744873047e+50
0.0572	0.0288	-7.65508168850829e+50
0.0594	0.0288	2.67406458207702e+51
0.0616	0.0288	-7.70732829707196e+51
0.0638	0.0288	1.39032952315884e+52
0.066	0.0288	2.21082274526368e+52
0.0682	0.0288	-3.77875099810582e+53
0.0704	0.0288	2.34350153602804e+54
0.0726	0.0288	-1.11564489836783e+55
0.0748	0.0288	5.01290239903639e+55
0.077	0.0288	5.02899094920954e+55
0.0792	0.0288	4.22756257452755e+55
0.0814	0.0288	-7.53621515889729e+55
0.0836	0.0288	-9.43318215518858e+54
0.0858	0.0288	-4.14777793488479e+55
0.088	0.0288	-4.12710360905773e+56
0.0902	0.0288	-1.20831036040936e+56
0.0924	0.0288	2.4649878696057e+56
0.0946	0.0288	2.26233759014369e+56
0.0968	0.0288	1.63023681491627e+56
0.099	0.0288	1.21136152070246e+56
0.1012	0.0288	8.6005547606943e+55
0.1034	0.0288	6.36533247522077e+55
0.1056	0.0288	5.02103053282132e+55
0.1078	0.0288	3.91978241199188e+55
0.11	0.0288	3.10832813980918e+55
0	0.032	8.46213401883197e+39
0.0022	0.032	-1.53438391726663e+40
0.0044	0.032	3.44092483980476e+40
0.0066	0.032	-9.45786268902576e+39
0.0088	0.032	-3.01913099055968e+41
0.011	0.032	2.7770280195175e+42
0.0132	0.032	-1.453605655041e+42
0.0154	0.032	1.20803734733461e+43
0.0176	0.032	-1.11835287848505e+44
0.0198	0.032	-5.12688523452845e+44
0.022	0.032	3.38324591083255e+44
0.0242	0.032	5.1535295244151e+44
0.0264	0.032	1.69387120270073e+46
0.0286	0.032	-3.26488904053448e+46
0.0308	0.032	3.29669495832309e+47
0.033	0.032	1.04297139028866e+48
0.0352	0.032	-1.41533126638355e+47
0.0374	0.032	4.16234075060857e+48
0.0396	0.032	-3.59642875247754e+48
0.0418	0.032	1.75748925583335e+48
0.044	0.032	4.66930885000819e+47
0.0462	0.032	-1.25062447653329e+48
0.0484	0.032	6.37206314997475e+48
0.0506	0.032	-3.29385024654236e+49
0.0528	0.032	1.59190918549577e+50
0.055	0.032	-7.11941260888816e+50
0.0572	0.032	2.95859554607589e+51
0.0594	0.032	-1.11503171811277e+52
0.0616	0.032	3.61890396980832e+52
0.0638	0.032	-8.79479675316757e+52
0.066	0.032	5.82603579814949e+52
0.0682	0.032	9.69695207687194e+53
0.0704	0.032	-7.54795427517106e+54
0.0726	0.032	3.69565706609059e+55
0.0748	0.032	-1.58520799322664e+56
0.077	0.032	-1.61888010165841e+56
0.0792	0.032	-1.32459397376587e+56
0.0814	0.032	3.05302539738642e+56
0.0836	0.032	6.22383334258784e+55
0.0858	0.032	1.79711804995379e+56
0.088	0.032	1.57143286167075e+57
0.0902	0.032	4.89570741834001e+56
0.0924	0.032	-8.84315913594918e+56
0.0946	0.032	-8.1449917968488e+56
0.0968	0.032	-5.82966552633695e+56
0.099	0.032	-4.29880003392531e+56
0.1012	0.032	-3.01052208953903e+56
0.1034	0.032	-2.19305086173456e+56
0.1056	0.032	-1.70377243330475e+56
0.1078	0.032	-1.30294575956963e+56
0.11	0.032	-1.0076946800379e+56
0	0.0352	-5.18553831388206e+39
0.0022	0.0352	8.22136851810961e+39
0.0044	0.0352	-2.49144338210023e+40
0.0066	0.0352	1.44918391762013e+41
0.0088	0.0352	-7.00076916324651e+41
0.011	0.0352	3.88112772712051e+42
0.0132	0.0352	-3.48403211236238e+42
0.0154	0.0352	1.82227682058218e+43
0.0176	0.0352	-1.26364306493685e+44
0.0198	0.0352	-5.02627602880004e+44
0.022	0.0352	1.53738363263589e+44
0.0242	0.0352	1.24269806468723e+45
0.0264	0.0352	1.47540876560883e+46
0.0286	0.0352	-1.91512071098715e+46
0.0308	0.0352	2.72884197816501e+47
0.033	0.0352	1.3649511165266e+48
0.0352	0.0352	-1.55199014984231e+48
0.0374	0.0352	-2.13560909289246e+49
0.0396	0.0352	1.7468426091436e+49
0.0418	0.0352	-8.44515940574616e+48
0.044	0.0352	-2.69419102650085e+48
0.0462	0.0352	3.65997080475641e+48
0.0484	0.0352	-1.89754685632289e+49
0.0506	0.0352	1.04410510596525e+50
0.0528	0.0352	-5.34755950919264e+50
0.055	0.0352	2.51082319085343e+51
0.0572	0.0352	-1.10307659899929e+52
0.0594	0.0352	4.45278007821067e+52
0.0616	0.0352	-1.59031825848334e+53
0.0638	0.0352	4.61084680335564e+53
0.066	0.0352	-7.83546615773181e+53
0.0682	0.0352	-1.7976042461836e+54
0.0704	0.0352	2.39564100305196e+55
0.0726	0.0352	-1.24102262541746e+56
0.0748	0.0352	4.30755957246094e+56
0.077	0.0352	4.53545630339895e+56
0.0792	0.0352	3.4535476517576e+56
0.0814	0.0352	-1.28370611325033e+57
0.0836	0.0352	-3.87847372173569e+56
0.0858	0.0352	-8.18468035728755e+56
0.088	0.0352	-6.03593550353029e+57
0.0902	0.0352	-2.02649980069771e+57
0.0924	0.0352	3.11172247284344e+57
0.0946	0.0352	2.87261927692865e+57
0.0968	0.0352	2.02471915886143e+57
0.099	0.0352	1.46544493329743e+57
0.1012	0.0352	9.93189202985485e+56
0.1034	0.0352	6.94404718135146e+56
0.1056	0.0352	5.16527296553024e+56
0.1078	0.0352	3.70834509116352e+56
0.11	0.0352	2.63598599580305e+56
0	0.0384	-3.52829368878065e+39
0.0022	0.0384	-8.18625576667518e+39
0.0044	0.0384	3.01602030754601e+40
0.0066	0.0384	-1.27772448726514e+40
0.0088	0.0384	-2.11821320390675e+41
0.011	0.0384	2.19571733858581e+42
0.0132	0.0384	3.14445833480628e+42
0.0154	0.0384	-3.68855179758843e+42
0.0176	0.0384	-5.75020343841772e+43
0.0198	0.0384	-7.80844775860887e+44
0.022	0.0384	9.87098984739957e+44
0.0242	0.0384	-1.4663884726368e+45
0.0264	0.0384	2.45973492077074e+46
0.0286	0.0384	-5.43654624841317e+46
0.0308	0.0384	4.08402730743401e+47
0.033	0.0384	9.83013231284222e+47
0.0352	0.0384	5.80972068979266e+46
0.0374	0.0384	-2.97831642571311e+49
0.0396	0.0384	-8.12146225091427e+49
0.0418	0.0384	4.05730967540055e+49
0.044	0.0384	1.65551790046661e+49
0.0462	0.0384	-9.9599514626188e+48
0.0484	0.0384	5.3025774231453e+49
0.0506	0.0384	-3.15347717361713e+50
0.0528	0.0384	1.73408114971678e+51
0.055	0.0384	-8.54789676951936e+51
0.0572	0.0384	3.96446858722179e+52
0.0594	0.0384	-1.7072579753536e+53
0.0616	0.0384	6.63160337049533e+53
0.0638	0.0384	-2.19014639153821e+54
0.066	0.0384	5.19305665612868e+54
0.0682	0.0384	-1.17358894316553e+54
0.0704	0.0384	-7.42823198992801e+55
0.0726	0.0384	4.5359994086187e+56
0.0748	0.0384	-7.05330362349272e+56
0.077	0.0384	-8.27733074468484e+56
0.0792	0.0384	-4.29082777188437e+56
0.0814	0.0384	5.63371578883581e+57
0.0836	0.0384	2.33322752139475e+57
0.0858	0.0384	3.91201424087664e+57
0.088	0.0384	2.3472364052448e+58
0.0902	0.0384	8.61554204100066e+57
0.0924	0.0384	-1.05991962426726e+58
0.0946	0.0384	-9.78568670276937e+57
0.0968	0.0384	-6.68092340382317e+57
0.099	0.0384	-4.63818964765486e+57
0.1012	0.0384	-2.90732806064241e+57
0.1034	0.0384	-1.81566680790018e+57
0.1056	0.0384	-1.16947892508197e+57
0.1078	0.0384	-6.40391206711981e+56
0.11	0.0384	-2.51378446953978e+56
0	0.0416	1.60486698211834e+40
0.0022	0.0416	-2.51820742743112e+40
0.0044	0.0416	2.68704635568642e+40
0.0066	0.0416	3.65234292461587e+40
0.0088	0.0416	-3.79800083146553e+41
0.011	0.0416	2.78634947823665e+42
0.0132	0.0416	2.23767363213419e+42
0.0154	0.0416	1.04625741943228e+42
0.0176	0.0416	-7.40500674651184e+43
0.0198	0.0416	-7.47784600413457e+44
0.022	0.0416	6.51084100018094e+44
0.0242	0.0416	-4.69659065832594e+43
0.0264	0.0416	1.95403839544638e+46
0.0286	0.0416	-2.81726877248793e+46
0.0308	0.0416	2.97022172511006e+47
0.033	0.0416	1.5466552027551e+48
0.0352	0.0416	-1.55516712019945e+48
0.0374	0.0416	-2.35439426825354e+49
0.0396	0.0416	-1.20769627263269e+50
0.0418	0.0416	-1.85832390139924e+50
0.044	0.0416	-1.03333495467895e+50
0.0462	0.0416	2.25954035797803e+49
0.0484	0.0416	-1.34959145365319e+50
0.0506	0.0416	8.91024703280417e+50
0.0528	0.0416	-5.40863320557916e+51
0.055	0.0416	2.80041843624021e+52
0.0572	0.0416	-1.37028628328692e+53
0.0594	0.0416	6.28146548645685e+53
0.0616	0.0416	-2.63691397107901e+54
0.0638	0.0416	9.7122945305132e+54
0.066	0.0416	-2.82863834746698e+55
0.0682	0.0416	4.00747473482211e+55
0.0704	0.0416	2.2012614403702e+56
0.0726	0.0416	-2.40321808089933e+57
0.0748	0.0416	1.38181088065099e+58
0.077	0.0416	1.41049264989682e+58
0.0792	0.0416	1.1780314300673e+58
0.0814	0.0416	-2.4947029237752e+58
0.0836	0.0416	-4.69165781023169e+57
0.0858	0.0416	-1.5173175303003e+58
0.088	0.0416	-1.38457784317673e+59
0.0902	0.0416	-4.309394935735e+58
0.0924	0.0416	8.15723726845889e+58
0.0946	0.0416	7.57976824713399e+58
0.0968	0.0416	5.46294881388636e+58
0.099	0.0416	4.03831879307548e+58
0.1012	0.0416	2.81348225075175e+58
0.1034	0.0416	2.02213033587553e+58
0.1056	0.0416	1.54143985104413e+58
0.1078	0.0416	1.13847783386904e+58
0.11	0.0416	8.36712277141275e+57
0	0.0448	-7.27207871157706e+38
0.0022	0.0448	5.43127070400332e+39
0.0044	0.0448	-2.59032818057667e+40
0.0066	0.0448	1.47667015265051e+41
0.0088	0.0448	-6.11892118137633e+41
0.011	0.0448	3.17347112531773e+42
0.0132	0.0448	2.67222127753116e+42
0.0154	0.0448	-7.61009209804242e+41
0.0176	0.0448	-7.1132856688087e+43
0.0198	0.0448	-8.08439908041548e+44
0.022	0.0448	7.33684691785793e+44
0.0242	0.0448	-2.24095008870713e+44
0.0264	0.0448	2.0789327374508e+46
0.0286	0.0448	-3.16018641895803e+46
0.0308	0.0448	3.16025862594055e+47
0.033	0.0448	1.59495221480286e+48
0.0352	0.0448	-1.42151776431508e+48
0.0374	0.0448	-2.66858787311516e+49
0.0396	0.0448	-1.25034082713033e+50
0.0418	0.0448	-2.32036991897302e+50
0.044	0.0448	-1.66762732033978e+50
0.0462	0.0448	9.64762287558415e+47
0.0484	0.0448	2.92511489989425e+50
0.0506	0.0448	-2.25752273390419e+51
0.0528	0.0448	1.61529724923162e+52
0.055	0.0448	-8.79189494575037e+52
0.0572	0.0448	4.53807974138661e+53
0.0594	0.0448	-2.21170006335672e+54
0.0616	0.0448	9.99635489174973e+54
0.0638	0.0448	-4.06139864212584e+55
0.066	0.0448	1.39037572588514e+56
0.0682	0.0448	-3.29206172513578e+56
0.0704	0.0448	-1.0133658696671e+56
0.0726	0.0448	7.07060814718707e+57
0.0748	0.0448	-5.0787536928084e+58
0.077	0.0448	-5.33845159716207e+58
0.0792	0.0448	-4.43156450759053e+58
0.0814	0.0448	1.02725037431091e+59
0.0836	0.0448	2.32902763427144e+58
0.0858	0.0448	6.44332170893573e+58
0.088	0.0448	5.65714251320152e+59
0.0902	0.0448	1.87253251885329e+59
0.0924	0.0448	-3.1768060258356e+59
0.0946	0.0448	-2.9919802522121e+59
0.0968	0.0448	-2.17424306593861e+59
0.099	0.0448	-1.62583433542588e+59
0.1012	0.0448	-1.14936742128022e+59
0.1034	0.0448	-8.42301325736792e+58
0.1056	0.0448	-6.56735888909966e+58
0.1078	0.0448	-5.00318200652969e+58
0.11	0.0448	-3.82272660328125e+58
0	0.048	5.06887321767808e+39
0.0022	0.048	-8.44316813283039e+39
0.0044	0.048	-1.38484075473818e+40
0.0066	0.048	1.0830216818833e+41
0.0088	0.048	-4.35866610264262e+41
0.011	0.048	2.57762382480493e+42
0.0132	0.048	5.74316480423647e+42
0.0154	0.048	-8.44762266636923e+42
0.0176	0.048	-4.82176107012284e+43
0.0198	0.048	-9.06673537665446e+44
0.022	0.048	8.13575855861086e+44
0.0242	0.048	-2.00610581342018e+44
0.0264	0.048	2.06063620097104e+46
0.0286	0.048	-2.35606705853877e+46
0.0308	0.048	2.74780287311828e+47
0.033	0.048	1.89068809957224e+48
0.0352	0.048	-1.89851279388388e+48
0.0374	0.048	-2.51985327912346e+49
0.0396	0.048	-1.47389578365382e+50
0.0418	0.048	-2.41262709289648e+50
0.044	0.048	-2.06015044093729e+50
0.0462	0.048	3.78130330131548e+49
0.0484	0.048	-4.61082395760565e+50
0.0506	0.048	4.4846853438749e+51
0.0528	0.048	-4.59502746021994e+52
0.055	0.048	2.63075924225408e+53
0.0572	0.048	-1.43275945690921e+54
0.0594	0.048	7.41867804162359e+54
0.0616	0.048	-3.59909955965616e+55
0.0638	0.048	1.59746333329809e+56
0.066	0.048	-6.20745869468481e+56
0.0682	0.048	1.90084504702674e+57
0.0704	0.048	-2.84416632636187e+57
0.0726	0.048	-1.53044721827084e+58
0.0748	0.048	1.68361505075243e+59
0.077	0.048	1.8569736083814e+59
0.0792	0.048	1.51066137582401e+59
0.0814	0.048	-4.26604576442447e+59
0.0836	0.048	-1.22670313594686e+59
0.0858	0.048	-2.7981487318689e+59
0.088	0.048	-2.28182018957139e+60
0.0902	0.048	-8.15719200394891e+59
0.0924	0.048	1.188252423818e+60
0.0946	0.048	1.13810736314047e+60
0.0968	0.048	8.3286837930856e+59
0.099	0.048	6.29474333716207e+59
0.1012	0.048	4.50516354900011e+59
0.1034	0.048	3.3582267279548e+59
0.1056	0.048	2.67191422416986e+59
0.1078	0.048	2.09047893258252e+59
0.11	0.048	1.64833045908531e+59
0	0.0512	6.86354539812221e+39
0.0022	0.0512	4.96062589776421e+39
0.0044	0.0512	-3.45275739372273e+40
0.0066	0.0512	1.33850836803851e+41
0.0088	0.0512	-4.19876689335201e+41
0.011	0.0512	2.27264962989833e+42
0.0132	0.0512	8.18033394505315e+42
0.0154	0.0512	-1.51326596167164e+43
0.0176	0.0512	-3.28688877493712e+43
0.0198	0.0512	-1.00130042809449e+45
0.022	0.0512	9.64914397408893e+44
0.0242	0.0512	-5.61175988149832e+44
0.0264	0.0512	2.24539531019565e+46
0.0286	0.0512	-2.88266901564252e+46
0.0308	0.0512	3.01727789142185e+47
0.033	0.0512	1.90651670610493e+48
0.0352	0.0512	-1.50671093049407e+48
0.0374	0.0512	-2.95332966855161e+49
0.0396	0.0512	-1.48275486417286e+50
0.0418	0.0512	-3.22202341828009e+50
0.044	0.0512	-1.60242983054384e+50
0.0462	0.0512	-3.79567295520808e+50
0.0484	0.0512	1.43186291370121e+51
0.0506	0.0512	-1.36905902827356e+52
0.0528	0.0512	1.24151008557957e+53
0.055	0.0512	-7.45066690643175e+53
0.0572	0.0512	4.28476351456516e+54
0.0594	0.0512	-2.35770422043499e+55
0.0616	0.0512	1.22622426049324e+56
0.0638	0.0512	-5.91459922999382e+56
0.066	0.0512	2.56152175384834e+57
0.0682	0.0512	-9.3224005111137e+57
0.0704	0.0512	2.34196439033261e+58
0.0726	0.0512	5.27509987425997e+57
0.0748	0.0512	-5.03641129123884e+59
0.077	0.0512	-6.02755141281979e+59
0.0792	0.0512	-4.70000195281459e+59
0.0814	0.0512	1.8102569430313e+60
0.0836	0.0512	6.47378730083703e+59
0.0858	0.0512	1.24884295250557e+60
0.088	0.0512	9.29356741264039e+60
0.0902	0.0512	3.60414445282047e+60
0.0924	0.0512	-4.38806634108429e+60
0.0946	0.0512	-4.28818056886896e+60
0.0968	0.0512	-3.15466369726417e+60
0.099	0.0512	-2.40616139911211e+60
0.1012	0.0512	-1.73763706820292e+60
0.1034	0.0512	-1.31286147606868e+60
0.1056	0.0512	-1.06257125604288e+60
0.1078	0.0512	-8.49572736052402e+59
0.11	0.0512	-6.86501363218628e+59
0	0.0544	-7.47714554102848e+39
0.0022	0.0544	1.57741261838131e+40
0.0044	0.0544	-6.09056358711521e+40
0.0066	0.0544	1.61233575066407e+41
0.0088	0.0544	-3.91258590744769e+41
0.011	0.0544	2.10923138763337e+42
0.0132	0.0544	9.80117195961379e+42
0.0154	0.0544	-1.68325482854473e+43
0.0176	0.0544	-3.28453743388732e+43
0.0198	0.0544	-1.01905425377107e+45
0.022	0.0544	7.36075669537228e+44
0.0242	0.0544	5.47712276882608e+44
0.0264	0.0544	1.85158825963001e+46
0.0286	0.0544	-6.51318910966721e+45
0.0308	0.0544	2.07299466692622e+47
0.033	0.0544	2.4084688413926e+48
0.0352	0.0544	-2.68450837966368e+48
0.0374	0.0544	-2.55023825822645e+49
0.0396	0.0544	-1.83245409443703e+50
0.0418	0.0544	-2.96022095736695e+50
0.044	0.0544	-4.2913918930372e+50
0.0462	0.0544	6.20108326850844e+50
0.0484	0.0544	-3.76412621790103e+51
0.0506	0.0544	3.51125706020883e+52
0.0528	0.0544	-3.1372798351301e+53
0.055	0.0544	1.97823698075384e+54
0.0572	0.0544	-1.20302514776766e+55
0.0594	0.0544	7.04311887878991e+55
0.0616	0.0544	-3.9286732762249e+56
0.0638	0.0544	2.05572414020455e+57
0.066	0.0544	-9.84072358030902e+57
0.0682	0.0544	4.11442767140687e+58
0.0704	0.0544	-1.3462965630447e+59
0.0726	0.0544	2.10712229081161e+59
0.0748	0.0544	1.19589280395344e+60
0.077	0.0544	1.72063288465548e+60
0.0792	0.0544	1.20680393373554e+60
0.0814	0.0544	-7.87020395771226e+60
0.0836	0.0544	-3.41143631014232e+60
0.0858	0.0544	-5.72927399717863e+60
0.088	0.0544	-3.83748298721773e+61
0.0902	0.0544	-1.61942947250982e+61
0.0924	0.0544	1.59461331135099e+61
0.0946	0.0544	1.59776280568194e+61
0.0968	0.0544	1.1783957574145e+61
0.099	0.0544	9.04969223290552e+60
0.1012	0.0544	6.56252064011699e+60
0.1034	0.0544	5.00256322292643e+60
0.1056	0.0544	4.10498432507802e+60
0.1078	0.0544	3.33839839505172e+60
0.11	0.0544	2.74828923353738e+60
0	0.0576	2.07390343973598e+40
0.0022	0.0576	-5.80863711643447e+39
0.0044	0.0576	9.21611478743476e+38
0.0066	0.0576	-3.82335170289658e+40
0.0088	0.0576	2.617588637909e+41
0.011	0.0576	-7.35584800410201e+39
0.0132	0.0576	1.76214017321948e+43
0.0154	0.0576	-3.89644080507813e+43
0.0176	0.0576	2.94921177665988e+43
0.0198	0.0576	-1.26423271979529e+45
0.022	0.0576	1.35486280785046e+45
0.0242	0.0576	-1.3877866242924e+45
0.0264	0.0576	2.59131581322509e+46
0.0286	0.0576	-3.26053473197332e+46
0.0308	0.0576	3.16251164777291e+47
0.033	0.0576	2.10043725320155e+48
0.0352	0.0576	-8.67872363718163e+47
0.0374	0.0576	-3.57012408568637e+49
0.0396	0.0576	-1.62079608149372e+50
0.0418	0.0576	-4.9198659966503e+50
0.044	0.0576	5.06929487825389e+49
0.0462	0.0576	-1.86469070527314e+51
0.0484	0.0576	8.84069147666648e+51
0.0506	0.0576	-8.23715076107239e+52
0.0528	0.0576	7.32012772224687e+53
0.055	0.0576	-4.85952167413678e+54
0.0572	0.0576	3.13117281469434e+55
0.0594	0.0576	-1.95438050598331e+56
0.0616	0.0576	1.17134183584967e+57
0.0638	0.0576	-6.65480401317021e+57
0.066	0.0576	3.51284502549253e+58
0.0682	0.0576	-1.66424211834089e+59
0.0704	0.0576	6.58788260749813e+59
0.0726	0.0576	-1.75755522757796e+60
0.0748	0.0576	-8.39191464993207e+59
0.077	0.0576	-3.49924332309433e+60
0.0792	0.0576	-1.47748930742957e+60
0.0814	0.0576	3.50816131540695e+61
0.0836	0.0576	1.79376165263624e+61
0.0858	0.0576	2.6974129790787e+61
0.088	0.0576	1.61193541995348e+62
0.0902	0.0576	7.41765240378865e+61
0.0924	0.0576	-5.65088828132651e+61
0.0946	0.0576	-5.85420518751576e+61
0.0968	0.0576	-4.31018709009227e+61
0.099	0.0576	-3.32162832999494e+61
0.1012	0.0576	-2.40118602898552e+61
0.1034	0.0576	-1.8350466714026e+61
0.1056	0.0576	-1.52122161526471e+61
0.1078	0.0576	-1.25265465428812e+61
0.11	0.0576	-1.04517159417167e+61
0	0.0608	-3.41108440863372e+40
0.0022	0.0608	6.16904669851207e+40
0.0044	0.0608	-1.39997705126702e+41
0.0066	0.0608	2.818990664199e+41
0.0088	0.0608	-5.78089478985691e+41
0.011	0.0608	2.62072626942589e+42
0.0132	0.0608	9.9898360219488e+42
0.0154	0.0608	-8.60243388548272e+42
0.0176	0.0608	-8.06450220485179e+43
0.0198	0.0608	-9.07857876221288e+44
0.022	0.0608	-1.79802249479322e+44
0.0242	0.0608	4.2040885813982e+45
0.0264	0.0608	6.44536437476931e+45
0.0286	0.0608	4.80653543172789e+46
0.0308	0.0608	1.46260776628173e+45
0.033	0.0608	3.44960680444737e+48
0.0352	0.0608	-5.22623433124418e+48
0.0374	0.0608	-1.93104160074904e+49
0.0396	0.0608	-2.49564714814569e+50
0.0418	0.0608	-2.68166170048198e+50
0.044	0.0608	-1.16935167067149e+51
0.0462	0.0608	3.39085969137039e+51
0.0484	0.0608	-1.89723178806052e+52
0.0506	0.0608	1.75277386725306e+53
0.0528	0.0608	-1.54689766115112e+54
0.055	0.0608	1.08347135882194e+55
0.0572	0.0608	-7.41497668457886e+55
0.0594	0.0608	4.94817850138964e+56
0.0616	0.0608	-3.19632114737868e+57
0.0638	0.0608	1.97754194901772e+58
0.066	0.0608	-1.15309537413317e+59
0.0682	0.0608	6.16958919705188e+59
0.0704	0.0608	-2.87903584598235e+60
0.0726	0.0608	1.03472680757697e+61
0.0748	0.0608	-1.5457516846618e+61
0.077	0.0608	-2.33241712261927e+60
0.0792	0.0608	-1.05071500047718e+61
0.0814	0.0608	-1.60274501963808e+62
0.0836	0.0608	-9.40995038971147e+61
0.0858	0.0608	-1.30050388594096e+62
0.088	0.0608	-6.91883685706724e+62
0.0902	0.0608	-3.47459633822078e+62
0.0924	0.0608	1.92019280107527e+62
0.0946	0.0608	2.08983667011259e+62
0.0968	0.0608	1.52524208551284e+62
0.099	0.0608	1.1733635417105e+62
0.1012	0.0608	8.35191583147032e+61
0.1034	0.0608	6.33346522974153e+61
0.1056	0.0608	5.28120290441331e+61
0.1078	0.0608	4.38156857925103e+61
0.11	0.0608	3.68604799135995e+61
0	0.064	3.42624884081828e+40
0.0022	0.064	-3.58921369677681e+40
0.0044	0.064	1.1983532393869e+41
0.0066	0.064	-4.72436533862122e+41
0.0088	0.064	1.69851748687961e+42
0.011	0.064	-4.39641851023422e+42
0.0132	0.064	3.32441251841216e+43
0.0154	0.064	-7.96986284973168e+43
0.0176	0.064	1.4303698074221e+44
0.0198	0.064	-1.69934751046156e+45
0.022	0.064	2.28605249068136e+45
0.0242	0.064	-4.15741219058548e+45
0.0264	0.064	3.67093773089682e+46
0.0286	0.064	-6.54489636387621e+46
0.0308	0.064	4.52331622699271e+47
0.033	0.064	1.79313449095846e+48
0.0352	0.064	2.10927657694033e+48
0.0374	0.064	-5.18938316979602e+49
0.0396	0.064	-1.38806849414042e+50
0.0418	0.064	-8.66969776379267e+50
0.044	0.064	9.79448942237931e+50
0.0462	0.064	-7.00202795208633e+51
0.0484	0.064	3.58383952520768e+52
0.0506	0.064	-3.29507044286648e+53
0.0528	0.064	2.87420795449785e+54
0.055	0.064	-2.12894819394823e+55
0.0572	0.064	1.55197213029889e+56
0.0594	0.064	-1.11121164276952e+57
0.0616	0.064	7.76965740212795e+57
0.0638	0.064	-5.26099240608606e+58
0.066	0.064	3.40637840020068e+59
0.0682	0.064	-2.06605385983117e+60
0.0704	0.064	1.13093743355809e+61
0.0726	0.064	-5.15030893917113e+61
0.0748	0.064	1.48992780617318e+62
0.077	0.064	8.54989331198174e+61
0.0792	0.064	1.20050726820671e+62
0.0814	0.064	7.49917280515536e+62
0.0836	0.064	4.92754307520595e+62
0.0858	0.064	6.41222418088157e+62
0.088	0.064	3.05528524051748e+63
0.0902	0.064	1.67300317838703e+63
0.0924	0.064	-6.03922840710007e+62
0.0946	0.064	-7.15355842220304e+62
0.0968	0.064	-5.10989828791749e+62
0.099	0.064	-3.8887912499412e+62
0.1012	0.064	-2.65882444478401e+62
0.1034	0.064	-1.95942590036847e+62
0.1056	0.064	-1.63316809361977e+62
0.1078	0.064	-1.35642022992877e+62
0.11	0.064	-1.14333101594221e+62
0	0.0672	-1.92271962431955e+40
0.0022	0.0672	7.11383026398688e+40
0.0044	0.0672	-1.5785332943748e+41
0.0066	0.0672	3.14246960230553e+41
0.0088	0.0672	-7.4470757019575e+41
0.011	0.0672	3.76745596322609e+42
0.0132	0.0672	6.54371711994099e+42
0.0154	0.0672	1.73980891483637e+43
0.0176	0.0672	-1.98640514625341e+44
0.0198	0.0672	-5.44028380334173e+44
0.022	0.0672	-2.04828008393269e+45
0.0242	0.0672	1.11785919847169e+46
0.0264	0.0672	-1.70924602380421e+46
0.0286	0.0672	1.46107136532037e+47
0.0308	0.0672	-3.66877946633315e+47
0.033	0.0672	5.11744726232037e+48
0.0352	0.0672	-9.9689790380853e+48
0.0374	0.0672	-4.4437293651663e+48
0.0396	0.0672	-3.57926665286302e+50
0.0418	0.0672	-1.05404891158144e+50
0.044	0.0672	-2.76462364728152e+51
0.0462	0.0672	1.01280252392609e+52
0.0484	0.0672	-5.77527507510463e+52
0.0506	0.0672	5.23467008504101e+53
0.0528	0.0672	-4.46729206213908e+54
0.055	0.0672	3.50799096624589e+55
0.0572	0.0672	-2.7328276980221e+56
0.0594	0.0672	2.1083908517084e+57
0.0616	0.0672	-1.604656129126e+58
0.0638	0.0672	1.197748009886e+59
0.066	0.0672	-8.68892461631803e+59
0.0682	0.0672	6.0359145902227e+60
0.0704	0.0672	-3.91027971193629e+61
0.0726	0.0672	2.23684526553123e+62
0.0748	0.0672	-9.71720973487726e+62
0.077	0.0672	-6.71751584171405e+62
0.0792	0.0672	-8.2841263262823e+62
0.0814	0.0672	-3.5990822990605e+63
0.0836	0.0672	-2.58244555313744e+63
0.0858	0.0672	-3.24291720474834e+63
0.088	0.0672	-1.40533212572773e+64
0.0902	0.0672	-8.36275011630054e+63
0.0924	0.0672	1.59883128807274e+63
0.0946	0.0672	2.28080644500799e+63
0.0968	0.0672	1.5528029680312e+63
0.099	0.0672	1.14812429848188e+63
0.1012	0.0672	7.06778379849512e+62
0.1034	0.0672	4.76253843303358e+62
0.1056	0.0672	3.920240405051e+62
0.1078	0.0672	3.22698351808032e+62
0.11	0.0672	2.69984154615843e+62
0	0.0704	-7.29996516012905e+40
0.0022	0.0704	5.59766741796282e+40
0.0044	0.0704	3.76701750814556e+40
0.0066	0.0704	-4.3290829991164e+41
0.0088	0.0704	1.79992603281377e+42
0.011	0.0704	-4.69455089271938e+42
0.0132	0.0704	3.62126911986656e+43
0.0154	0.0704	-7.88759149506597e+43
0.0176	0.0704	1.24543284920471e+44
0.0198	0.0704	-1.72563267088274e+45
0.022	0.0704	1.88869490105312e+45
0.0242	0.0704	-2.80760751423963e+45
0.0264	0.0704	3.47834774175505e+46
0.0286	0.0704	-5.55808529109782e+46
0.0308	0.0704	4.50989267363798e+47
0.033	0.0704	1.92404370356749e+48
0.0352	0.0704	4.01900967216396e+48
0.0374	0.0704	-6.55523145536621e+49
0.0396	0.0704	-1.25686028999399e+50
0.0418	0.0704	-1.27835597818745e+51
0.044	0.0704	1.93981001262477e+51
0.0462	0.0704	-1.33530639874083e+52
0.0484	0.0704	7.31455494730632e+52
0.0506	0.0704	-6.45585759047407e+53
0.0528	0.0704	5.25258604384048e+54
0.055	0.0704	-4.38767264988194e+55
0.0572	0.0704	3.66740298263233e+56
0.0594	0.0704	-3.06418387680317e+57
0.0616	0.0704	2.55628220338339e+58
0.0638	0.0704	-2.12441510277064e+59
0.066	0.0704	1.75114702782554e+60
0.0682	0.0704	-1.42027096324725e+61
0.0704	0.0704	1.11611359543772e+62
0.0726	0.0704	-8.22731777422242e+62
0.0748	0.0704	5.22950233550081e+63
0.077	0.0704	3.89723476420047e+63
0.0792	0.0704	4.68658639130562e+63
0.0814	0.0704	1.80151834593164e+64
0.0836	0.0704	1.37082496760349e+64
0.0858	0.0704	1.71785886273436e+64
0.088	0.0704	6.93367799853443e+64
0.0902	0.0704	4.44003779542019e+64
0.0924	0.0704	-2.29599032483321e+63
0.0946	0.0704	-6.51067022763815e+63
0.0968	0.0704	-3.97344333878424e+63
0.099	0.0704	-2.74698795675816e+63
0.1012	0.0704	-1.17220029606749e+63
0.1034	0.0704	-4.74350831628397e+62
0.1056	0.0704	-3.70365210238083e+62
0.1078	0.0704	-3.02599637640735e+62
0.11	0.0704	-2.5105008452306e+62
0	0.0736	1.51920550642066e+41
0.0022	0.0736	-1.87100890818218e+41
0.0044	0.0736	4.0271539292404e+41
0.0066	0.0736	-1.06706126631401e+42
0.0088	0.0736	2.86380194660837e+42
0.011	0.0736	-5.81058975756751e+42
0.0132	0.0736	3.5369013493236e+43
0.0154	0.0736	-5.54221258196329e+43
0.0176	0.0736	3.51956348354468e+41
0.0198	0.0736	-1.23203636482542e+45
0.022	0.0736	-4.35710021847332e+44
0.0242	0.0736	6.26299456332409e+45
0.0264	0.0736	9.23649050962289e+44
0.0286	0.0736	8.83635273353348e+46
0.0308	0.0736	-1.3957757687625e+47
0.033	0.0736	4.5066621523874e+48
0.0352	0.0736	-5.67458008559438e+48
0.0374	0.0736	-2.46004287807692e+49
0.0396	0.0736	-3.37077692487025e+50
0.0418	0.0736	-5.00866669271746e+50
0.044	0.0736	-2.43188101623909e+51
0.0462	0.0736	8.65565019836203e+51
0.0484	0.0736	-6.10147465840121e+52
0.0506	0.0736	4.91792845252154e+53
0.0528	0.0736	-3.40685656741411e+54
0.055	0.0736	3.08588740131246e+55
0.0572	0.0736	-2.80723930821921e+56
0.0594	0.0736	2.56689799031982e+57
0.0616	0.0736	-2.37165687856666e+58
0.0638	0.0736	2.22679481073023e+59
0.066	0.0736	-2.13731458548722e+60
0.0682	0.0736	2.10917022072432e+61
0.0704	0.0736	-2.15045958619031e+62
0.0726	0.0736	2.27271804576836e+63
0.0748	0.0736	-2.49245532191784e+64
0.077	0.0736	-1.99468200958256e+64
0.0792	0.0736	-2.47235634528526e+64
0.0814	0.0736	-1.05301401215914e+65
0.0836	0.0736	-7.70831510753259e+64
0.0858	0.0736	-1.06720556025298e+65
0.088	0.0736	-4.04682071272361e+65
0.0902	0.0736	-2.63353309294946e+65
0.0924	0.0736	-9.82680369881267e+62
0.0946	0.0736	2.62021042525967e+64
0.0968	0.0736	1.52094773974643e+64
0.099	0.0736	1.03908912587252e+64
0.1012	0.0736	2.96575292203588e+63
0.1034	0.0736	5.81944735339105e+61
0.1056	0.0736	1.45960230173259e+62
0.1078	0.0736	3.04809858403647e+62
0.11	0.0736	3.69078565545576e+62
0	0.0768	-2.01648394933854e+41
0.0022	0.0768	2.90374850676451e+41
0.0044	0.0768	-5.32911299711504e+41
0.0066	0.0768	1.18177375629985e+42
0.0088	0.0768	-3.16250289525235e+42
0.011	0.0768	1.14565481294956e+43
0.0132	0.0768	-1.4477687114825e+43
0.0154	0.0768	1.00845612845042e+44
0.0176	0.0768	-4.89080835040233e+44
0.0198	0.0768	2.32015892214865e+44
0.022	0.0768	-5.24625714814121e+45
0.0242	0.0768	2.13523525520156e+46
0.0264	0.0768	-4.55680040261536e+46
0.0286	0.0768	2.46508839246925e+47
0.0308	0.0768	-6.49347923309783e+47
0.033	0.0768	6.2439040338271e+48
0.0352	0.0768	-9.94576041652391e+48
0.0374	0.0768	-1.71047246415436e+49
0.0396	0.0768	-3.67791096669418e+50
0.0418	0.0768	-7.03338057191689e+50
0.044	0.0768	-1.61075555046147e+51
0.0462	0.0768	4.24129230745271e+48
0.0484	0.0768	8.3012268441325e+51
0.0506	0.0768	4.94573223710412e+52
0.0528	0.0768	-1.73588630651617e+54
0.055	0.0768	1.22715657202278e+55
0.0572	0.0768	-8.91967761350935e+55
0.0594	0.0768	7.04261012274106e+56
0.0616	0.0768	-6.30076005578777e+57
0.0638	0.0768	6.47705040068561e+58
0.066	0.0768	-7.45825963472786e+59
0.0682	0.0768	9.22347767950287e+60
0.0704	0.0768	-1.1841307927953e+62
0.0726	0.0768	1.54755178826387e+63
0.0748	0.0768	-2.03995860921266e+64
0.077	0.0768	-1.99709992850093e+64
0.0792	0.0768	-1.91182613280099e+64
0.0814	0.0768	-8.92475808592798e+64
0.0836	0.0768	-7.51630466890957e+64
0.0858	0.0768	-7.38369527623811e+64
0.088	0.0768	-3.13054507999561e+65
0.0902	0.0768	-2.61671741367739e+65
0.0924	0.0768	-4.26478723146583e+64
0.0946	0.0768	2.37109198507682e+64
0.0968	0.0768	1.06519032782757e+64
0.099	0.0768	3.10130706542718e+63
0.1012	0.0768	-2.14917125574168e+63
0.1034	0.0768	-7.46599895908509e+60
0.1056	0.0768	2.75649185160185e+62
0.1078	0.0768	4.03314868218439e+62
0.11	0.0768	4.57550893163524e+62
0	0.08	1.70447216588916e+41
0.0022	0.08	-3.57971249346534e+41
0.0044	0.08	9.43995371290558e+41
0.0066	0.08	-2.66688521439755e+42
0.0088	0.08	7.67910970407275e+42
0.011	0.08	-2.0498536898788e+43
0.0132	0.08	8.462237759784e+43
0.0154	0.08	-2.04662689888196e+44
0.0176	0.08	4.88600614244535e+44
0.0198	0.08	-3.01297008509817e+45
0.022	0.08	5.18373933105238e+45
0.0242	0.08	-1.35154746621488e+46
0.0264	0.08	7.44466808929763e+46
0.0286	0.08	-1.90164509594719e+47
0.0308	0.08	9.80901763514504e+47
0.033	0.08	2.70535570452246e+47
0.0352	0.08	1.37541154960577e+49
0.0374	0.08	-1.07286364438349e+50
0.0396	0.08	-6.18964452965882e+49
0.0418	0.08	-2.05121604433349e+51
0.044	0.08	2.66360915161309e+51
0.0462	0.08	-1.62841901235641e+52
0.0484	0.08	6.47779674342246e+52
0.0506	0.08	-7.37358771333915e+53
0.0528	0.08	7.36308154453737e+54
0.055	0.08	-5.60582729113784e+55
0.0572	0.08	4.24190412744115e+56
0.0594	0.08	-3.18731955222679e+57
0.0616	0.08	2.35403923753673e+58
0.0638	0.08	-1.66975732545159e+59
0.066	0.08	1.07234575499731e+60
0.0682	0.08	-5.04799380229826e+60
0.0704	0.08	-8.94349691194898e+60
0.0726	0.08	7.71132426371548e+62
0.0748	0.08	-1.61035348408514e+64
0.077	0.08	-2.50280813518411e+64
0.0792	0.08	-2.96590780920335e+64
0.0814	0.08	-9.15531421637719e+64
0.0836	0.08	-6.6632284725022e+64
0.0858	0.08	-1.0329746721871e+65
0.088	0.08	-3.3679505234306e+65
0.0902	0.08	-2.02059954932839e+65
0.0924	0.08	1.99582868320703e+63
0.0946	0.08	1.56667576655468e+64
0.0968	0.08	8.82038903599848e+63
0.099	0.08	1.09901749592449e+63
0.1012	0.08	1.14460815936783e+63
0.1034	0.08	2.81782174371417e+62
0.1056	0.08	2.06347694220251e+62
0.1078	0.08	4.24191177483453e+62
0.11	0.08	4.69842087786157e+62
0	0.0832	-7.11548810398058e+40
0.0022	0.0832	1.93690453180105e+41
0.0044	0.0832	-5.99963980235182e+41
0.0066	0.0832	1.88285916981601e+42
0.0088	0.0832	-6.2675548240819e+42
0.011	0.0832	2.3630656030941e+43
0.0132	0.0832	-5.62102431178554e+43
0.0154	0.0832	2.62827269751861e+44
0.0176	0.0832	-1.06774345412289e+45
0.0198	0.0832	2.12650749027179e+45
0.022	0.0832	-1.24052328829178e+46
0.0242	0.0832	4.60950918009241e+46
0.0264	0.0832	-1.29499171851591e+47
0.0286	0.0832	5.69308979333585e+47
0.0308	0.0832	-1.85644760908081e+48
0.033	0.0832	1.11270340414901e+49
0.0352	0.0832	-2.6546322003142e+49
0.0374	0.0832	4.55460712369088e+49
0.0396	0.0832	-6.94206881898292e+50
0.0418	0.0832	2.47120360627978e+50
0.044	0.0832	-7.68646704033726e+51
0.0462	0.0832	2.67247052540889e+52
0.0484	0.0832	-1.45469038458086e+53
0.0506	0.0832	1.4412145364958e+54
0.0528	0.0832	-1.27580079507107e+55
0.055	0.0832	9.91681823452412e+55
0.0572	0.0832	-7.74033585249683e+56
0.0594	0.0832	6.11516482049958e+57
0.0616	0.0832	-4.94259439199659e+58
0.0638	0.0832	4.15533951739327e+59
0.066	0.0832	-3.71305053240036e+60
0.0682	0.0832	3.59960585572286e+61
0.0704	0.0832	-3.82223663843833e+62
0.0726	0.0832	4.4124078925155e+63
0.0748	0.0832	-5.42852003181136e+64
0.077	0.0832	-6.85033835850223e+64
0.0792	0.0832	-7.33094991965615e+64
0.0814	0.0832	-7.78323101941156e+64
0.0836	0.0832	-6.56218977721284e+64
0.0858	0.0832	-6.74738931871186e+64
0.088	0.0832	-2.45342677264634e+65
0.0902	0.0832	-2.11703902476348e+65
0.0924	0.0832	-4.64809912027571e+64
0.0946	0.0832	1.69714281292281e+64
0.0968	0.0832	4.68485246872416e+63
0.099	0.0832	5.86718382632853e+62
0.1012	0.0832	-7.25324207722711e+62
0.1034	0.0832	-4.86891016558428e+61
0.1056	0.0832	3.94396680385116e+62
0.1078	0.0832	5.20419404726202e+62
0.11	0.0832	5.71381564784473e+62
0	0.0864	-1.33502022875636e+40
0.0022	0.0864	-1.65325230241064e+41
0.0044	0.0864	6.19676226670246e+41
0.0066	0.0864	-2.06816530591791e+42
0.0088	0.0864	6.6040030540194e+42
0.011	0.0864	-1.87000463319788e+43
0.0132	0.0864	8.66444840302423e+43
0.0154	0.0864	-2.13033508514638e+44
0.0176	0.0864	5.56470265807942e+44
0.0198	0.0864	-3.53440914021806e+45
0.022	0.0864	6.90717510207547e+45
0.0242	0.0864	-2.13622128373626e+46
0.0264	0.0864	1.10888654615158e+47
0.0286	0.0864	-3.43536862162636e+47
0.0308	0.0864	1.68452409422262e+48
0.033	0.0864	-2.58100357173053e+48
0.0352	0.0864	2.89798280657537e+49
0.0374	0.0864	-1.76765329847195e+50
0.0396	0.0864	1.66127843330137e+50
0.0418	0.0864	-3.54910597912818e+51
0.044	0.0864	7.4227171389506e+51
0.0462	0.0864	-4.30003529115473e+52
0.0484	0.0864	2.12742392469975e+53
0.0506	0.0864	-1.9687632576787e+54
0.0528	0.0864	1.62766425491749e+55
0.055	0.0864	-1.24401185698056e+56
0.0572	0.0864	9.30882228824325e+56
0.0594	0.0864	-6.70622500294672e+57
0.0616	0.0864	4.47628139019399e+58
0.0638	0.0864	-2.48739882136357e+59
0.066	0.0864	6.23413929471549e+59
0.0682	0.0864	1.22440476336432e+61
0.0704	0.0864	-3.16478477638066e+62
0.0726	0.0864	5.31387252112073e+63
0.0748	0.0864	-7.80320764427065e+64
0.077	0.0864	-9.1567364100104e+64
0.0792	0.0864	-9.48152238560814e+64
0.0814	0.0864	-1.11527307244781e+65
0.0836	0.0864	-1.22317346095948e+65
0.0858	0.0864	-1.41565655105963e+65
0.088	0.0864	-2.70745096181629e+65
0.0902	0.0864	-1.57011062285195e+65
0.0924	0.0864	8.46254085973776e+63
0.0946	0.0864	7.62159114543579e+63
0.0968	0.0864	5.82570752076419e+63
0.099	0.0864	8.78914914519961e+61
0.1012	0.0864	4.39206395431755e+62
0.1034	0.0864	3.82511191526996e+62
0.1056	0.0864	3.44277339881638e+62
0.1078	0.0864	5.68491499443324e+62
0.11	0.0864	5.99831386265393e+62
0	0.0896	3.20817493289379e+41
0.0022	0.0896	-2.45007636889831e+41
0.0044	0.0896	7.02248118732752e+40
0.0066	0.0896	5.84630513699409e+41
0.0088	0.0896	-3.43417978189346e+42
0.011	0.0896	1.74032190281224e+43
0.0132	0.0896	-3.8974205543441e+43
0.0154	0.0896	2.3503261050939e+44
0.0176	0.0896	-1.01850992542218e+45
0.0198	0.0896	1.91110939274794e+45
0.022	0.0896	-1.25148388842107e+46
0.0242	0.0896	4.68780326261161e+46
0.0264	0.0896	-1.30723534063665e+47
0.0286	0.0896	5.86284206849033e+47
0.0308	0.0896	-1.91955325697446e+48
0.033	0.0896	1.17466019528031e+49
0.0352	0.0896	-2.69738611061816e+49
0.0374	0.0896	4.85434049108252e+49
0.0396	0.0896	-8.11306940594196e+50
0.0418	0.0896	3.64767246084603e+50
0.044	0.0896	-1.12954969274742e+52
0.0462	0.0896	4.38534958272789e+52
0.0484	0.0896	-2.68957722355694e+53
0.0506	0.0896	2.372713819687e+54
0.0528	0.0896	-1.91405801596468e+55
0.055	0.0896	1.58571182514317e+56
0.0572	0.0896	-1.3411920691485e+57
0.0594	0.0896	1.16434355117479e+58
0.0616	0.0896	-1.04387266091885e+59
0.0638	0.0896	9.72188899187177e+59
0.066	0.0896	-9.44847591302513e+60
0.0682	0.0896	9.60230774419245e+61
0.0704	0.0896	-1.01943446864851e+63
0.0726	0.0896	1.12635149954083e+64
0.0748	0.0896	-1.28795468484698e+65
0.077	0.0896	-1.48587565714764e+65
0.0792	0.0896	-1.53533243559108e+65
0.0814	0.0896	-1.73639142450972e+65
0.0836	0.0896	-1.8073677979604e+65
0.0858	0.0896	-2.01926601698202e+65
0.088	0.0896	-1.84627795405783e+65
0.0902	0.0896	-1.74272942584498e+65
0.0924	0.0896	-4.98792782314284e+64
0.0946	0.0896	1.33865858280337e+64
0.0968	0.0896	8.76599017018667e+62
0.099	0.0896	6.99172895335128e+62
0.1012	0.0896	-2.57772991592367e+62
0.1034	0.0896	1.10507586502638e+62
0.1056	0.0896	5.36477725502145e+62
0.1078	0.0896	6.8447402516307e+62
0.11	0.0896	7.09317786306554e+62
0	0.0928	-3.91318642958726e+41
0.0022	0.0928	6.04104597741119e+41
0.0044	0.0928	-1.13230794255602e+42
0.0066	0.0928	2.27847236543812e+42
0.0088	0.0928	-5.01844738544638e+42
0.011	0.0928	1.44085134840579e+43
0.0132	0.0928	-7.38748203592574e+42
0.0154	0.0928	8.42819715628142e+43
0.0176	0.0928	-3.59555459749594e+44
0.0198	0.0928	-8.47655783084394e+44
0.022	0.0928	-2.07135309371443e+45
0.0242	0.0928	6.6197388452635e+45
0.0264	0.0928	2.49973211621184e+46
0.0286	0.0928	-4.35102267762356e+46
0.0308	0.0928	6.88340102751599e+47
0.033	0.0928	1.02826197539893e+48
0.0352	0.0928	1.96757656244363e+49
0.0374	0.0928	-1.50169667243673e+50
0.0396	0.0928	2.4283684120653e+48
0.0418	0.0928	-3.54524330088105e+51
0.044	0.0928	5.36918839260588e+51
0.0462	0.0928	-4.20207225440287e+52
0.0484	0.0928	2.25016001950597e+53
0.0506	0.0928	-1.84598107361457e+54
0.0528	0.0928	1.26678813819361e+55
0.055	0.0928	-9.7566178149631e+55
0.0572	0.0928	7.47446317409556e+56
0.0594	0.0928	-5.63865219807784e+57
0.0616	0.0928	4.12152753317364e+58
0.0638	0.0928	-2.81836509077071e+59
0.066	0.0928	1.63926111556363e+60
0.0682	0.0928	-5.02456532598443e+60
0.0704	0.0928	-6.71695089820236e+61
0.0726	0.0928	1.96660030706188e+63
0.0748	0.0928	-3.47560071047418e+64
0.077	0.0928	-3.7684108301269e+64
0.0792	0.0928	-3.7965463057478e+64
0.0814	0.0928	-4.09437031100771e+64
0.0836	0.0928	-4.16635851774943e+64
0.0858	0.0928	-4.46304491777464e+64
0.088	0.0928	-5.23526139204401e+64
0.0902	0.0928	-6.37027961672663e+64
0.0924	0.0928	-1.01037319991146e+62
0.0946	0.0928	6.14403780875292e+63
0.0968	0.0928	3.8545761819247e+63
0.099	0.0928	-4.33425967900545e+62
0.1012	0.0928	2.8602210356348e+62
0.1034	0.0928	5.25637540831202e+62
0.1056	0.0928	5.47314475875478e+62
0.1078	0.0928	7.57427966293438e+62
0.11	0.0928	7.59432856630015e+62
0	0.096	2.85888868297326e+41
0.0022	0.096	-4.58162403680094e+41
0.0044	0.096	1.02028635931856e+42
0.0066	0.096	-2.68305305404559e+42
0.0088	0.096	7.23812228334886e+42
0.011	0.096	-1.69348873051422e+43
0.0132	0.096	7.66350122161676e+43
0.0154	0.096	-1.30908482283449e+44
0.0176	0.096	2.02685209916069e+44
0.0198	0.096	-2.38135243115835e+45
0.022	0.096	1.48062979408398e+45
0.0242	0.096	-1.56434819028653e+45
0.0264	0.096	4.20818804273737e+46
0.0286	0.096	-5.71484873016429e+46
0.0308	0.096	5.56983367253268e+47
0.033	0.096	2.55327409200024e+48
0.0352	0.096	1.11296771713247e+49
0.0374	0.096	-9.93416044863725e+49
0.0396	0.096	-3.39560194184944e+50
0.0418	0.096	-1.99532376547787e+51
0.044	0.096	-5.17195573148631e+51
0.0462	0.096	1.53742782578699e+52
0.0484	0.096	-1.59642276807789e+53
0.0506	0.096	9.635172053122e+53
0.0528	0.096	-4.86720640869244e+54
0.055	0.096	3.097350445043e+55
0.0572	0.096	-1.79019675975993e+56
0.0594	0.096	8.1207910939484e+56
0.0616	0.096	-8.56614800538525e+56
0.0638	0.096	-4.43776172098347e+58
0.066	0.096	8.1303109534666e+59
0.0682	0.096	-1.04380322707492e+61
0.0704	0.096	1.14421370883496e+62
0.0726	0.096	-1.10914906209296e+63
0.0748	0.096	9.19455971763243e+63
0.077	0.096	1.03035073292422e+64
0.0792	0.096	1.05317506707475e+64
0.0814	0.096	1.1688748246576e+64
0.0836	0.096	1.21024962559138e+64
0.0858	0.096	1.33056561408463e+64
0.088	0.096	1.55526354975848e+64
0.0902	0.096	1.89626309249243e+64
0.0924	0.096	3.58462042693238e+63
0.0946	0.096	2.23535702971623e+63
0.0968	0.096	1.50467872954629e+63
0.099	0.096	1.64797249795207e+62
0.1012	0.096	7.14091629615272e+61
0.1034	0.096	4.14105133477382e+62
0.1056	0.096	7.44267471360859e+62
0.1078	0.096	9.03547320785828e+62
0.11	0.096	8.78658058934292e+62
0	0.0992	-2.80448416217742e+41
0.0022	0.0992	5.62887321369552e+41
0.0044	0.0992	-1.26815201351587e+42
0.0066	0.0992	2.96226803863517e+42
0.0088	0.0992	-7.68376108517999e+42
0.011	0.0992	2.45836675307586e+43
0.0132	0.0992	-4.0483557558708e+43
0.0154	0.0992	2.19880584073456e+44
0.0176	0.0992	-8.35283238101557e+44
0.0198	0.0992	6.32494464662611e+44
0.022	0.0992	-7.88744874072476e+45
0.0242	0.0992	2.63730447361433e+46
0.0264	0.0992	-4.05530371272959e+46
0.0286	0.0992	2.12631653784718e+47
0.0308	0.0992	-2.71226796619125e+47
0.033	0.0992	5.08588681014334e+48
0.0352	0.0992	6.38017818824198e+48
0.0374	0.0992	-9.56919180728686e+49
0.0396	0.0992	-3.37440302960587e+50
0.0418	0.0992	-2.67531584659143e+51
0.044	0.0992	-2.22698992541207e+51
0.0462	0.0992	-1.30145435065909e+52
0.0484	0.0992	5.35941994408513e+52
0.0506	0.0992	-3.36766924804591e+53
0.0528	0.0992	4.86960015782475e+53
0.055	0.0992	1.48462206848128e+54
0.0572	0.0992	-5.26018305553286e+55
0.0594	0.0992	7.32433645957715e+56
0.0616	0.0992	-8.14787862839608e+57
0.0638	0.0992	8.07200425841976e+58
0.066	0.0992	-7.34803668184839e+59
0.0682	0.0992	6.16646083037351e+60
0.0704	0.0992	-4.68068240397129e+61
0.0726	0.0992	3.02793337300799e+62
0.0748	0.0992	-1.34945297974021e+63
0.077	0.0992	-1.6104677380679e+63
0.0792	0.0992	-1.68524369448566e+63
0.0814	0.0992	-1.96625734180327e+63
0.0836	0.0992	-2.0956352870126e+63
0.0858	0.0992	-2.39849713778335e+63
0.088	0.0992	-3.0002800168787e+63
0.0902	0.0992	-3.88366308623009e+63
0.0924	0.0992	-7.47629419735376e+61
0.0946	0.0992	3.25196400332237e+62
0.0968	0.0992	5.12960385560466e+62
0.099	0.0992	5.76594553160655e+62
0.1012	0.0992	6.21710299627233e+62
0.1034	0.0992	8.26573853518086e+62
0.1056	0.0992	8.27833978396993e+62
0.1078	0.0992	1.0098397146355e+63
0.11	0.0992	9.51740650804732e+62
0	0.1024	6.92340145700611e+40
0.0022	0.1024	-3.77905196966352e+41
0.0044	0.1024	1.27765027730577e+42
0.0066	0.1024	-4.07670670455335e+42
0.0088	0.1024	1.23874500728262e+43
0.011	0.1024	-3.41694475591991e+43
0.0132	0.1024	1.38231759442402e+44
0.0154	0.1024	-3.19307320097089e+44
0.0176	0.1024	8.43412972707226e+44
0.0198	0.1024	-4.76193374087794e+45
0.022	0.1024	8.99403488517501e+45
0.0242	0.1024	-2.81532100405518e+46
0.0264	0.1024	1.39809113259179e+47
0.0286	0.1024	-4.19367460535502e+47
0.0308	0.1024	1.9701782567814e+48
0.033	0.1024	-2.55373617192379e+48
0.0352	0.1024	3.37191374911874e+49
0.0374	0.1024	-1.85703221294869e+50
0.0396	0.1024	-1.23651486223492e+50
0.0418	0.1024	-3.44651515827582e+51
0.044	0.1024	-3.39260701160442e+51
0.0462	0.1024	3.48702262839759e+50
0.0484	0.1024	-1.00246520906884e+53
0.0506	0.1024	-3.47260430624484e+52
0.0528	0.1024	9.19525981572337e+53
0.055	0.1024	-9.32207815740961e+54
0.0572	0.1024	8.66512772673783e+55
0.0594	0.1024	-7.60620871344682e+56
0.0616	0.1024	6.36059196775564e+57
0.0638	0.1024	-5.07759991110998e+58
0.066	0.1024	3.86172910764085e+59
0.0682	0.1024	-2.78676797783956e+60
0.0704	0.1024	1.90542254760189e+61
0.0726	0.1024	-1.25541028393269e+62
0.0748	0.1024	8.62552236007756e+62
0.077	0.1024	9.80079082301848e+62
0.0792	0.1024	1.01164350056788e+63
0.0814	0.1024	1.13653102466598e+63
0.0836	0.1024	1.18898314372846e+63
0.0858	0.1024	1.32282198229788e+63
0.088	0.1024	1.5029127625789e+63
0.0902	0.1024	1.79137308620068e+63
0.0924	0.1024	8.64299080555593e+62
0.0946	0.1024	8.10135152367821e+62
0.0968	0.1024	7.92108201062068e+62
0.099	0.1024	8.23541278173925e+62
0.1012	0.1024	8.45015860669744e+62
0.1034	0.1024	9.21313392223528e+62
0.1056	0.1024	1.04812298282403e+63
0.1078	0.1024	1.19585706649071e+63
0.11	0.1024	1.08370725404422e+63
0	0.1056	1.9708127004793e+41
0.0022	0.1056	-5.50948866618775e+40
0.0044	0.1056	-3.00956259873234e+41
0.0066	0.1056	1.2337311575232e+42
0.0088	0.1056	-4.62751399264748e+42
0.011	0.1056	2.04408626381278e+43
0.0132	0.1056	-3.5808159432749e+43
0.0154	0.1056	2.56538813549202e+44
0.0176	0.1056	-1.0376748824514e+45
0.0198	0.1056	1.33900248465984e+45
0.022	0.1056	-1.16184970396007e+46
0.0242	0.1056	4.02998615316673e+46
0.0264	0.1056	-8.99236378615017e+46
0.0286	0.1056	4.24829913639585e+47
0.0308	0.1056	-1.12677552408409e+48
0.033	0.1056	9.03773215698838e+48
0.0352	0.1056	-7.38443026435893e+48
0.0374	0.1056	-3.33597564487615e+49
0.0396	0.1056	-7.43208803974147e+50
0.0418	0.1056	-1.57180359746624e+51
0.044	0.1056	-1.19315854087657e+52
0.0462	0.1056	2.15508760767791e+52
0.0484	0.1056	4.77270252957315e+51
0.0506	0.1056	1.0548454702424e+53
0.0528	0.1056	-9.66636993562622e+53
0.055	0.1056	7.84795759713933e+54
0.0572	0.1056	-6.12756642570935e+55
0.0594	0.1056	4.59307068006797e+56
0.0616	0.1056	-3.27461633758285e+57
0.0638	0.1056	2.17727279640944e+58
0.066	0.1056	-1.28990786672151e+59
0.0682	0.1056	5.90699990965045e+59
0.0704	0.1056	-5.05432556073549e+59
0.0726	0.1056	-3.6499279524629e+61
0.0748	0.1056	6.94656010941846e+62
0.077	0.1056	7.25123057500943e+62
0.0792	0.1056	7.25531400236935e+62
0.0814	0.1056	7.53836275419346e+62
0.0836	0.1056	7.53181107352131e+62
0.0858	0.1056	7.79187208267344e+62
0.088	0.1056	7.49994537895803e+62
0.0902	0.1056	7.36115131827459e+62
0.0924	0.1056	9.92545804305582e+62
0.0946	0.1056	1.07179461253846e+63
0.0968	0.1056	1.10437356742575e+63
0.099	0.1056	1.1640348683118e+63
0.1012	0.1056	1.19185379119069e+63
0.1034	0.1056	1.24231167791788e+63
0.1056	0.1056	1.25031336287475e+63
0.1078	0.1056	1.33943156626658e+63
0.11	0.1056	1.1847048315645e+63
0	0.1088	-2.23457029904129e+41
0.0022	0.1088	2.46352769995941e+41
0.0044	0.1088	-1.3907507615253e+41
0.0066	0.1088	-5.94433444914959e+41
0.0088	0.1088	2.97046474743228e+42
0.011	0.1088	-6.67934119868268e+42
0.0132	0.1088	6.0030412080607e+43
0.0154	0.1088	-5.88139136413982e+43
0.0176	0.1088	3.4850765038112e+43
0.0198	0.1088	-2.41370092551093e+45
0.022	0.1088	7.84719000723185e+44
0.0242	0.1088	-2.34132483126336e+45
0.0264	0.1088	5.96653880524086e+46
0.0286	0.1088	-1.27738282768329e+47
0.0308	0.1088	9.59441991249478e+47
0.033	0.1088	1.39997387483812e+48
0.0352	0.1088	2.26609259956654e+49
0.0374	0.1088	-1.44487893447164e+50
0.0396	0.1088	-4.02001325516076e+50
0.0418	0.1088	-3.17183667488572e+51
0.044	0.1088	2.88335134113509e+51
0.0462	0.1088	-5.09820279966364e+51
0.0484	0.1088	8.75882786276036e+51
0.0506	0.1088	-9.14827361405833e+52
0.0528	0.1088	7.19849012938418e+53
0.055	0.1088	-5.44693301666912e+54
0.0572	0.1088	4.04750966606368e+55
0.0594	0.1088	-2.96342403050616e+56
0.0616	0.1088	2.14989588230503e+57
0.0638	0.1088	-1.56310005733785e+58
0.066	0.1088	1.16261706893134e+59
0.0682	0.1088	-9.12774698297143e+59
0.0704	0.1088	7.83404156266179e+60
0.0726	0.1088	-7.50304048257217e+61
0.0748	0.1088	7.95614018487584e+62
0.077	0.1088	8.5342880754535e+62
0.0792	0.1088	8.64525443882037e+62
0.0814	0.1088	9.23398674508946e+62
0.0836	0.1088	9.40169288001278e+62
0.0858	0.1088	1.00065718459465e+63
0.088	0.1088	1.03018569416579e+63
0.0902	0.1088	1.10258670552139e+63
0.0924	0.1088	1.06459378201274e+63
0.0946	0.1088	1.11392111874819e+63
0.0968	0.1088	1.13794593174515e+63
0.099	0.1088	1.19443050080485e+63
0.1012	0.1088	1.22509079225827e+63
0.1034	0.1088	1.28661153648154e+63
0.1056	0.1088	1.32802328949846e+63
0.1078	0.1088	1.38290120812109e+63
0.11	0.1088	1.43341289930259e+63
0	0.112	2.11110492798009e+41
0.0022	0.112	-2.64587598401069e+41
0.0044	0.112	3.71906635930403e+41
0.0066	0.112	-7.23366747993438e+41
0.0088	0.112	9.24997790866942e+41
0.011	0.112	4.73820666137884e+42
0.0132	0.112	1.55686009740519e+43
0.0154	0.112	1.19616745182789e+44
0.0176	0.112	-5.93873540289267e+44
0.0198	0.112	-3.31810338707977e+44
0.022	0.112	-6.81982535342782e+45
0.0242	0.112	2.33466774738474e+46
0.0264	0.112	-2.6687794943329e+46
0.0286	0.112	1.98117659813491e+47
0.0308	0.112	-2.43749742620456e+47
0.033	0.112	6.06500466068905e+48
0.0352	0.112	7.1480390845425e+48
0.0374	0.112	-8.58311456662156e+49
0.0396	0.112	-6.82577092946039e+50
0.0418	0.112	7.00543110709651e+50
0.044	0.112	-7.3441037815277e+50
0.0462	0.112	1.77536676645802e+51
0.0484	0.112	-7.9105692200278e+51
0.0506	0.112	6.28935420209202e+52
0.0528	0.112	-4.68180813140084e+53
0.055	0.112	3.43058047455833e+54
0.0572	0.112	-2.49373170824895e+55
0.0594	0.112	1.80404463337215e+56
0.0616	0.112	-1.30393460788808e+57
0.0638	0.112	9.45725538556634e+57
0.066	0.112	-6.90510005760686e+58
0.0682	0.112	5.06888265113079e+59
0.0704	0.112	-3.69704509152807e+60
0.0726	0.112	2.58819282632613e+61
0.0748	0.112	-1.57920738585109e+62
0.077	0.112	-1.74280675013164e+62
0.0792	0.112	-1.78377741473937e+62
0.0814	0.112	-1.95299414773067e+62
0.0836	0.112	-2.01298917662392e+62
0.0858	0.112	-2.18989275508816e+62
0.088	0.112	-2.28764145523318e+62
0.0902	0.112	-2.49978782826451e+62
0.0924	0.112	-2.42965094302136e+62
0.0946	0.112	-2.58444265027778e+62
0.0968	0.112	-2.67755356029101e+62
0.099	0.112	-2.85551242704941e+62
0.1012	0.112	-2.97143133429592e+62
0.1034	0.112	-3.16801674429636e+62
0.1056	0.112	-3.31818040095595e+62
0.1078	0.112	-3.50442621772513e+62
0.11	0.112	-3.68504443493666e+62
0	0.1152	-1.63015530391197e+41
0.0022	0.1152	3.23408894586362e+41
0.0044	0.1152	-5.1877627038182e+41
0.0066	0.1152	5.31091520518714e+41
0.0088	0.1152	-4.71912598379145e+41
0.011	0.1152	4.42224806011822e+42
0.0132	0.1152	3.00397615919287e+43
0.0154	0.1152	5.87335555939641e+43
0.0176	0.1152	-3.2374376772331e+44
0.0198	0.1152	-1.51758764999251e+45
0.022	0.1152	-2.81285916840179e+45
0.0242	0.1152	8.29602339511558e+45
0.0264	0.1152	3.03116097123315e+46
0.0286	0.1152	-1.70210648915178e+46
0.0308	0.1152	6.01523282378421e+47
0.033	0.1152	3.03432283683221e+48
0.0352	0.1152	2.01891359768371e+49
0.0374	0.1152	-1.32429883739803e+50
0.0396	0.1152	1.4880383790572e+50
0.0418	0.1152	-1.57363669033158e+50
0.044	0.1152	2.2424625560916e+50
0.0462	0.1152	-8.42987335326934e+50
0.0484	0.1152	5.1691260597628e+51
0.0506	0.1152	-3.80107952724542e+52
0.0528	0.1152	2.7322038719281e+53
0.055	0.1152	-1.94472434937932e+54
0.0572	0.1152	1.37395337832411e+55
0.0594	0.1152	-9.63785061941955e+55
0.0616	0.1152	6.70814346522378e+56
0.0638	0.1152	-4.62130466488173e+57
0.066	0.1152	3.13235859874068e+58
0.0682	0.1152	-2.06318887104394e+59
0.0704	0.1152	1.28851038218501e+60
0.0726	0.1152	-7.2471795852519e+60
0.0748	0.1152	3.21284534670738e+61
0.077	0.1152	3.66645061206373e+61
0.0792	0.1152	3.79864721846394e+61
0.0814	0.1152	4.2741606390014e+61
0.0836	0.1152	4.46664250647897e+61
0.0858	0.1152	4.97117852028639e+61
0.088	0.1152	5.27375401114555e+61
0.0902	0.1152	5.88127274905199e+61
0.0924	0.1152	5.76561159158148e+61
0.0946	0.1152	6.23125797090371e+61
0.0968	0.1152	6.54727653049031e+61
0.099	0.1152	7.08574764257009e+61
0.1012	0.1152	7.47615834454428e+61
0.1034	0.1152	8.0783341684415e+61
0.1056	0.1152	8.57513116694038e+61
0.1078	0.1152	9.16931654249127e+61
0.11	0.1152	9.76434226588632e+61
0	0.1184	9.0617289478637e+40
0.0022	0.1184	-2.01227609263695e+41
0.0044	0.1184	5.18589063141788e+41
0.0066	0.1184	-1.51975982319985e+42
0.0088	0.1184	3.56522629085656e+42
0.011	0.1184	-3.14150246861562e+42
0.0132	0.1184	4.56939623159612e+43
0.0154	0.1184	4.72373391632922e+43
0.0176	0.1184	-3.37266241775438e+44
0.0198	0.1184	-1.45211252966904e+45
0.022	0.1184	-3.8263291338985e+45
0.0242	0.1184	1.20652840368032e+46
0.0264	0.1184	1.8070390079754e+46
0.0286	0.1184	3.97577992542499e+46
0.0308	0.1184	3.86386009929183e+47
0.033	0.1184	4.07756541316217e+48
0.0352	0.1184	-6.14265259935368e+48
0.0374	0.1184	2.69765096092444e+49
0.0396	0.1184	-3.20640515810046e+49
0.0418	0.1184	3.86168565178586e+49
0.044	0.1184	-8.54219162140322e+49
0.0462	0.1184	4.40769454436085e+50
0.0484	0.1184	-2.93981380856406e+51
0.0506	0.1184	2.07179420942128e+52
0.0528	0.1184	-1.44074281960764e+53
0.055	0.1184	9.9144043528649e+53
0.0572	0.1184	-6.74720961625602e+54
0.0594	0.1184	4.53124605321357e+55
0.0616	0.1184	-2.99174328637475e+56
0.0638	0.1184	1.92993262468292e+57
0.066	0.1184	-1.20394242484039e+58
0.0682	0.1184	7.13916642141902e+58
0.0704	0.1184	-3.90486734960199e+59
0.0726	0.1184	1.85864051080009e+60
0.0748	0.1184	-6.69463467866052e+60
0.077	0.1184	-7.93584652300782e+60
0.0792	0.1184	-8.33571326861068e+60
0.0814	0.1184	-9.65254797792146e+60
0.0836	0.1184	-1.02366954746381e+61
0.0858	0.1184	-1.16524202798412e+61
0.088	0.1184	-1.25539160885445e+61
0.0902	0.1184	-1.42675037956788e+61
0.0924	0.1184	-1.41255144359748e+61
0.0946	0.1184	-1.54899156611663e+61
0.0968	0.1184	-1.64935327702201e+61
0.099	0.1184	-1.80817104364518e+61
0.1012	0.1184	-1.93195192390253e+61
0.1034	0.1184	-2.11151441531738e+61
0.1056	0.1184	-2.2677029091455e+61
0.1078	0.1184	-2.45031404910294e+61
0.11	0.1184	-2.63732236230312e+61
0	0.1216	-3.8893325840917e+40
0.0022	0.1216	1.77268598746905e+41
0.0044	0.1216	-3.59871946679792e+41
0.0066	0.1216	3.63982209381044e+41
0.0088	0.1216	-6.66494877498397e+41
0.011	0.1216	6.77148578398138e+42
0.0132	0.1216	2.56907099097909e+43
0.0154	0.1216	1.03669033468405e+44
0.0176	0.1216	-4.56318231546298e+44
0.0198	0.1216	-1.34193045046801e+45
0.022	0.1216	-4.24515226517863e+45
0.0242	0.1216	1.20003733504824e+46
0.0264	0.1216	2.33797702610868e+46
0.0286	0.1216	1.86460990986815e+46
0.0308	0.1216	4.96974238309617e+47
0.033	0.1216	-9.20080151720483e+47
0.0352	0.1216	1.61569219266443e+48
0.0374	0.1216	-5.57660331955951e+48
0.0396	0.1216	7.15220225391218e+48
0.0418	0.1216	-1.10166189531612e+49
0.044	0.1216	3.76580119878646e+49
0.0462	0.1216	-2.25893437172049e+50
0.0484	0.1216	1.51705123945095e+51
0.0506	0.1216	-1.03196430668771e+52
0.0528	0.1216	6.9308093510068e+52
0.055	0.1216	-4.59243076107628e+53
0.0572	0.1216	2.99510112253738e+54
0.0594	0.1216	-1.91529930690355e+55
0.0616	0.1216	1.19421736473657e+56
0.0638	0.1216	-7.20017711188114e+56
0.066	0.1216	4.14537885094768e+57
0.0682	0.1216	-2.23471864644538e+58
0.0704	0.1216	1.09190712832688e+59
0.0726	0.1216	-4.55594644972076e+59
0.0748	0.1216	1.42623474238248e+60
0.077	0.1216	1.76283685091085e+60
0.0792	0.1216	1.87944231951231e+60
0.0814	0.1216	2.24048857388077e+60
0.0836	0.1216	2.41204461269938e+60
0.0858	0.1216	2.80488691679675e+60
0.088	0.1216	3.06707172337609e+60
0.0902	0.1216	3.54533370102236e+60
0.0924	0.1216	3.54687071253047e+60
0.0946	0.1216	3.9396456619511e+60
0.0968	0.1216	4.24607282610891e+60
0.099	0.1216	4.7063860167217e+60
0.1012	0.1216	5.08468092323979e+60
0.1034	0.1216	5.61031163877728e+60
0.1056	0.1216	6.08578725975941e+60
0.1078	0.1216	6.6332131504549e+60
0.11	0.1216	7.20335042711876e+60
0	0.1248	1.34500938208843e+40
0.0022	0.1248	-8.30585107184748e+40
0.0044	0.1248	3.95536091080184e+41
0.0066	0.1248	-1.43836178120678e+42
0.0088	0.1248	3.44990809741466e+42
0.011	0.1248	-2.53973318782025e+42
0.0132	0.1248	5.03212608903648e+43
0.0154	0.1248	5.88412025409304e+43
0.0176	0.1248	-3.44042614300801e+44
0.0198	0.1248	-1.73406870534682e+45
0.022	0.1248	-3.71384395617678e+45
0.0242	0.1248	1.03627050321105e+46
0.0264	0.1248	3.01009862611663e+46
0.0286	0.1248	2.24035082641379e+45
0.0308	0.1248	-1.06846486883485e+47
0.033	0.1248	2.0725382558271e+47
0.0352	0.1248	-4.00621735893488e+47
0.0374	0.1248	1.17941569672026e+48
0.0396	0.1248	-1.71300200545304e+48
0.0418	0.1248	3.74096519209858e+48
0.044	0.1248	-1.73664540177189e+49
0.0462	0.1248	1.09595459971964e+50
0.0484	0.1248	-7.2276465275414e+50
0.0506	0.1248	4.75050652316247e+51
0.0528	0.1248	-3.07660764774643e+52
0.055	0.1248	1.95883887298112e+53
0.0572	0.1248	-1.22184101656531e+54
0.0594	0.1248	7.43024509206612e+54
0.0616	0.1248	-4.37549183569357e+55
0.0638	0.1248	2.47138751833028e+56
0.066	0.1248	-1.32050000622166e+57
0.0682	0.1248	6.53689856393362e+57
0.0704	0.1248	-2.9001491186374e+58
0.0726	0.1248	1.08883731467173e+59
0.0748	0.1248	-3.09854854457955e+59
0.077	0.1248	-4.00559522578066e+59
0.0792	0.1248	-4.33794275484662e+59
0.0814	0.1248	-5.32083472238621e+59
0.0836	0.1248	-5.81410823062329e+59
0.0858	0.1248	-6.89549868386736e+59
0.088	0.1248	-7.64562830156175e+59
0.0902	0.1248	-8.97022611041431e+59
0.0924	0.1248	-9.06873570652277e+59
0.0946	0.1248	-1.01852779412729e+60
0.0968	0.1248	-1.10970543594235e+60
0.099	0.1248	-1.24145122580967e+60
0.1012	0.1248	-1.35426396648781e+60
0.1034	0.1248	-1.50607822528172e+60
0.1056	0.1248	-1.64766232974108e+60
0.1078	0.1248	-1.8088883892946e+60
0.11	0.1248	-1.97906226870681e+60
0	0.128	2.21291102507437e+40
0.0022	0.128	6.26551989506419e+40
0.0044	0.128	-1.73430492070998e+41
0.0066	0.128	8.65566316524885e+40
0.0088	0.128	-5.83415423806588e+41
0.011	0.128	8.16349508161764e+42
0.0132	0.128	2.57697136094893e+43
0.0154	0.128	1.36637192745363e+44
0.0176	0.128	-5.38883793595773e+44
0.0198	0.128	-1.36338435844652e+45
0.022	0.128	-5.10674132757184e+45
0.0242	0.128	1.36391002999276e+46
0.0264	0.128	-6.5727046766339e+45
0.0286	0.128	-1.7809102032565e+45
0.0308	0.128	2.32817497191693e+46
0.033	0.128	-4.71175263039039e+46
0.0352	0.128	9.67019269634015e+46
0.0374	0.128	-2.59525200459261e+47
0.0396	0.128	4.60328952799115e+47
0.0418	0.128	-1.44517466598077e+48
0.044	0.128	7.89749224299947e+48
0.0462	0.128	-5.00785184743899e+49
0.0484	0.128	3.21525510575633e+50
0.0506	0.128	-2.04184746508558e+51
0.0528	0.128	1.27430967055503e+52
0.055	0.128	-7.79137173422248e+52
0.0572	0.128	4.6475658426493e+53
0.0594	0.128	-2.68959033746805e+54
0.0616	0.128	1.49877844941726e+55
0.0638	0.128	-7.95992660737848e+55
0.066	0.128	3.97095482963736e+56
0.0682	0.128	-1.82165936837608e+57
0.0704	0.128	7.43822994977452e+57
0.0726	0.128	-2.56440481298131e+58
0.0748	0.128	6.84293131261682e+58
0.077	0.128	9.2758271239028e+58
0.0792	0.128	1.02087236843703e+59
0.0814	0.128	1.28704958118388e+59
0.0836	0.128	1.42682833522993e+59
0.0858	0.128	1.72274078386754e+59
0.088	0.128	1.93485856552181e+59
0.0902	0.128	2.29959610094485e+59
0.0924	0.128	2.34871242036115e+59
0.0946	0.128	2.66315338871413e+59
0.0968	0.128	2.92959329170387e+59
0.099	0.128	3.30310274439384e+59
0.1012	0.128	3.6337079403749e+59
0.1034	0.128	4.06774070710983e+59
0.1056	0.128	4.48263277875171e+59
0.1078	0.128	4.95123685983509e+59
0.11	0.128	5.45131194171629e+59
0	0.1312	-6.25928184397177e+39
0.0022	0.1312	-8.15692765570899e+39
0.0044	0.1312	2.61092020542953e+41
0.0066	0.1312	-1.14382842469405e+42
0.0088	0.1312	2.50299706575535e+42
0.011	0.1312	4.91065234176598e+41
0.0132	0.1312	4.91335873063254e+43
0.0154	0.1312	9.05931876593648e+43
0.0176	0.1312	-4.02064432206969e+44
0.0198	0.1312	-1.88758043143224e+45
0.022	0.1312	1.31104133761997e+45
0.0242	0.1312	-2.67001073823496e+45
0.0264	0.1312	1.32188292785778e+45
0.0286	0.1312	6.38783797316314e+44
0.0308	0.1312	-5.1370338529788e+45
0.033	0.1312	1.08080373390091e+46
0.0352	0.1312	-2.32774640913124e+46
0.0374	0.1312	6.10711463180979e+46
0.0396	0.1312	-1.41970198529455e+47
0.0418	0.1312	5.91545163584292e+47
0.044	0.1312	-3.46080619666843e+48
0.0462	0.1312	2.16248127978429e+49
0.0484	0.1312	-1.34754185551451e+50
0.0506	0.1312	8.26893818485327e+50
0.0528	0.1312	-4.97331104084922e+51
0.055	0.1312	2.92113835458738e+52
0.0572	0.1312	-1.66780547681512e+53
0.0594	0.1312	9.20014762203983e+53
0.0616	0.1312	-4.86447265255389e+54
0.0638	0.1312	2.43898612236341e+55
0.066	0.1312	-1.14257555618039e+56
0.0682	0.1312	4.89671958090525e+56
0.0704	0.1312	-1.8611695287862e+57
0.0726	0.1312	5.98823250197578e+57
0.0748	0.1312	-1.53072822274449e+58
0.077	0.1312	-2.18100024479614e+58
0.0792	0.1312	-2.44007158600487e+58
0.0814	0.1312	-3.15803937110776e+58
0.0836	0.1312	-3.54998921792237e+58
0.0858	0.1312	-4.35604251743302e+58
0.088	0.1312	-4.95064609795123e+58
0.0902	0.1312	-5.95045418585856e+58
0.0924	0.1312	-6.13717039389345e+58
0.0946	0.1312	-7.01633958736247e+58
0.0968	0.1312	-7.78463499569201e+58
0.099	0.1312	-8.83577522989923e+58
0.1012	0.1312	-9.79211838316968e+58
0.1034	0.1312	-1.10231468441566e+59
0.1056	0.1312	-1.22242446766652e+59
0.1078	0.1312	-1.35723790385411e+59
0.11	0.1312	-1.50244671360001e+59
0	0.1344	4.34532333141571e+40
0.0022	0.1344	6.82646908857604e+39
0.0044	0.1344	-4.3379424406803e+40
0.0066	0.1344	-6.85427788384246e+40
0.0088	0.1344	-7.85432655833335e+41
0.011	0.1344	9.84435953235004e+42
0.0132	0.1344	2.74802399202143e+43
0.0154	0.1344	1.65502401128279e+44
0.0176	0.1344	-5.93077064618753e+44
0.0198	0.1344	4.22426826683404e+44
0.022	0.1344	-3.09334527974465e+44
0.0242	0.1344	5.2625556143479e+44
0.0264	0.1344	-2.60294148458982e+44
0.0286	0.1344	-1.89316345027888e+44
0.0308	0.1344	1.14809853660994e+45
0.033	0.1344	-2.51227265532964e+45
0.0352	0.1344	5.72704000362545e+45
0.0374	0.1344	-1.58606574845251e+46
0.0396	0.1344	4.91837195788869e+46
0.0418	0.1344	-2.43790277732321e+47
0.044	0.1344	1.45270311677887e+48
0.0462	0.1344	-8.87215183439099e+48
0.0484	0.1344	5.36081310184598e+49
0.0506	0.1344	-3.1798071688248e+50
0.0528	0.1344	1.84408708606481e+51
0.055	0.1344	-1.04147134905272e+52
0.0572	0.1344	5.69941041380756e+52
0.0594	0.1344	-3.00302819740415e+53
0.0616	0.1344	1.51092915278849e+54
0.0638	0.1344	-7.18016440754881e+54
0.066	0.1344	3.17545605241984e+55
0.0682	0.1344	-1.28045409429922e+56
0.0704	0.1344	4.57394472485968e+56
0.0726	0.1344	-1.39126353838018e+57
0.0748	0.1344	3.45544568631694e+57
0.077	0.1344	5.18880127759474e+57
0.0792	0.1344	5.90265160164714e+57
0.0814	0.1344	7.83323541306791e+57
0.0836	0.1344	8.92367643509899e+57
0.0858	0.1344	1.11114712327204e+58
0.088	0.1344	1.27670889133433e+58
0.0902	0.1344	1.54978934278504e+58
0.0924	0.1344	1.61327052249581e+58
0.0946	0.1344	1.85768539979525e+58
0.0968	0.1344	2.07698362870683e+58
0.099	0.1344	2.37105728686274e+58
0.1012	0.1344	2.64493402135819e+58
0.1034	0.1344	2.99185222193118e+58
0.1056	0.1344	3.33627376967189e+58
0.1078	0.1344	3.72097158729828e+58
0.11	0.1344	4.13866374454638e+58
0	0.1376	-1.1093779144156e+40
0.0022	0.1376	5.09798286219744e+40
0.0044	0.1376	1.2822857894821e+41
0.0066	0.1376	-7.09362720204123e+41
0.0088	0.1376	1.041450475478e+42
0.011	0.1376	4.66293741798249e+42
0.0132	0.1376	4.67331405390981e+43
0.0154	0.1376	-4.37521124948007e+43
0.0176	0.1376	1.17985302943756e+44
0.0198	0.1376	-9.05232864171432e+43
0.022	0.1376	7.06973940627499e+43
0.0242	0.1376	-1.04290252592892e+44
0.0264	0.1376	5.01393989623026e+43
0.0286	0.1376	5.17438676518031e+43
0.0308	0.1376	-2.60529679350606e+44
0.033	0.1376	5.97399992061299e+44
0.0352	0.1376	-1.47882040310447e+45
0.0374	0.1376	4.62344206431376e+45
0.0396	0.1376	-1.82361873037236e+46
0.0418	0.1376	9.86147817711404e+46
0.044	0.1376	-5.8445249696329e+47
0.0462	0.1376	3.47727298516144e+48
0.0484	0.1376	-2.03720564541651e+49
0.0506	0.1376	1.16879758079211e+50
0.0528	0.1376	-6.54151012877845e+50
0.055	0.1376	3.55650003632808e+51
0.0572	0.1376	-1.86855117190173e+52
0.0594	0.1376	9.42463299096419e+52
0.0616	0.1376	-4.5252354486642e+53
0.0638	0.1376	2.04583132040242e+54
0.066	0.1376	-8.58290771671456e+54
0.0682	0.1376	3.27677889940969e+55
0.0704	0.1376	-1.10905201296035e+56
0.0726	0.1376	3.22179940613412e+56
0.0748	0.1376	-7.84151335392768e+56
0.077	0.1376	-1.24519762392183e+57
0.0792	0.1376	-1.4407365474333e+57
0.0814	0.1376	-1.95857485967358e+57
0.0836	0.1376	-2.26010803862255e+57
0.0858	0.1376	-2.85220975397325e+57
0.088	0.1376	-3.310757788203e+57
0.0902	0.1376	-4.0544494054993e+57
0.0924	0.1376	-4.25754602194606e+57
0.0946	0.1376	-4.93390183995988e+57
0.0968	0.1376	-5.55485419137266e+57
0.099	0.1376	-6.37361309686323e+57
0.1012	0.1376	-7.15170403839461e+57
0.1034	0.1376	-8.12421918369257e+57
0.1056	0.1376	-9.10434826963351e+57
0.1078	0.1376	-1.0194833894203e+58
0.11	0.1376	-1.13871898790265e+58
0	0.1408	6.56686803679387e+40
0.0022	0.1408	-2.32611594118172e+40
0.0044	0.1408	7.4984495309174e+40
0.0066	0.1408	-1.49070757198081e+41
0.0088	0.1408	-9.80951405758691e+41
0.011	0.1408	1.01366316799731e+43
0.0132	0.1408	-1.02725526001268e+43
0.0154	0.1408	1.05551981916713e+43
0.0176	0.1408	-2.36878849858694e+43
0.0198	0.1408	1.93385541482512e+43
0.022	0.1408	-1.5817741016056e+43
0.0242	0.1408	2.07474048365468e+43
0.0264	0.1408	-9.40736857302156e+42
0.0286	0.1408	-1.36065120357307e+43
0.0308	0.1408	6.03573498626511e+43
0.033	0.1408	-1.4744342725308e+44
0.0352	0.1408	4.09899723940376e+44
0.0374	0.1408	-1.4933246736298e+45
0.0396	0.1408	6.92696073842329e+45
0.0418	0.1408	-3.87641122664149e+46
0.044	0.1408	2.26005680050289e+47
0.0462	0.1408	-1.30836406073094e+48
0.0484	0.1408	7.43518393287094e+48
0.0506	0.1408	-4.12929874140511e+49
0.0528	0.1408	2.23265615931857e+50
0.055	0.1408	-1.17011176987866e+51
0.0572	0.1408	5.91230187622444e+51
0.0594	0.1408	-2.86085927845137e+52
0.0616	0.1408	1.31451171897129e+53
0.0638	0.1408	-5.67333420009684e+53
0.066	0.1408	2.26772012512268e+54
0.0682	0.1408	-8.24214434290504e+54
0.0704	0.1408	2.6612818178188e+55
0.0726	0.1408	-7.44101607342682e+55
0.0748	0.1408	1.78193316752908e+56
0.077	0.1408	3.00610008621095e+56
0.0792	0.1408	3.53927785015563e+56
0.0814	0.1408	4.92546020987083e+56
0.0836	0.1408	5.7552655093149e+56
0.0858	0.1408	7.3539323518404e+56
0.088	0.1408	8.61850201399165e+56
0.0902	0.1408	1.06389185739607e+57
0.0924	0.1408	1.12644211020861e+57
0.0946	0.1408	1.3128929263182e+57
0.0968	0.1408	1.48758370885951e+57
0.099	0.1408	1.71462815555542e+57
0.1012	0.1408	1.93425626169744e+57
0.1034	0.1408	2.20568123001224e+57
0.1056	0.1408	2.48285565892578e+57
0.1078	0.1408	2.79026902934809e+57
0.11	0.1408	3.12850490375471e+57
0	0.144	-8.17591897467107e+40
0.0022	0.144	2.09770440796658e+41
0.0044	0.144	-1.46653135546847e+41
0.0066	0.144	1.75601486853795e+41
0.0088	0.144	3.02885805207624e+41
0.011	0.144	-2.03111128597585e+42
0.0132	0.144	2.20297991581012e+42
0.0154	0.144	-2.45267233793823e+42
0.0176	0.144	4.7975342708665e+42
0.0198	0.144	-4.12097363138647e+42
0.022	0.144	3.48432974365583e+42
0.0242	0.144	-4.13645049046104e+42
0.0264	0.144	1.70166577857513e+42
0.0286	0.144	3.52484747973706e+42
0.0308	0.144	-1.44075980887553e+43
0.033	0.144	3.84055105926038e+43
0.0352	0.144	-1.23000581229255e+44
0.0374	0.144	5.16263247540998e+44
0.0396	0.144	-2.62369997580874e+45
0.0418	0.144	1.47686126211566e+46
0.044	0.144	-8.42858466895443e+46
0.0462	0.144	4.74667875623139e+47
0.0484	0.144	-2.61811932842503e+48
0.0506	0.144	1.40878399693109e+49
0.0528	0.144	-7.36687724279152e+49
0.055	0.144	3.72696060956125e+50
0.0572	0.144	-1.81417799274347e+51
0.0594	0.144	8.43960304823499e+51
0.0616	0.144	-3.72059502053789e+52
0.0638	0.144	1.53786554305144e+53
0.066	0.144	-5.87971403636642e+53
0.0682	0.144	2.04417949898991e+54
0.0704	0.144	-6.33222521761988e+54
0.0726	0.144	1.71345232950269e+55
0.0748	0.144	-4.03793273248422e+55
0.077	0.144	-7.28363717880817e+55
0.0792	0.144	-8.73218830863192e+55
0.0814	0.144	-1.24365722712974e+56
0.0836	0.144	-1.47112635609682e+56
0.0858	0.144	-1.90191284034389e+56
0.088	0.144	-2.24941699206245e+56
0.0902	0.144	-2.79719283359456e+56
0.0924	0.144	-2.98490137205732e+56
0.0946	0.144	-3.49724731879151e+56
0.0968	0.144	-3.98608833422955e+56
0.099	0.144	-4.61355711239558e+56
0.1012	0.144	-5.23016933223107e+56
0.1034	0.144	-5.98488011389349e+56
0.1056	0.144	-6.76462456412794e+56
0.1078	0.144	-7.62721652154483e+56
0.11	0.144	-8.58163787075154e+56
0	0.1472	5.54049325556544e+40
0.0022	0.1472	-3.56209236757301e+40
0.0044	0.1472	1.82320245433634e+41
0.0066	0.1472	-2.98454542925704e+40
0.0088	0.1472	-8.4737633635638e+40
0.011	0.1472	4.14313353749798e+41
0.0132	0.1472	-4.73429546619318e+41
0.0154	0.1472	5.5646749033168e+41
0.0176	0.1472	-9.79105786514739e+41
0.0198	0.1472	8.76343294255746e+41
0.022	0.1472	-7.58408625813732e+41
0.0242	0.1472	8.24898291035069e+41
0.0264	0.1472	-2.89836592565703e+41
0.0286	0.1472	-9.15589954467835e+41
0.0308	0.1472	3.58742330996372e+42
0.033	0.1472	-1.06930432147922e+43
0.0352	0.1472	3.95586369440895e+43
0.0374	0.1472	-1.8436546413154e+44
0.0396	0.1472	9.77813639660993e+44
0.0418	0.1472	-5.45662139982461e+45
0.044	0.1472	3.04178829663709e+46
0.0462	0.1472	-1.66684388951403e+47
0.0484	0.1472	8.92989090634254e+47
0.0506	0.1472	-4.65994556119029e+48
0.0528	0.1472	2.3594508384366e+49
0.055	0.1472	-1.15385444797634e+50
0.0572	0.1472	5.42000819336744e+50
0.0594	0.1472	-2.42896312344441e+51
0.0616	0.1472	1.02988240052834e+52
0.0638	0.1472	-4.08875744836372e+52
0.066	0.1472	1.50047895043897e+53
0.0682	0.1472	-5.01051226787279e+53
0.0704	0.1472	1.49567242532975e+54
0.0726	0.1472	-3.92980116474102e+54
0.0748	0.1472	9.08443999886904e+54
0.077	0.1472	1.76796936647021e+55
0.0792	0.1472	2.16036924879903e+55
0.0814	0.1472	3.14893306606055e+55
0.0836	0.1472	3.77048787733968e+55
0.0858	0.1472	4.92939984973023e+55
0.088	0.1472	5.88153901375749e+55
0.0902	0.1472	7.36411534753657e+55
0.0924	0.1472	7.9169696225698e+55
0.0946	0.1472	9.3210427464154e+55
0.0968	0.1472	1.06829266616623e+56
0.099	0.1472	1.24120268298533e+56
0.1012	0.1472	1.41354322890541e+56
0.1034	0.1472	1.62272496477304e+56
0.1056	0.1472	1.84111782922682e+56
0.1078	0.1472	2.0822015834951e+56
0.11	0.1472	2.35031306578409e+56
0	0.1504	-1.69245368233279e+40
0.0022	0.1504	3.19256173001522e+40
0.0044	0.1504	-3.65228390278163e+40
0.0066	0.1504	4.97046769206827e+39
0.0088	0.1504	2.1598750478252e+40
0.011	0.1504	-8.53291401716864e+40
0.0132	0.1504	1.01857534792225e+41
0.0154	0.1504	-1.24204502513814e+41
0.0176	0.1504	2.01141825604005e+41
0.0198	0.1504	-1.86037814875881e+41
0.022	0.1504	1.63508338376125e+41
0.0242	0.1504	-1.64141329387202e+41
0.0264	0.1504	4.36734103566902e+40
0.0286	0.1504	2.42288827857105e+41
0.0308	0.1504	-9.43940027196048e+41
0.033	0.1504	3.19107519183504e+42
0.0352	0.1504	-1.33526476089372e+43
0.0374	0.1504	6.63871691659381e+43
0.0396	0.1504	-3.5692567976349e+44
0.0418	0.1504	1.96022645673467e+45
0.044	0.1504	-1.06638214431075e+46
0.0462	0.1504	5.68818438188266e+46
0.0484	0.1504	-2.96195221110665e+47
0.0506	0.1504	1.50029027384332e+48
0.0528	0.1504	-7.36312265784147e+48
0.055	0.1504	3.48523962812616e+49
0.0572	0.1504	-1.58226464058582e+50
0.0594	0.1504	6.84357543533064e+50
0.0616	0.1504	-2.79693131431051e+51
0.0638	0.1504	1.06933147758342e+52
0.066	0.1504	-3.77803253606565e+52
0.0682	0.1504	1.21581172256892e+53
0.0704	0.1504	-3.50834963598862e+53
0.0726	0.1504	8.95788887315573e+53
0.0748	0.1504	-2.0149012757703e+54
0.077	0.1504	-4.28949263831756e+54
0.0792	0.1504	-5.35028400763963e+54
0.0814	0.1504	-7.98608746370641e+54
0.0836	0.1504	-9.68052360064818e+54
0.0858	0.1504	-1.27949986832714e+55
0.088	0.1504	-1.53981925062729e+55
0.0902	0.1504	-1.94066315605602e+55
0.0924	0.1504	-2.10130726721946e+55
0.0946	0.1504	-2.48537798329637e+55
0.0968	0.1504	-2.86353202222012e+55
0.099	0.1504	-3.3390419948477e+55
0.1012	0.1504	-3.8190781980159e+55
0.1034	0.1504	-4.39751540227932e+55
0.1056	0.1504	-5.00717071942825e+55
0.1078	0.1504	-5.67899156535629e+55
0.11	0.1504	-6.4296045560691e+55
0	0.1536	5.48253589489753e+39
0.0022	0.1536	-6.08663386090631e+39
0.0044	0.1536	7.0246862907667e+39
0.0066	0.1536	-6.87720972204051e+38
0.0088	0.1536	-5.26021225507809e+39
0.011	0.1536	1.77421732212475e+40
0.0132	0.1536	-2.19660651909117e+40
0.0154	0.1536	2.74540762273533e+40
0.0176	0.1536	-4.16190359705032e+40
0.0198	0.1536	3.94999455740857e+40
0.022	0.1536	-3.50248952160781e+40
0.0242	0.1536	3.25090094929266e+40
0.0264	0.1536	-4.51927133559318e+39
0.0286	0.1536	-6.65912685320645e+40
0.0308	0.1536	2.66310046515717e+41
0.033	0.1536	-1.01881301251538e+42
0.0352	0.1536	4.66654311173903e+42
0.0374	0.1536	-2.39792657299772e+43
0.0396	0.1536	1.28530479195549e+44
0.0418	0.1536	-6.91779870289324e+44
0.044	0.1536	3.6696004569047e+45
0.0462	0.1536	-1.90516411148837e+46
0.0484	0.1536	9.64389758187176e+46
0.0506	0.1536	-4.74301613102639e+47
0.0528	0.1536	2.25748660624087e+48
0.055	0.1536	-1.03502374057587e+49
0.0572	0.1536	4.5459925735353e+49
0.0594	0.1536	-1.90009569637452e+50
0.0616	0.1536	7.49734292850899e+50
0.0638	0.1536	-2.76578962271713e+51
0.066	0.1536	9.42948401984019e+51
0.0682	0.1536	-2.93163669927684e+52
0.0704	0.1536	8.1939939325063e+52
0.0726	0.1536	-2.03240549622926e+53
0.0748	0.1536	4.41863629400355e+53
0.077	0.1536	1.04598084084083e+54
0.0792	0.1536	1.33337605693825e+54
0.0814	0.1536	2.03861666917964e+54
0.0836	0.1536	2.50172046168455e+54
0.0858	0.1536	3.34161321707949e+54
0.088	0.1536	4.05542138312861e+54
0.0902	0.1536	5.14292898652039e+54
0.0924	0.1536	5.60711425481549e+54
0.0946	0.1536	6.66080379924303e+54
0.0968	0.1536	7.71302967841284e+54
0.099	0.1536	9.02440390916453e+54
0.1012	0.1536	1.03644181918231e+55
0.1034	0.1536	1.19684622708138e+55
0.1056	0.1536	1.36743926748453e+55
0.1078	0.1536	1.55512400147035e+55
0.11	0.1536	1.76576250844931e+55
0	0.1568	-1.59454936788515e+39
0.0022	0.1568	1.27018959120816e+39
0.0044	0.1568	-1.41603038491357e+39
0.0066	0.1568	5.80369275295832e+37
0.0088	0.1568	1.31308214578578e+39
0.011	0.1568	-3.87210171260782e+39
0.0132	0.1568	4.9375365940245e+39
0.0154	0.1568	-6.27117031759561e+39
0.0176	0.1568	8.99228569795805e+39
0.0198	0.1568	-8.71234171073861e+39
0.022	0.1568	7.7452821635523e+39
0.0242	0.1568	-6.57626319342031e+39
0.0264	0.1568	-5.33831440607051e+38
0.0286	0.1568	2.04631324250473e+40
0.0308	0.1568	-8.61595938402036e+40
0.033	0.1568	3.67950974487701e+41
0.0352	0.1568	-1.78840380165615e+42
0.0374	0.1568	9.29250263579262e+42
0.0396	0.1568	-4.91356696860656e+43
0.0418	0.1568	2.58144874149432e+44
0.044	0.1568	-1.33214434089986e+45
0.0462	0.1568	6.71817470012617e+45
0.0484	0.1568	-3.29959488000162e+46
0.0506	0.1568	1.57280284702411e+47
0.0528	0.1568	-7.2473582705267e+47
0.055	0.1568	3.21343437939987e+48
0.0572	0.1568	-1.36353345306499e+49
0.0594	0.1568	5.50092262830875e+49
0.0616	0.1568	-2.09358691066489e+50
0.0638	0.1568	7.44710198448133e+50
0.066	0.1568	-2.4487327348897e+51
0.0682	0.1568	7.34882398453377e+51
0.0704	0.1568	-1.98401589203679e+52
0.0726	0.1568	4.73266031909748e+52
0.0748	0.1568	-9.5875922361514e+52
0.077	0.1568	-2.66622448253926e+53
0.0792	0.1568	-3.49627624783844e+53
0.0814	0.1568	-5.50376788273756e+53
0.0836	0.1568	-6.85347623343405e+53
0.0858	0.1568	-9.26448586756093e+53
0.088	0.1568	-1.13508568048836e+54
0.0902	0.1568	-1.44919047353635e+54
0.0924	0.1568	-1.59205103350291e+54
0.0946	0.1568	-1.90027946808941e+54
0.0968	0.1568	-2.21261518955556e+54
0.099	0.1568	-2.59828582425049e+54
0.1012	0.1568	-2.9975355268397e+54
0.1034	0.1568	-3.47209806627689e+54
0.1056	0.1568	-3.9816403276852e+54
0.1078	0.1568	-4.54123615261645e+54
0.11	0.1568	-5.17227786035624e+54
0	0.16	7.69872024194267e+38
0.0022	0.16	-5.53599424393859e+38
0.0044	0.16	5.34482062513272e+38
0.0066	0.16	-8.63125073378026e+36
0.0088	0.16	-5.9045215169728e+38
0.011	0.16	1.57735538844715e+39
0.0132	0.16	-2.03623022702042e+39
0.0154	0.16	2.60225292239061e+39
0.0176	0.16	-3.5862246672114e+39
0.0198	0.16	3.52373178352991e+39
0.022	0.16	-3.12671791954773e+39
0.0242	0.16	2.43652284210416e+39
0.0264	0.16	8.96578421644625e+38
0.0286	0.16	-1.11138621867041e+40
0.0308	0.16	4.88288000536691e+40
0.033	0.16	-2.21792206744111e+41
0.0352	0.16	1.10601335369971e+42
0.0374	0.16	-5.74661218413476e+42
0.0396	0.16	3.00219621905969e+43
0.0418	0.16	-1.55037336292766e+44
0.044	0.16	7.84856770924436e+44
0.0462	0.16	-3.87836653086626e+45
0.0484	0.16	1.86453322889337e+46
0.0506	0.16	-8.69059764354729e+46
0.0528	0.16	3.91172231290816e+47
0.055	0.16	-1.69245499735103e+48
0.0572	0.16	7.00055114833823e+48
0.0594	0.16	-2.75050990690665e+49
0.0616	0.16	1.01866827245337e+50
0.0638	0.16	-3.52396282076755e+50
0.066	0.16	1.12637827041925e+51
0.0682	0.16	-3.28263920683043e+51
0.0704	0.16	8.56457316867675e+51
0.0726	0.16	-1.92779625642819e+52
0.0748	0.16	3.23778689431996e+52
0.077	0.16	1.17884245398061e+53
0.0792	0.16	1.6024875672739e+53
0.0814	0.16	2.61737477265674e+53
0.0836	0.16	3.31211312510256e+53
0.0858	0.16	4.53983998572294e+53
0.088	0.16	5.61649234533947e+53
0.0902	0.16	7.22391648271298e+53
0.0924	0.16	7.98865151322112e+53
0.0946	0.16	9.57895995803264e+53
0.0968	0.16	1.12096139338401e+54
0.099	0.16	1.32100115236728e+54
0.1012	0.16	1.52975586586119e+54
0.1034	0.16	1.77694713727798e+54
0.1056	0.16	2.0438693835166e+54
0.1078	0.16	2.33687890724901e+54
0.11	0.16	2.66831636752817e+54
