0	0	8.00097203342022e+65
0.0022	0	-5.8023727692936e+64
0.0044	0	3.02831109694262e+65
0.0066	0	-2.00075912171288e+66
0.0088	0	4.82956765693481e+66
0.011	0	-2.48791048479645e+66
0.0132	0	1.92353332090967e+66
0.0154	0	-2.33615598825506e+66
0.0176	0	1.86777769276627e+67
0.0198	0	-1.67437033727988e+67
0.022	0	1.24031288161613e+67
0.0242	0	-1.36782239326599e+67
0.0264	0	-2.04689550414596e+66
0.0286	0	4.87681682011624e+67
0.0308	0	-1.14849749061906e+68
0.033	0	1.59212226211507e+68
0.0352	0	-2.24051317275987e+68
0.0374	0	3.34234181494813e+68
0.0396	0	-2.87966151128882e+68
0.0418	0	-1.7143607966053e+67
0.044	0	8.85135305129042e+68
0.0462	0	-3.6367276475495e+69
0.0484	0	1.25517088714398e+70
0.0506	0	-3.73317794557345e+70
0.0528	0	8.20603315992676e+70
0.055	0	-1.63323816639799e+70
0.0572	0	-1.24212165681188e+72
0.0594	0	9.92880003301619e+72
0.0616	0	-5.65316060826779e+73
0.0638	0	2.75249430784569e+74
0.066	0	-1.21048432947719e+75
0.0682	0	4.90657524816526e+75
0.0704	0	-1.82730133605358e+76
0.0726	0	5.95123803699978e+76
0.0748	0	-1.28983692278206e+77
0.077	0	-1.09031362891612e+77
0.0792	0	-6.68917749941154e+76
0.0814	0	5.28506741883153e+77
0.0836	0	1.44759812902885e+77
0.0858	0	3.13272323189731e+77
0.088	0	2.08246027037738e+78
0.0902	0	5.09499145692544e+77
0.0924	0	-1.31400098185716e+78
0.0946	0	-1.15386389768283e+78
0.0968	0	-8.03797739155595e+77
0.099	0	-5.70426537546602e+77
0.1012	0	-3.82534858476845e+77
0.1034	0	-2.59073686056969e+77
0.1056	0	-1.84739766694437e+77
0.1078	0	-1.12075181630024e+77
0.11	0	-6.91776638102305e+76
0	0.0032	1.81594161406171e+65
0.0022	0.0032	1.59196809504009e+66
0.0044	0.0032	-3.66839598148565e+65
0.0066	0.0032	4.57296265713164e+66
0.0088	0.0032	-1.29076850753234e+67
0.011	0.0032	5.86705357068679e+66
0.0132	0.0032	-4.37800253233305e+66
0.0154	0.0032	2.31424972539438e+66
0.0176	0.0032	-4.93933060902695e+67
0.0198	0.0032	4.16082124631165e+67
0.022	0.0032	-2.93507776374274e+67
0.0242	0.0032	3.72358734395046e+67
0.0264	0.0032	-2.07172040163304e+66
0.0286	0.0032	-1.14556728843221e+68
0.0308	0.0032	2.84637265631813e+68
0.033	0.0032	-3.84850220182935e+68
0.0352	0.0032	5.39102005797259e+68
0.0374	0.0032	-8.51223880348205e+68
0.0396	0.0032	7.63842671095057e+68
0.0418	0.0032	-9.07134048888228e+67
0.044	0.0032	-1.72934228671564e+69
0.0462	0.0032	7.5022758824135e+69
0.0484	0.0032	-2.72365777956178e+70
0.0506	0.0032	8.76966112616e+70
0.0528	0.0032	-2.30448690508587e+71
0.055	0.0032	3.31169043505937e+71
0.0572	0.0032	1.27149562132718e+72
0.0594	0.0032	-1.53887571609768e+73
0.0616	0.0032	9.82248065223357e+73
0.0638	0.0032	-5.07219293424725e+74
0.066	0.0032	2.32021676772756e+75
0.0682	0.0032	-9.72145674865343e+75
0.0704	0.0032	3.76748417219877e+76
0.0726	0.0032	-1.3327579923524e+77
0.0748	0.0032	4.08442450579607e+77
0.077	0.0032	3.62845000319465e+77
0.0792	0.0032	2.74462417981109e+77
0.0814	0.0032	-9.22762775885018e+77
0.0836	0.0032	-1.83436997560182e+77
0.0858	0.0032	-5.32744769368331e+77
0.088	0.0032	-4.1138444601972e+78
0.0902	0.0032	-1.00218645912262e+78
0.0924	0.0032	2.63578333160169e+78
0.0946	0.0032	2.31912170374246e+78
0.0968	0.0032	1.60023821559182e+78
0.099	0.0032	1.12900440539308e+78
0.1012	0.0032	7.48955702211095e+77
0.1034	0.0032	5.12338718113127e+77
0.1056	0.0032	3.7746972532058e+77
0.1078	0.0032	2.61701362826851e+77
0.11	0.0032	1.82095817223111e+77
0	0.0064	-2.0421936383682e+66
0.0022	0.0064	3.9106227139546e+66
0.0044	0.0064	-1.51940377127521e+66
0.0066	0.0064	-1.7498760041805e+67
0.0088	0.0064	6.56517027220644e+67
0.011	0.0064	-2.4752728838186e+67
0.0132	0.0064	1.87442806674669e+67
0.0154	0.0064	1.19432420830518e+67
0.0176	0.0064	2.45240643175425e+68
0.0198	0.0064	-1.89312230001501e+68
0.022	0.0064	1.2358574905894e+68
0.0242	0.0064	-1.87364657088287e+68
0.0264	0.0064	4.93388380396177e+67
0.0286	0.0064	4.85945224993645e+68
0.0308	0.0064	-1.30248914151079e+69
0.033	0.0064	1.69926805450379e+69
0.0352	0.0064	-2.34999887034735e+69
0.0374	0.0064	3.99998807770892e+69
0.0396	0.0064	-3.71727372007108e+69
0.0418	0.0064	1.00556433253799e+69
0.044	0.0064	5.73298904407798e+69
0.0462	0.0064	-2.67010294999154e+70
0.0484	0.0064	1.02564708679266e+71
0.0506	0.0064	-3.57364329972936e+71
0.0528	0.0064	1.08132617222971e+72
0.055	0.0064	-2.45521085038292e+72
0.0572	0.0064	1.01802045404893e+72
0.0594	0.0064	3.30437805339119e+73
0.0616	0.0064	-2.72625549877021e+74
0.0638	0.0064	1.56286242202096e+75
0.066	0.0064	-7.62894691514621e+75
0.0682	0.0064	3.37809843937404e+76
0.0704	0.0064	-1.39903221446899e+77
0.0726	0.0064	5.51267131332707e+77
0.0748	0.0064	-2.08729003738838e+78
0.077	0.0064	-1.91458877027213e+78
0.0792	0.0064	-1.60146355804599e+78
0.0814	0.0064	2.60896292653893e+78
0.0836	0.0064	8.10984534293359e+76
0.0858	0.0064	1.32993834221044e+78
0.088	0.0064	1.39708294430506e+79
0.0902	0.0064	3.20921228265066e+78
0.0924	0.0064	-9.51697566258217e+78
0.0946	0.0064	-8.43093495659752e+78
0.0968	0.0064	-5.92748991197816e+78
0.099	0.0064	-4.25594986287848e+78
0.1012	0.0064	-2.90047468457974e+78
0.1034	0.0064	-2.02329089627464e+78
0.1056	0.0064	-1.49019699752488e+78
0.1078	0.0064	-1.05414181953053e+78
0.11	0.0064	-7.46535903551983e+77
0	0.0096	-1.61627325797364e+66
0.0022	0.0096	1.16668756996845e+66
0.0044	0.0096	7.70315206342786e+66
0.0066	0.0096	-4.38668551247753e+67
0.0088	0.0096	1.2493285648835e+68
0.011	0.0096	9.25464891632506e+67
0.0132	0.0096	-9.18898757015698e+67
0.0154	0.0096	-1.81094298259428e+68
0.0176	0.0096	-1.27386998002175e+69
0.0198	0.0096	8.92871305070355e+68
0.022	0.0096	-5.24982821002059e+68
0.0242	0.0096	9.66562948037794e+68
0.0264	0.0096	-4.19521165086039e+68
0.0286	0.0096	-2.129728947983e+69
0.0308	0.0096	6.24167569805547e+69
0.033	0.0096	-7.8139176353323e+69
0.0352	0.0096	1.05528600322441e+70
0.0374	0.0096	-1.9528024508178e+70
0.0396	0.0096	1.85304118218025e+70
0.0418	0.0096	-6.76160638616807e+69
0.044	0.0096	-1.96238919018835e+70
0.0462	0.0096	9.78969548562331e+70
0.0484	0.0096	-3.9371790401514e+71
0.0506	0.0096	1.45530548671998e+72
0.0528	0.0096	-4.81524825632778e+72
0.055	0.0096	1.32110612843205e+73
0.0572	0.0096	-2.21500835827128e+73
0.0594	0.0096	-4.88975011350871e+73
0.0616	0.0096	7.45248531808907e+74
0.0638	0.0096	-4.93484069176702e+75
0.066	0.0096	2.58287914552136e+76
0.0682	0.0096	-1.19446503881424e+77
0.0704	0.0096	5.10793606997554e+77
0.0726	0.0096	-2.06733040578474e+78
0.0748	0.0096	7.99063171305074e+78
0.077	0.0096	7.44297437105565e+78
0.0792	0.0096	6.29805373174247e+78
0.0814	0.0096	-9.32288666541794e+78
0.0836	0.0096	-6.27033449401942e+76
0.0858	0.0096	-4.68556848620934e+78
0.088	0.0096	-5.18949636071676e+79
0.0902	0.0096	-1.22032149321893e+79
0.0924	0.0096	3.51469121843272e+79
0.0946	0.0096	3.12549030645994e+79
0.0968	0.0096	2.20786829166608e+79
0.099	0.0096	1.59443374428794e+79
0.1012	0.0096	1.09153653147757e+79
0.1034	0.0096	7.68901530548542e+78
0.1056	0.0096	5.722082016548e+78
0.1078	0.0096	4.10976220675094e+78
0.11	0.0096	2.93620102431493e+78
0	0.0128	-5.75815662982865e+65
0.0022	0.0128	-1.43993765758782e+66
0.0044	0.0128	1.47245800364437e+67
0.0066	0.0128	-5.5259210600149e+67
0.0088	0.0128	1.32424116924219e+68
0.011	0.0128	1.42562035741547e+68
0.0132	0.0128	5.2159056760384e+68
0.0154	0.0128	1.59628966395392e+69
0.0176	0.0128	6.71001950487267e+69
0.0198	0.0128	-4.208420982016e+69
0.022	0.0128	2.12557993579115e+69
0.0242	0.0128	-4.96292666474283e+69
0.0264	0.0128	2.90678415420561e+69
0.0286	0.0128	9.20712100056861e+69
0.0308	0.0128	-3.0187739841166e+70
0.033	0.0128	3.59985186942622e+70
0.0352	0.0128	-4.67417782336674e+70
0.0374	0.0128	9.56681892876509e+70
0.0396	0.0128	-9.18352918114676e+70
0.0418	0.0128	3.91773540832738e+70
0.044	0.0128	6.5609624262826e+70
0.0462	0.0128	-3.51659734744911e+71
0.0484	0.0128	1.47469360336544e+72
0.0506	0.0128	-5.73719954311025e+72
0.0528	0.0128	2.03473582952703e+73
0.055	0.0128	-6.28150240053118e+73
0.0572	0.0128	1.47741784630953e+74
0.0594	0.0128	-9.42064317449813e+73
0.0616	0.0128	-1.72700357655925e+75
0.0638	0.0128	1.47892415262007e+76
0.066	0.0128	-8.50349273608576e+76
0.0682	0.0128	4.13245598328574e+77
0.0704	0.0128	-1.82365256311735e+78
0.0726	0.0128	7.5637608696101e+78
0.0748	0.0128	-2.98472784330697e+79
0.077	0.0128	-2.81528512319673e+79
0.0792	0.0128	-2.39249477926606e+79
0.0814	0.0128	3.42212766051759e+79
0.0836	0.0128	9.9104316500092e+76
0.0858	0.0128	1.70843246829059e+79
0.088	0.0128	1.94062389615601e+80
0.0902	0.0128	4.69121273743298e+79
0.0924	0.0128	-1.30188145215601e+80
0.0946	0.0128	-1.16459949878758e+80
0.0968	0.0128	-8.27803169061682e+79
0.099	0.0128	-6.02877611055615e+79
0.1012	0.0128	-4.17553691994247e+79
0.1034	0.0128	-2.98739966600033e+79
0.1056	0.0128	-2.26287829088052e+79
0.1078	0.0128	-1.6712524576638e+79
0.11	0.0128	-1.23715191164485e+79
0	0.016	9.87638427547183e+65
0.0022	0.016	-4.90525894754761e+66
0.0044	0.016	2.14082291808965e+67
0.0066	0.016	-6.65827412185629e+67
0.0088	0.016	1.38864408636545e+68
0.011	0.016	2.07228981821754e+68
0.0132	0.016	3.87702789054241e+68
0.0154	0.016	2.42278488460483e+69
0.0176	0.016	-3.59802760059744e+70
0.0198	0.016	1.98263119468248e+70
0.022	0.016	-7.90627698523056e+69
0.0242	0.016	2.53881230147036e+70
0.0264	0.016	-1.832614495134e+70
0.0286	0.016	-3.8877318136802e+70
0.0308	0.016	1.47241932073752e+71
0.033	0.016	-1.66022395645705e+71
0.0352	0.016	2.02578799137291e+71
0.0374	0.016	-4.70141322563876e+71
0.0396	0.016	4.52885734043021e+71
0.0418	0.016	-2.10644231667289e+71
0.044	0.016	-2.13990528711393e+71
0.0462	0.016	1.23351411756439e+72
0.0484	0.016	-5.38050752614645e+72
0.0506	0.016	2.19414977977315e+73
0.0528	0.016	-8.25290003745339e+73
0.055	0.016	2.77739310800198e+74
0.0572	0.016	-7.78023416067985e+74
0.0594	0.016	1.3736722557213e+75
0.0616	0.016	2.37025869144796e+75
0.0638	0.016	-4.06676291989297e+76
0.066	0.016	2.7052483285427e+77
0.0682	0.016	-1.40343401157629e+78
0.0704	0.016	6.42957804484823e+78
0.0726	0.016	-2.74476535209381e+79
0.0748	0.016	1.11766830115705e+80
0.077	0.016	1.06703847068614e+80
0.0792	0.016	9.11316001071841e+79
0.0814	0.016	-1.25397949206393e+80
0.0836	0.016	4.35155224541236e+77
0.0858	0.016	-6.20348814512488e+79
0.088	0.016	-7.25635893526329e+80
0.0902	0.016	-1.80062411402112e+80
0.0924	0.016	4.82458934723772e+80
0.0946	0.016	4.34040333103501e+80
0.0968	0.016	3.10413041797422e+80
0.099	0.016	2.27922747667123e+80
0.1012	0.016	1.59665759030626e+80
0.1034	0.016	1.15908989382048e+80
0.1056	0.016	8.92480208198403e+79
0.1078	0.016	6.74598041102836e+79
0.11	0.016	5.14713439862178e+79
0	0.0192	-2.65197554645622e+65
0.0022	0.0192	-3.03313101294746e+66
0.0044	0.0192	1.44602597641459e+67
0.0066	0.0192	-3.45035940534987e+67
0.0088	0.0192	1.98840215172189e+67
0.011	0.0192	6.13768659294374e+68
0.0132	0.0192	-7.40618663691693e+68
0.0154	0.0192	5.92648122633492e+69
0.0176	0.0192	-4.85385471902351e+70
0.0198	0.0192	-8.66092128667879e+70
0.022	0.0192	2.44157038038722e+70
0.0242	0.0192	-1.2946707232096e+71
0.0264	0.0192	1.09157022589643e+71
0.0286	0.0192	1.581415911903e+71
0.0308	0.0192	-7.24819203997646e+71
0.033	0.0192	7.67666849046485e+71
0.0352	0.0192	-8.50321795470776e+71
0.0374	0.0192	2.32015683308434e+72
0.0396	0.0192	-2.22566630473795e+72
0.0418	0.0192	1.08332044610943e+72
0.044	0.0192	6.88264102377185e+71
0.0462	0.0192	-4.22233353456741e+72
0.0484	0.0192	1.91191708925746e+73
0.0506	0.0192	-8.15585483084175e+73
0.0528	0.0192	3.23369982394429e+74
0.055	0.0192	-1.16661713499048e+75
0.0572	0.0192	3.66578310366427e+75
0.0594	0.0192	-8.82304092995934e+75
0.0616	0.0192	6.70112143772116e+75
0.0638	0.0192	9.40797026618385e+76
0.066	0.0192	-8.17862125335414e+77
0.0682	0.0192	4.64900449772903e+78
0.0704	0.0192	-2.22545050911163e+79
0.0726	0.0192	9.77031545003183e+79
0.0748	0.0192	-4.09839039054558e+80
0.077	0.0192	-3.95872105191383e+80
0.0792	0.0192	-3.38658825871624e+80
0.0814	0.0192	4.67309429760942e+80
0.0836	0.0192	3.14712932763499e+78
0.0858	0.0192	2.32462546613739e+80
0.088	0.0192	2.72047740337734e+81
0.0902	0.0192	6.97510085026259e+80
0.0924	0.0192	-1.78097064026575e+81
0.0946	0.0192	-1.61111140441654e+81
0.0968	0.0192	-1.15771439100135e+81
0.099	0.0192	-8.55589230815483e+80
0.1012	0.0192	-6.04764055170585e+80
0.1034	0.0192	-4.44172755079599e+80
0.1056	0.0192	-3.46546248701575e+80
0.1078	0.0192	-2.66694628808935e+80
0.11	0.0192	-2.07978458085665e+80
0	0.0224	6.47832701308968e+65
0.0022	0.0224	-4.5107864079417e+66
0.0044	0.0224	1.7659438226093e+67
0.0066	0.0224	-3.9523498394337e+67
0.0088	0.0224	2.13218590049266e+67
0.011	0.0224	6.54751646568618e+68
0.0132	0.0224	-5.82558473404709e+68
0.0154	0.0224	5.38362932234366e+69
0.0176	0.0224	-4.45867770772699e+70
0.0198	0.0224	-1.12660154841231e+71
0.022	0.0224	-3.24200575539718e+70
0.0242	0.0224	6.59185427757436e+71
0.0264	0.0224	-6.26182782086603e+71
0.0286	0.0224	-6.03179815825738e+71
0.0308	0.0224	3.60334600718561e+72
0.033	0.0224	-3.56687624331905e+72
0.0352	0.0224	3.39344975247744e+72
0.0374	0.0224	-1.15118098810793e+73
0.0396	0.0224	1.09106742200426e+73
0.0418	0.0224	-5.41534854948612e+72
0.044	0.0224	-2.249209779886e+72
0.0462	0.0224	1.40916389503012e+73
0.0484	0.0224	-6.60979113763505e+73
0.0506	0.0224	2.9481080637947e+74
0.0528	0.0224	-1.22809589049954e+75
0.055	0.0224	4.70438946768389e+75
0.0572	0.0224	-1.61190819870876e+76
0.0594	0.0224	4.5917198902995e+76
0.0616	0.0224	-8.32714924864963e+76
0.0638	0.0224	-1.24873389103732e+77
0.066	0.0224	2.27974756795001e+78
0.0682	0.0224	-1.49461785689467e+79
0.0704	0.0224	7.56881349748515e+79
0.0726	0.0224	-3.4184317472623e+80
0.0748	0.0224	1.47932689125189e+81
0.077	0.0224	1.44581389337461e+81
0.0792	0.0224	1.23574380605693e+81
0.0814	0.0224	-1.7639557960993e+81
0.0836	0.0224	-5.19035096402501e+79
0.0858	0.0224	-8.93299826769139e+80
0.088	0.0224	-1.0221150127523e+82
0.0902	0.0224	-2.72064144339282e+81
0.0924	0.0224	6.5509488096462e+81
0.0946	0.0224	5.95727624928935e+81
0.0968	0.0224	4.29495609006247e+81
0.099	0.0224	3.18908457114194e+81
0.1012	0.0224	2.26787193679074e+81
0.1034	0.0224	1.67911466340104e+81
0.1056	0.0224	1.32224824270746e+81
0.1078	0.0224	1.03015368917444e+81
0.11	0.0224	8.15115774569479e+80
0	0.0256	3.47669195851628e+66
0.0022	0.0256	-5.47127763563978e+66
0.0044	0.0256	1.31382313511052e+67
0.0066	0.0256	-1.31631835616101e+67
0.0088	0.0256	-7.74597151680094e+67
0.011	0.0256	9.7204392675923e+68
0.0132	0.0256	-1.36435788949494e+69
0.0154	0.0256	7.67452548967081e+69
0.0176	0.0256	-5.2879892357392e+70
0.0198	0.0256	-1.03665742770423e+71
0.022	0.0256	-7.62933026740826e+70
0.0242	0.0256	8.15926483053482e+71
0.0264	0.0256	3.3946041635241e+72
0.0286	0.0256	2.02564158187469e+72
0.0308	0.0256	-1.80984479300839e+73
0.033	0.0256	1.67058615623485e+73
0.0352	0.0256	-1.23846830013752e+73
0.0374	0.0256	5.74949711608284e+73
0.0396	0.0256	-5.33812133537174e+73
0.0418	0.0256	2.65724863247892e+73
0.044	0.0256	7.94351491474281e+72
0.0462	0.0256	-4.57912579034327e+73
0.0484	0.0256	2.21850162914992e+74
0.0506	0.0256	-1.03566505192674e+75
0.0528	0.0256	4.52714163506864e+75
0.055	0.0256	-1.83105752404229e+76
0.0572	0.0256	6.73930854263073e+76
0.0594	0.0256	-2.15314133719693e+77
0.0616	0.0256	5.24654127637571e+77
0.0638	0.0256	-4.12313748471574e+77
0.066	0.0256	-5.41251502126377e+78
0.0682	0.0256	4.61120975755927e+79
0.0704	0.0256	-2.52650965786455e+80
0.0726	0.0256	1.1726984597534e+81
0.0748	0.0256	-5.21800666418471e+81
0.077	0.0256	-5.16294177765483e+81
0.0792	0.0256	-4.39183952262623e+81
0.0814	0.0256	6.77187103375021e+81
0.0836	0.0256	4.57798034155518e+80
0.0858	0.0256	3.54407152938502e+81
0.088	0.0256	3.85145077318379e+82
0.0902	0.0256	1.07076863225726e+82
0.0924	0.0256	-2.39739629959588e+82
0.0946	0.0256	-2.19077575514553e+82
0.0968	0.0256	-1.58151404745078e+82
0.099	0.0256	-1.17694458237947e+82
0.1012	0.0256	-8.387849312711e+81
0.1034	0.0256	-6.23110769528104e+81
0.1056	0.0256	-4.92851382231423e+81
0.1078	0.0256	-3.86173717559302e+81
0.11	0.0256	-3.07581037900873e+81
0	0.0288	-1.82620558570014e+66
0.0022	0.0288	1.25744193319095e+66
0.0044	0.0288	1.60807710940046e+66
0.0066	0.0288	1.33581577171092e+67
0.0088	0.0288	-1.4069356021313e+68
0.011	0.0288	1.1412398209473e+69
0.0132	0.0288	-1.41320040372916e+69
0.0154	0.0288	7.4805553959585e+69
0.0176	0.0288	-4.94050893908298e+70
0.0198	0.0288	-1.30639030184974e+71
0.022	0.0288	-2.36945584140313e+70
0.0242	0.0288	6.37877199698639e+71
0.0264	0.0288	4.21824750082067e+72
0.0286	0.0288	-5.28434313662327e+72
0.0308	0.0288	9.18620635295059e+73
0.033	0.0288	-7.91919802301559e+73
0.0352	0.0288	3.71568023860856e+73
0.0374	0.0288	-2.89405174852421e+74
0.0396	0.0288	2.60677532684892e+74
0.0418	0.0288	-1.28855281261681e+74
0.044	0.0288	-3.28764577418384e+73
0.0462	0.0288	1.44572809572705e+74
0.0484	0.0288	-7.20373263483357e+74
0.0506	0.0288	3.52960069566671e+75
0.0528	0.0288	-1.61999483385285e+76
0.055	0.0288	6.89590988529327e+76
0.0572	0.0288	-2.70343131831989e+77
0.0594	0.0288	9.44359596056397e+77
0.0616	0.0288	-2.72188240459746e+78
0.0638	0.0288	4.91001991922368e+78
0.066	0.0288	7.80762914565279e+78
0.0682	0.0288	-1.3344845986572e+80
0.0704	0.0288	8.27618932973679e+80
0.0726	0.0288	-3.93995266134244e+81
0.0748	0.0288	1.77033080991824e+82
0.077	0.0288	1.77601289640353e+82
0.0792	0.0288	1.49298468197887e+82
0.0814	0.0288	-2.66145330142485e+82
0.0836	0.0288	-3.33136961003899e+81
0.0858	0.0288	-1.46480771647826e+82
0.088	0.0288	-1.45750762892217e+83
0.0902	0.0288	-4.2672085840185e+82
0.0924	0.0288	8.70523211101609e+82
0.0946	0.0288	7.98956157036398e+82
0.0968	0.0288	5.75726490323578e+82
0.099	0.0288	4.27798593154232e+82
0.1012	0.0288	3.0373318568106e+82
0.1034	0.0288	2.24795234341776e+82
0.1056	0.0288	1.77320565624014e+82
0.1078	0.0288	1.38429505347366e+82
0.11	0.0288	1.09772646322734e+82
0	0.032	2.5073126752401e+66
0.0022	0.032	-4.86224018689585e+66
0.0044	0.032	1.26991576335769e+67
0.0066	0.032	-8.69140555533395e+66
0.0088	0.032	-8.74932917070383e+67
0.011	0.032	9.56018324210763e+68
0.0132	0.032	-4.90358545440525e+68
0.0154	0.032	4.26872886382405e+69
0.0176	0.032	-3.97773994069341e+70
0.0198	0.032	-1.80593454153264e+71
0.022	0.032	1.19065295409052e+71
0.0242	0.032	1.81884517234064e+71
0.0264	0.032	5.98319793836441e+72
0.0286	0.032	-1.15308593677996e+73
0.0308	0.032	1.1642585202868e+74
0.033	0.032	3.68330970664493e+74
0.0352	0.032	-4.99824311452434e+73
0.0374	0.032	1.46995186801465e+75
0.0396	0.032	-1.27009731412117e+75
0.0418	0.032	6.20666176808715e+74
0.044	0.032	1.64899065603075e+74
0.0462	0.032	-4.41664432739256e+74
0.0484	0.032	2.25032675981938e+75
0.0506	0.032	-1.16324011830909e+76
0.0528	0.032	5.62190898501553e+76
0.055	0.032	-2.51425709433514e+77
0.0572	0.032	1.04484319595171e+78
0.0594	0.032	-3.93779170872409e+78
0.0616	0.032	1.27803450055493e+79
0.0638	0.032	-3.10592765747389e+79
0.066	0.032	2.05749573198345e+79
0.0682	0.032	3.42452669723467e+80
0.0704	0.032	-2.66559692100885e+81
0.0726	0.032	1.30513832927562e+82
0.0748	0.032	-5.59822364304949e+82
0.077	0.032	-5.71713950248929e+82
0.0792	0.032	-4.67785335403064e+82
0.0814	0.032	1.07819328816117e+83
0.0836	0.032	2.19799468243291e+82
0.0858	0.032	6.34662900866307e+82
0.088	0.032	5.54959716170509e+83
0.0902	0.032	1.72894554009795e+83
0.0924	0.032	-3.12300567032793e+83
0.0946	0.032	-2.87644435045033e+83
0.0968	0.032	-2.05877508120944e+83
0.099	0.032	-1.51814218105804e+83
0.1012	0.032	-1.06318045869916e+83
0.1034	0.032	-7.744864542719e+82
0.1056	0.032	-6.01695506418028e+82
0.1078	0.032	-4.60141640938871e+82
0.11	0.032	-3.55872439596265e+82
0	0.0352	-2.30099522576142e+66
0.0022	0.0352	3.6541137826184e+66
0.0044	0.0352	-8.33481276516132e+66
0.0066	0.0352	4.50004884858147e+67
0.0088	0.0352	-2.24355281962594e+68
0.011	0.0352	1.34324386504565e+69
0.0132	0.0352	-1.20304627331103e+69
0.0154	0.0352	6.43892683187128e+69
0.0176	0.0352	-4.49180294429181e+70
0.0198	0.0352	-1.76989185068163e+71
0.022	0.0352	5.38704228388254e+70
0.0242	0.0352	4.38724141410704e+71
0.0264	0.0352	5.21181165827054e+72
0.0286	0.0352	-6.76412449650841e+72
0.0308	0.0352	9.63718807747848e+73
0.033	0.0352	4.8203985136299e+74
0.0352	0.0352	-5.48097734318073e+74
0.0374	0.0352	-7.54201157140846e+75
0.0396	0.0352	6.16906510499155e+75
0.0418	0.0352	-2.98245051895304e+75
0.044	0.0352	-9.51467196903516e+74
0.0462	0.0352	1.29253744776988e+75
0.0484	0.0352	-6.70128401454602e+75
0.0506	0.0352	3.68731077737854e+76
0.0528	0.0352	-1.88851809311478e+77
0.055	0.0352	8.86710099998739e+77
0.0572	0.0352	-3.89557164614494e+78
0.0594	0.0352	1.57252215340338e+79
0.0616	0.0352	-5.61629066575338e+79
0.0638	0.0352	1.62834430313202e+80
0.066	0.0352	-2.76713580035638e+80
0.0682	0.0352	-6.34832609640998e+80
0.0704	0.0352	8.46032500327036e+81
0.0726	0.0352	-4.38273221334591e+82
0.0748	0.0352	1.52123498923614e+83
0.077	0.0352	1.60171794297481e+83
0.0792	0.0352	1.21963635704015e+83
0.0814	0.0352	-4.53347570785927e+83
0.0836	0.0352	-1.36970453672548e+83
0.0858	0.0352	-2.89046338614704e+83
0.088	0.0352	-2.13162174120371e+84
0.0902	0.0352	-7.15668926113546e+83
0.0924	0.0352	1.09892065490893e+84
0.0946	0.0352	1.0144801398434e+84
0.0968	0.0352	7.15039869639182e+83
0.099	0.0352	5.17529312208355e+83
0.1012	0.0352	3.50749786911566e+83
0.1034	0.0352	2.45232537865256e+83
0.1056	0.0352	1.82414238336869e+83
0.1078	0.0352	1.30962108775898e+83
0.11	0.0352	9.30912149771452e+82
0	0.0384	-1.72754379888747e+66
0.0022	0.0384	-1.90075521477326e+66
0.0044	0.0384	1.11812605460699e+67
0.0066	0.0384	-1.17433128663577e+67
0.0088	0.0384	-4.95968167583345e+67
0.011	0.0384	7.42554976895554e+68
0.0132	0.0384	1.14129216342749e+69
0.0154	0.0384	-1.29744601854979e+69
0.0176	0.0384	-2.06264119601723e+70
0.0198	0.0384	-2.75221510389235e+71
0.022	0.0384	3.4814017756152e+71
0.0242	0.0384	-5.18014928947914e+71
0.0264	0.0384	8.6880417256337e+72
0.0286	0.0384	-1.9200285349402e+73
0.0308	0.0384	1.44231057392468e+74
0.033	0.0384	3.47156719652541e+74
0.0352	0.0384	2.05124249527479e+73
0.0374	0.0384	-1.05180761554117e+76
0.0396	0.0384	-2.86813618824025e+76
0.0418	0.0384	1.43285975637239e+76
0.044	0.0384	5.84654588571754e+75
0.0462	0.0384	-3.51740804242983e+75
0.0484	0.0384	1.87263242185332e+76
0.0506	0.0384	-1.1136666513843e+77
0.0528	0.0384	6.12399659893717e+77
0.055	0.0384	-3.01873362421916e+78
0.0572	0.0384	1.4000724329583e+79
0.0594	0.0384	-6.02926918108177e+79
0.0616	0.0384	2.34198477299639e+80
0.0638	0.0384	-7.73461440714656e+80
0.066	0.0384	1.83395461116691e+81
0.0682	0.0384	-4.14458911471542e+80
0.0704	0.0384	-2.62331830165075e+82
0.0726	0.0384	1.60191151039286e+83
0.0748	0.0384	-2.49091063527837e+83
0.077	0.0384	-2.92318205111968e+83
0.0792	0.0384	-1.51532794237974e+83
0.0814	0.0384	1.98957565483486e+84
0.0836	0.0384	8.23991282972574e+83
0.0858	0.0384	1.38154792498669e+84
0.088	0.0384	8.2893858887484e+84
0.0902	0.0384	3.04262291544259e+84
0.0924	0.0384	-3.74316056382037e+84
0.0946	0.0384	-3.45586549098151e+84
0.0968	0.0384	-2.35940239573483e+84
0.099	0.0384	-1.638000475991e+84
0.1012	0.0384	-1.02673782134956e+84
0.1034	0.0384	-6.41212044360895e+83
0.1056	0.0384	-4.13007479532856e+83
0.1078	0.0384	-2.26157437552024e+83
0.11	0.0384	-8.87755898673013e+82
0	0.0416	5.14038656120411e+66
0.0022	0.0416	-7.97492147001458e+66
0.0044	0.0416	9.88071739588234e+66
0.0066	0.0416	4.92478021387833e+66
0.0088	0.0416	-1.04493660140609e+68
0.011	0.0416	9.47818376262709e+68
0.0132	0.0416	8.25713779590282e+68
0.0154	0.0416	3.76224099141466e+68
0.0176	0.0416	-2.64795114472018e+70
0.0198	0.0416	-2.63492674135402e+71
0.022	0.0416	2.29470459636606e+71
0.0242	0.0416	-1.67759418686876e+70
0.0264	0.0416	6.90225651788971e+72
0.0286	0.0416	-9.95020211619465e+72
0.0308	0.0416	1.04896472941264e+74
0.033	0.0416	5.46209811785074e+74
0.0352	0.0416	-5.49220164444077e+74
0.0374	0.0416	-8.31466306281695e+75
0.0396	0.0416	-4.26504155703722e+76
0.0418	0.0416	-6.56276639146493e+76
0.044	0.0416	-3.64927540423743e+76
0.0462	0.0416	7.97968290589928e+75
0.0484	0.0416	-4.76615151191191e+76
0.0506	0.0416	3.14669947747214e+77
0.0528	0.0416	-1.91008658180318e+78
0.055	0.0416	9.88982146758531e+78
0.0572	0.0416	-4.8392363533266e+79
0.0594	0.0416	2.2183317824607e+80
0.0616	0.0416	-9.31239705373786e+80
0.0638	0.0416	3.42994666994686e+81
0.066	0.0416	-9.98948151771283e+81
0.0682	0.0416	1.41526026409623e+82
0.0704	0.0416	7.77386784246626e+82
0.0726	0.0416	-8.48708804314734e+83
0.0748	0.0416	4.87993605082172e+84
0.077	0.0416	4.98122718704766e+84
0.0792	0.0416	4.16027845376988e+84
0.0814	0.0416	-8.810171485008e+84
0.0836	0.0416	-1.65688306746257e+84
0.0858	0.0416	-5.35848478632789e+84
0.088	0.0416	-4.88970774200731e+85
0.0902	0.0416	-1.52188494894306e+85
0.0924	0.0416	2.88077022073845e+85
0.0946	0.0416	2.67683407061362e+85
0.0968	0.0416	1.92926842053e+85
0.099	0.0416	1.42615301374294e+85
0.1012	0.0416	9.93595700924471e+84
0.1034	0.0416	7.14125708505879e+84
0.1056	0.0416	5.44367396096988e+84
0.1078	0.0416	4.02059290865464e+84
0.11	0.0416	2.95489235280586e+84
0	0.0448	-7.05946923136537e+65
0.0022	0.0448	3.36693258696582e+66
0.0044	0.0448	-8.75155218338755e+66
0.0066	0.0448	4.30613580554943e+67
0.0088	0.0448	-1.83797409077705e+68
0.011	0.0448	1.07866396049036e+69
0.0132	0.0448	9.82960914340005e+68
0.0154	0.0448	-2.59388481637045e+68
0.0176	0.0448	-2.54780696999867e+70
0.0198	0.0448	-2.84897416264347e+71
0.022	0.0448	2.5861280599357e+71
0.0242	0.0448	-7.93602630002568e+70
0.0264	0.0448	7.34336075413973e+72
0.0286	0.0448	-1.11613380322245e+73
0.0308	0.0448	1.11607930893703e+74
0.033	0.0448	5.63266172771034e+74
0.0352	0.0448	-5.02021487417247e+74
0.0374	0.0448	-9.42425396994032e+75
0.0396	0.0448	-4.41564300494995e+76
0.0418	0.0448	-8.19450551597152e+76
0.044	0.0448	-5.88931183573152e+76
0.0462	0.0448	3.40710374147048e+74
0.0484	0.0448	1.03301934084462e+77
0.0506	0.0448	-7.97255741034841e+77
0.0528	0.0448	5.7045051577618e+78
0.055	0.0448	-3.10490283406329e+79
0.0572	0.0448	1.60264615735962e+80
0.0594	0.0448	-7.8107323137163e+80
0.0616	0.0448	3.53026404738561e+81
0.0638	0.0448	-1.43430378008618e+82
0.066	0.0448	4.91018325236437e+82
0.0682	0.0448	-1.16260849857795e+83
0.0704	0.0448	-3.57875354189172e+82
0.0726	0.0448	2.49702155836179e+84
0.0748	0.0448	-1.7935879328188e+85
0.077	0.0448	-1.88530158046609e+85
0.0792	0.0448	-1.56502974918265e+85
0.0814	0.0448	3.62778744752319e+85
0.0836	0.0448	8.22508075080766e+84
0.0858	0.0448	2.27549215158802e+85
0.088	0.0448	1.99784892408961e+86
0.0902	0.0448	6.61294473762e+85
0.0924	0.0448	-1.12190535777797e+86
0.0946	0.0448	-1.0566331867729e+86
0.0968	0.0448	-7.67845101296156e+85
0.099	0.0448	-5.74171742326067e+85
0.1012	0.0448	-4.05905005588392e+85
0.1034	0.0448	-2.97463037206485e+85
0.1056	0.0448	-2.31929650570342e+85
0.1078	0.0448	-1.7668994097097e+85
0.11	0.0448	-1.35001552412617e+85
0	0.048	1.18941551318107e+66
0.0022	0.048	-1.86913841725612e+66
0.0044	0.048	-4.69948475305695e+66
0.0066	0.048	2.85250664701332e+67
0.0088	0.048	-1.1653748551247e+68
0.011	0.048	8.64121393823672e+68
0.0132	0.048	2.07216067639479e+69
0.0154	0.048	-2.97164735373945e+69
0.0176	0.048	-1.73930348185383e+70
0.0198	0.048	-3.19537303038236e+71
0.022	0.048	2.86825543669294e+71
0.0242	0.048	-7.11140171864118e+70
0.0264	0.048	7.27884802794111e+72
0.0286	0.048	-8.32157838384672e+72
0.0308	0.048	9.70418612027793e+73
0.033	0.048	6.67706735462663e+74
0.0352	0.048	-6.70474538824747e+74
0.0374	0.048	-8.89899048155112e+75
0.0396	0.048	-5.20513881497138e+76
0.0418	0.048	-8.52031642624927e+76
0.044	0.048	-7.27552742698777e+76
0.0462	0.048	1.33538661991875e+76
0.0484	0.048	-1.62833614402786e+77
0.0506	0.048	1.58378965002525e+78
0.0528	0.048	-1.62275753646019e+79
0.055	0.048	9.29066131656215e+79
0.0572	0.048	-5.05986357427554e+80
0.0594	0.048	2.61994423495933e+81
0.0616	0.048	-1.27104048581278e+82
0.0638	0.048	5.64152376841618e+82
0.066	0.048	-2.19219590403989e+83
0.0682	0.048	6.71293186033296e+83
0.0704	0.048	-1.00443193567042e+84
0.0726	0.048	-5.4048529340999e+84
0.0748	0.048	5.94577298508212e+85
0.077	0.048	6.55799762592994e+85
0.0792	0.048	5.33497819787435e+85
0.0814	0.048	-1.50657596604515e+86
0.0836	0.048	-4.33216511812141e+85
0.0858	0.048	-9.88180592627074e+85
0.088	0.048	-8.05836515360393e+86
0.0902	0.048	-2.88075423852654e+86
0.0924	0.048	4.19637444091829e+86
0.0946	0.048	4.01928458386838e+86
0.0968	0.048	2.94131744189925e+86
0.099	0.048	2.22302092638833e+86
0.1012	0.048	1.59102163714546e+86
0.1034	0.048	1.18597500921317e+86
0.1056	0.048	9.43600225153488e+85
0.1078	0.048	7.38263366862322e+85
0.11	0.048	5.82116363530371e+85
0	0.0512	2.08540206473916e+66
0.0022	0.0512	3.6474747427391e+66
0.0044	0.0512	-1.20692936684844e+67
0.0066	0.0512	3.63902489299851e+67
0.0088	0.0512	-1.07730992221531e+68
0.011	0.0512	7.50020862630745e+68
0.0132	0.0512	2.93692218113287e+69
0.0154	0.0512	-5.32891111807979e+69
0.0176	0.0512	-1.20021293552702e+70
0.0198	0.0512	-3.52943569655564e+71
0.022	0.0512	3.40246523987564e+71
0.0242	0.0512	-1.98487418642543e+71
0.0264	0.0512	7.93134793949168e+72
0.0286	0.0512	-1.01813751073413e+73
0.0308	0.0512	1.0655869252213e+74
0.033	0.0512	6.73296659964196e+74
0.0352	0.0512	-5.32107835907431e+74
0.0374	0.0512	-1.04298349236989e+76
0.0396	0.0512	-5.23642507597032e+76
0.0418	0.0512	-1.13787411028011e+77
0.044	0.0512	-5.65906357628335e+76
0.0462	0.0512	-1.34046139365475e+77
0.0484	0.0512	5.05669739768033e+77
0.0506	0.0512	-4.83490223994866e+78
0.0528	0.0512	4.38445660130206e+79
0.055	0.0512	-2.6312412668293e+80
0.0572	0.0512	1.51318623149577e+81
0.0594	0.0512	-8.32635348989089e+81
0.0616	0.0512	4.33047392542196e+82
0.0638	0.0512	-2.08877108112926e+83
0.066	0.0512	9.04614557004422e+83
0.0682	0.0512	-3.29225359613104e+84
0.0704	0.0512	8.27076745814696e+84
0.0726	0.0512	1.86292867513187e+84
0.0748	0.0512	-1.77863450489204e+86
0.077	0.0512	-2.12866072494677e+86
0.0792	0.0512	-1.659829817795e+86
0.0814	0.0512	6.39301534123538e+86
0.0836	0.0512	2.28625122629954e+86
0.0858	0.0512	4.41035301035178e+86
0.088	0.0512	3.28207104704759e+87
0.0902	0.0512	1.27282211846031e+87
0.0924	0.0512	-1.54966815725864e+87
0.0946	0.0512	-1.5143929836711e+87
0.0968	0.0512	-1.1140856811588e+87
0.099	0.0512	-8.49748251263749e+86
0.1012	0.0512	-6.13655451858855e+86
0.1034	0.0512	-4.63643770224145e+86
0.1056	0.0512	-3.7525249409711e+86
0.1078	0.0512	-3.00030973233611e+86
0.11	0.0512	-2.42441480736922e+86
0	0.0544	-3.3378506986905e+66
0.0022	0.0544	6.95952919881263e+66
0.0044	0.0544	-2.16484231171964e+67
0.0066	0.0544	4.54630315555385e+67
0.0088	0.0544	-9.17933269073736e+67
0.011	0.0544	6.87271592603513e+68
0.0132	0.0544	3.51366352968315e+69
0.0154	0.0544	-5.9255502038443e+69
0.0176	0.0544	-1.20006110092544e+70
0.0198	0.0544	-3.59162607419165e+71
0.022	0.0544	2.59428228697696e+71
0.0242	0.0544	1.93075026914502e+71
0.0264	0.0544	6.54068139590247e+72
0.0286	0.0544	-2.30125374338748e+72
0.0308	0.0544	7.32108288755715e+73
0.033	0.0544	8.50563533126018e+74
0.0352	0.0544	-9.48052863802447e+74
0.0374	0.0544	-9.00629714952899e+75
0.0396	0.0544	-6.47140583463405e+76
0.0418	0.0544	-1.04541721972511e+77
0.044	0.0544	-1.51552711458713e+77
0.0462	0.0544	2.18994438299875e+77
0.0484	0.0544	-1.32932049681759e+78
0.0506	0.0544	1.24001845616789e+79
0.0528	0.0544	-1.10794647941216e+80
0.055	0.0544	6.98624545314088e+80
0.0572	0.0544	-4.24854506837164e+81
0.0594	0.0544	2.48731358887534e+82
0.0616	0.0544	-1.38743113583592e+83
0.0638	0.0544	7.25989533374665e+83
0.066	0.0544	-3.47530205018829e+84
0.0682	0.0544	1.45303125332502e+85
0.0704	0.0544	-4.75451542023395e+85
0.0726	0.0544	7.44141050342378e+85
0.0748	0.0544	4.22335684812803e+86
0.077	0.0544	6.07650337229974e+86
0.0792	0.0544	4.26189005307895e+86
0.0814	0.0544	-2.77940293573741e+87
0.0836	0.0544	-1.20476624825615e+87
0.0858	0.0544	-2.02332252870858e+87
0.088	0.0544	-1.35522681935734e+88
0.0902	0.0544	-5.71909832844351e+87
0.0924	0.0544	5.63145877908602e+87
0.0946	0.0544	5.6425813787127e+87
0.0968	0.0544	4.16156511816536e+87
0.099	0.0544	3.19594527317854e+87
0.1012	0.0544	2.31758785708162e+87
0.1034	0.0544	1.76668088444451e+87
0.1056	0.0544	1.44969628871948e+87
0.1078	0.0544	1.17897253186699e+87
0.11	0.0544	9.70572451945583e+86
0	0.0576	7.08521730402068e+66
0.0022	0.0576	2.55494313578754e+65
0.0044	0.0576	6.80313635820206e+64
0.0066	0.0576	-2.62176928816037e+67
0.0088	0.0576	1.42595675886115e+68
0.011	0.0576	-6.70137133112256e+67
0.0132	0.0576	6.2793678737444e+69
0.0154	0.0576	-1.37365807795875e+70
0.0176	0.0576	9.98367846073985e+69
0.0198	0.0576	-4.45740597515348e+71
0.022	0.0576	4.7793263421038e+71
0.0242	0.0576	-4.90495267950105e+71
0.0264	0.0576	9.15305973967721e+72
0.0286	0.0576	-1.15158772605629e+73
0.0308	0.0576	1.11687836792366e+74
0.033	0.0576	7.41780558674087e+74
0.0352	0.0576	-3.06498649485495e+74
0.0374	0.0576	-1.26080763278399e+76
0.0396	0.0576	-5.72392465692572e+76
0.0418	0.0576	-1.73747592412608e+77
0.044	0.0576	1.79024732055717e+76
0.0462	0.0576	-6.58525095884069e+77
0.0484	0.0576	3.12213558077524e+78
0.0506	0.0576	-2.90899207783435e+79
0.0528	0.0576	2.58514068437769e+80
0.055	0.0576	-1.71616502653231e+81
0.0572	0.0576	1.10578975399867e+82
0.0594	0.0576	-6.90199508868556e+82
0.0616	0.0576	4.1366538261485e+83
0.0638	0.0576	-2.35017820063255e+84
0.066	0.0576	1.2405792542595e+85
0.0682	0.0576	-5.87735647471998e+85
0.0704	0.0576	2.32654456038607e+86
0.0726	0.0576	-6.20689649550558e+86
0.0748	0.0576	-2.96364784431156e+86
0.077	0.0576	-1.23577574992492e+87
0.0792	0.0576	-5.21782939909721e+86
0.0814	0.0576	1.23892518007696e+88
0.0836	0.0576	6.33476136892524e+87
0.0858	0.0576	9.52605242826314e+87
0.088	0.0576	5.69263269528427e+88
0.0902	0.0576	2.61958203043845e+88
0.0924	0.0576	-1.99564020937871e+88
0.0946	0.0576	-2.06744261809896e+88
0.0968	0.0576	-1.52216470030969e+88
0.099	0.0576	-1.17305009809901e+88
0.1012	0.0576	-8.47991174365527e+87
0.1034	0.0576	-6.48056152882874e+87
0.1056	0.0576	-5.37227223204386e+87
0.1078	0.0576	-4.42381422096005e+87
0.11	0.0576	-3.6910771422267e+87
0	0.0608	-1.28417477952529e+67
0.0022	0.0608	2.35181895912245e+67
0.0044	0.0608	-5.00271508770862e+67
0.0066	0.0608	8.62164866207942e+67
0.0088	0.0608	-1.47413905445129e+68
0.011	0.0608	8.55092447166132e+68
0.0132	0.0608	3.58800428986347e+69
0.0154	0.0608	-3.0087625192208e+69
0.0176	0.0608	-2.8917601961264e+70
0.0198	0.0608	-3.19835941026013e+71
0.022	0.0608	-6.4048402282471e+70
0.0242	0.0608	1.48426342886985e+72
0.0264	0.0608	2.27796933555843e+72
0.0286	0.0608	1.69734180638696e+73
0.0308	0.0608	5.18582772152706e+71
0.033	0.0608	1.21824659714543e+75
0.0352	0.0608	-1.84567633303793e+75
0.0374	0.0608	-6.8195724175257e+75
0.0396	0.0608	-8.81350609693101e+76
0.0418	0.0608	-9.47042570363516e+76
0.044	0.0608	-4.12962548059564e+77
0.0462	0.0608	1.19749950707661e+78
0.0484	0.0608	-6.70017145745077e+78
0.0506	0.0608	6.1900108945729e+79
0.0528	0.0608	-5.46294850454799e+80
0.055	0.0608	3.82633472672955e+81
0.0572	0.0608	-2.61863708302805e+82
0.0594	0.0608	1.74747464058864e+83
0.0616	0.0608	-1.12879722232122e+84
0.0638	0.0608	6.98379091442905e+84
0.066	0.0608	-4.0722155098141e+85
0.0682	0.0608	2.17882209697051e+86
0.0704	0.0608	-1.01674628822187e+87
0.0726	0.0608	3.6541908326138e+87
0.0748	0.0608	-5.45890136550352e+87
0.077	0.0608	-8.2370503626671e+86
0.0792	0.0608	-3.71065392159008e+87
0.0814	0.0608	-5.66017632236326e+88
0.0836	0.0608	-3.3231722892613e+88
0.0858	0.0608	-4.59279624248697e+88
0.088	0.0608	-2.44342275845552e+89
0.0902	0.0608	-1.22707153607795e+89
0.0924	0.0608	6.78125946536485e+88
0.0946	0.0608	7.38036549613434e+88
0.0968	0.0608	5.38647073566553e+88
0.099	0.0608	4.14379358931454e+88
0.1012	0.0608	2.94952195762553e+88
0.1034	0.0608	2.23669576154653e+88
0.1056	0.0608	1.86508391927714e+88
0.1078	0.0608	1.54737343845746e+88
0.11	0.0608	1.3017467720711e+88
0	0.064	1.19462195757309e+67
0.0022	0.064	-9.97350611972641e+66
0.0044	0.064	4.15599064456695e+67
0.0066	0.064	-1.81568225291951e+68
0.0088	0.064	6.61125294985586e+68
0.011	0.064	-1.63020560733137e+69
0.0132	0.064	1.18041715288786e+70
0.0154	0.064	-2.81107490304566e+70
0.0176	0.064	5.00465996290011e+70
0.0198	0.064	-5.99350911905824e+71
0.022	0.064	8.06758897299492e+71
0.0242	0.064	-1.46867858413619e+72
0.0264	0.064	1.29658323185002e+73
0.0286	0.064	-2.31147580628332e+73
0.0308	0.064	1.59745407241721e+74
0.033	0.064	6.33254855654173e+74
0.0352	0.064	7.44896932423728e+74
0.0374	0.064	-1.83265726898999e+76
0.0396	0.064	-4.90203518173308e+76
0.0418	0.064	-3.06174824335361e+77
0.044	0.064	3.45897422820021e+77
0.0462	0.064	-2.47280211886149e+78
0.0484	0.064	1.2656513270569e+79
0.0506	0.064	-1.16367104318807e+80
0.0528	0.064	1.01504129497531e+81
0.055	0.064	-7.51848984499483e+81
0.0572	0.064	5.48086925496595e+82
0.0594	0.064	-3.92430096499873e+83
0.0616	0.064	2.74389440014901e+84
0.0638	0.064	-1.85794647743273e+85
0.066	0.064	1.20298001974371e+86
0.0682	0.064	-7.29637527147135e+86
0.0704	0.064	3.99396360380924e+87
0.0726	0.064	-1.81885803908506e+88
0.0748	0.064	5.26175650313854e+88
0.077	0.064	3.01943869093729e+88
0.0792	0.064	4.23965302391808e+88
0.0814	0.064	2.64837137638235e+89
0.0836	0.064	1.74018713366558e+89
0.0858	0.064	2.26450988981216e+89
0.088	0.064	1.07898966892552e+90
0.0902	0.064	5.90829661893385e+89
0.0924	0.064	-2.13278452001658e+89
0.0946	0.064	-2.52631588488642e+89
0.0968	0.064	-1.80458681689161e+89
0.099	0.064	-1.37334659581124e+89
0.1012	0.064	-9.38977504632127e+88
0.1034	0.064	-6.9198131654658e+88
0.1056	0.064	-5.76761697139497e+88
0.1078	0.064	-4.79026768169791e+88
0.11	0.064	-4.03773218238672e+88
0	0.0672	-7.67330939377833e+66
0.0022	0.0672	2.72911109395224e+67
0.0044	0.0672	-5.69077767476867e+67
0.0066	0.0672	9.55098568212765e+67
0.0088	0.0672	-1.94308626252903e+68
0.011	0.0672	1.2458340551976e+69
0.0132	0.0672	2.37806178786635e+69
0.0154	0.0672	6.18602027149784e+69
0.0176	0.0672	-7.06221599648069e+70
0.0198	0.0672	-1.91299134081201e+71
0.022	0.0672	-7.23941518731817e+71
0.0242	0.0672	3.94727803209374e+72
0.0264	0.0672	-6.03452226903431e+72
0.0286	0.0672	5.15974122546982e+73
0.0308	0.0672	-1.29562756338351e+74
0.033	0.0672	1.80725284308501e+75
0.0352	0.0672	-3.5206007545581e+75
0.0374	0.0672	-1.56932533898301e+75
0.0396	0.0672	-1.26403639732726e+77
0.0418	0.0672	-3.72242728208053e+76
0.044	0.0672	-9.76341034774464e+77
0.0462	0.0672	3.57676410976047e+78
0.0484	0.0672	-2.03956804267538e+79
0.0506	0.0672	1.84865061520594e+80
0.0528	0.0672	-1.57764712694143e+81
0.055	0.0672	1.23886501993226e+82
0.0572	0.0672	-9.65112132083805e+82
0.0594	0.0672	7.44589053939079e+83
0.0616	0.0672	-5.66692550463448e+84
0.0638	0.0672	4.22990859061108e+85
0.066	0.0672	-3.06853833823124e+86
0.0682	0.0672	2.13161422669504e+87
0.0704	0.0672	-1.38093535617298e+88
0.0726	0.0672	7.89953389796243e+88
0.0748	0.0672	-3.43168250732858e+89
0.077	0.0672	-2.37232520824945e+89
0.0792	0.0672	-2.92558174408814e+89
0.0814	0.0672	-1.27103439229179e+90
0.0836	0.0672	-9.12003905844307e+89
0.0858	0.0672	-1.14525286062664e+90
0.088	0.0672	-4.96300255442902e+90
0.0902	0.0672	-2.95334813955025e+90
0.0924	0.0672	5.64635478107344e+89
0.0946	0.0672	8.05478506142461e+89
0.0968	0.0672	5.4838034058567e+89
0.099	0.0672	4.05465990722052e+89
0.1012	0.0672	2.49602413579517e+89
0.1034	0.0672	1.68191489933477e+89
0.1056	0.0672	1.38445302625864e+89
0.1078	0.0672	1.13962579732227e+89
0.11	0.0672	9.53462903504763e+88
0	0.0704	-2.58837104556824e+67
0.0022	0.0704	2.28868587077062e+67
0.0044	0.0704	1.19062310693965e+67
0.0066	0.0704	-1.69989541812882e+68
0.0088	0.0704	7.09824884489536e+68
0.011	0.0704	-1.75002924003461e+69
0.0132	0.0704	1.28595908604379e+70
0.0154	0.0704	-2.78072950006882e+70
0.0176	0.0704	4.34837977593662e+70
0.0198	0.0704	-6.08591425008259e+71
0.022	0.0704	6.66403207255683e+71
0.0242	0.0704	-9.92050610055073e+71
0.0264	0.0704	1.22856870450848e+73
0.0286	0.0704	-1.96297291800156e+73
0.0308	0.0704	1.5927133454744e+74
0.033	0.0704	6.7948592793956e+74
0.0352	0.0704	1.41932928388855e+75
0.0374	0.0704	-2.31501354762688e+76
0.0396	0.0704	-4.438666634879e+76
0.0418	0.0704	-4.5145797044775e+77
0.044	0.0704	6.85053869109878e+77
0.0462	0.0704	-4.71570310287283e+78
0.0484	0.0704	2.58317263297187e+79
0.0506	0.0704	-2.27991925292952e+80
0.0528	0.0704	1.85497772870423e+81
0.055	0.0704	-1.54952912316318e+82
0.0572	0.0704	1.29516219227981e+83
0.0594	0.0704	-1.08213226808325e+84
0.0616	0.0704	9.02764184494497e+84
0.0638	0.0704	-7.50248100651764e+85
0.066	0.0704	6.18426563571336e+86
0.0682	0.0704	-5.01575982594012e+87
0.0704	0.0704	3.94161246555838e+88
0.0726	0.0704	-2.90551951249717e+89
0.0748	0.0704	1.84682559900233e+90
0.077	0.0704	1.37632846611038e+90
0.0792	0.0704	1.65509204589405e+90
0.0814	0.0704	6.36215453209178e+90
0.0836	0.0704	4.84113875387682e+90
0.0858	0.0704	6.06670677194519e+90
0.088	0.0704	2.4486639840094e+91
0.0902	0.0704	1.5680221434604e+91
0.0924	0.0704	-8.10840771383229e+89
0.0946	0.0704	-2.29927661792985e+90
0.0968	0.0704	-1.40324191572672e+90
0.099	0.0704	-9.70112900648872e+89
0.1012	0.0704	-4.13968552891712e+89
0.1034	0.0704	-1.67519431592732e+89
0.1056	0.0704	-1.30796375518016e+89
0.1078	0.0704	-1.06864615635563e+89
0.11	0.0704	-8.86596262880169e+88
0	0.0736	5.26944039286235e+67
0.0022	0.0736	-6.33557093498775e+67
0.0044	0.0736	1.40347032117246e+68
0.0066	0.0736	-3.94918353460737e+68
0.0088	0.0736	1.09379636620064e+69
0.011	0.0736	-2.15228729187835e+69
0.0132	0.0736	1.25646379271583e+70
0.0154	0.0736	-1.95174725343994e+70
0.0176	0.0736	-3.7473018315068e+68
0.0198	0.0736	-4.34237814415424e+71
0.022	0.0736	-1.54480278927744e+71
0.0242	0.0736	2.21125517680914e+72
0.0264	0.0736	3.27941155591006e+71
0.0286	0.0736	3.12050253956991e+73
0.0308	0.0736	-4.92905044887958e+73
0.033	0.0736	1.59155073548044e+75
0.0352	0.0736	-2.00401136627553e+75
0.0374	0.0736	-8.68776645855262e+75
0.0396	0.0736	-1.19040718017873e+77
0.0418	0.0736	-1.76883625435352e+77
0.044	0.0736	-8.58831264044064e+77
0.0462	0.0736	3.05678730781566e+78
0.0484	0.0736	-2.1547671011042e+79
0.0506	0.0736	1.73679168217101e+80
0.0528	0.0736	-1.20314888798772e+81
0.055	0.0736	1.08979697916385e+82
0.0572	0.0736	-9.91390974519877e+82
0.0594	0.0736	9.06513204185332e+83
0.0616	0.0736	-8.37562803188957e+84
0.0638	0.0736	7.86404020197199e+85
0.066	0.0736	-7.54803619251316e+86
0.0682	0.0736	7.44864292339113e+87
0.0704	0.0736	-7.59445843739398e+88
0.0726	0.0736	8.02622046432399e+89
0.0748	0.0736	-8.80223393668137e+90
0.077	0.0736	-7.04432192753898e+90
0.0792	0.0736	-8.73125336879463e+90
0.0814	0.0736	-3.71877304770373e+91
0.0836	0.0736	-2.72223105619083e+91
0.0858	0.0736	-3.76889122841428e+91
0.088	0.0736	-1.42915551184856e+92
0.0902	0.0736	-9.30045732838934e+91
0.0924	0.0736	-3.47038617235873e+89
0.0946	0.0736	9.25340764362779e+90
0.0968	0.0736	5.37130503262288e+90
0.099	0.0736	3.66959659779355e+90
0.1012	0.0736	1.04737087138616e+90
0.1034	0.0736	2.05516771074984e+88
0.1056	0.0736	5.15466046725767e+88
0.1078	0.0736	1.07645166451989e+89
0.11	0.0736	1.3034199034999e+89
0	0.0768	-7.13088894773828e+67
0.0022	0.0768	1.06137438537869e+68
0.0044	0.0768	-1.90387205011256e+68
0.0066	0.0768	3.97287612193056e+68
0.0088	0.0768	-1.02791707283097e+69
0.011	0.0768	3.93811206408308e+69
0.0132	0.0768	-5.03510146813118e+69
0.0154	0.0768	3.56751115364166e+70
0.0176	0.0768	-1.73244169625645e+71
0.0198	0.0768	8.27883848818832e+70
0.022	0.0768	-1.85336101407035e+72
0.0242	0.0768	7.54011246974501e+72
0.0264	0.0768	-1.60908786857361e+73
0.0286	0.0768	8.7054864582435e+73
0.0308	0.0768	-2.29318450831644e+74
0.033	0.0768	2.20506654931998e+75
0.0352	0.0768	-3.51240054453949e+75
0.0374	0.0768	-6.04061943049849e+75
0.0396	0.0768	-1.29887314087073e+77
0.0418	0.0768	-2.48387434684823e+77
0.044	0.0768	-5.68846583838801e+77
0.0462	0.0768	1.49783482805748e+75
0.0484	0.0768	2.93162087882335e+78
0.0506	0.0768	1.74661073410415e+79
0.0528	0.0768	-6.13037161666337e+80
0.055	0.0768	4.33376643949513e+81
0.0572	0.0768	-3.1500299450156e+82
0.0594	0.0768	2.48713392323816e+83
0.0616	0.0768	-2.22514576319639e+84
0.0638	0.0768	2.2874036035592e+85
0.066	0.0768	-2.63392268225606e+86
0.0682	0.0768	3.25731849772002e+87
0.0704	0.0768	-4.18181869037416e+88
0.0726	0.0768	5.46525859454314e+89
0.0748	0.0768	-7.20421856372266e+90
0.077	0.0768	-7.05286093234303e+90
0.0792	0.0768	-6.75171214470768e+90
0.0814	0.0768	-3.15182413946659e+91
0.0836	0.0768	-2.65442158397101e+91
0.0858	0.0768	-2.60758989611091e+91
0.088	0.0768	-1.10556806781678e+92
0.0902	0.0768	-9.24107189368966e+91
0.0924	0.0768	-1.50613150699087e+91
0.0946	0.0768	8.37363308204272e+90
0.0968	0.0768	3.7617743317444e+90
0.099	0.0768	1.09524251289797e+90
0.1012	0.0768	-7.58990863369556e+89
0.1034	0.0768	-2.63665587028057e+87
0.1056	0.0768	9.73469249769056e+88
0.1078	0.0768	1.42432716415541e+89
0.11	0.0768	1.6158644708688e+89
0	0.08	5.91883526309354e+67
0.0022	0.08	-1.23014747455043e+68
0.0044	0.08	3.30629453882082e+68
0.0066	0.08	-9.63190789761376e+68
0.0088	0.08	2.80990915288744e+69
0.011	0.08	-7.35592829077478e+69
0.0132	0.08	2.99654512988218e+70
0.0154	0.08	-7.22102281404562e+70
0.0176	0.08	1.72035029743415e+71
0.0198	0.08	-1.06316824034433e+72
0.022	0.08	1.83004252504579e+72
0.0242	0.08	-4.77365777522131e+72
0.0264	0.08	2.62929444337001e+73
0.0286	0.08	-6.71585249653074e+73
0.0308	0.08	3.46412471707946e+74
0.033	0.08	9.55405968353331e+73
0.0352	0.08	4.85733272213938e+75
0.0374	0.08	-3.78887281012998e+76
0.0396	0.08	-2.18590482304448e+76
0.0418	0.08	-7.24397461098717e+77
0.044	0.08	9.40667254514032e+77
0.0462	0.08	-5.7508453452488e+78
0.0484	0.08	2.28766717829744e+79
0.0506	0.08	-2.60402035874203e+80
0.0528	0.08	2.60031005112184e+81
0.055	0.08	-1.97972668937271e+82
0.0572	0.08	1.49805022142872e+83
0.0594	0.08	-1.12561826422614e+84
0.0616	0.08	8.31341042853593e+84
0.0638	0.08	-5.89683372351958e+85
0.066	0.08	3.78704409009785e+86
0.0682	0.08	-1.78272492861462e+87
0.0704	0.08	-3.158441852747e+87
0.0726	0.08	2.72329375518919e+89
0.0748	0.08	-5.68704600761421e+90
0.077	0.08	-8.83879542829044e+90
0.0792	0.08	-1.04742557035198e+91
0.0814	0.08	-3.23324622065377e+91
0.0836	0.08	-2.35315334535333e+91
0.0858	0.08	-3.64800308972527e+91
0.088	0.08	-1.18940901905101e+92
0.0902	0.08	-7.13585104990188e+91
0.0924	0.08	7.04837146833066e+89
0.0946	0.08	5.53279590616177e+90
0.0968	0.08	3.11496567384695e+90
0.099	0.08	3.88123671279115e+89
0.1012	0.08	4.04224248192943e+89
0.1034	0.08	9.95128216119469e+88
0.1056	0.08	7.28727476419458e+88
0.1078	0.08	1.49805292217352e+89
0.11	0.08	1.6592714557454e+89
0	0.0832	-2.52387061063551e+67
0.0022	0.0832	7.25519686412143e+67
0.0044	0.0832	-2.15040264642173e+68
0.0066	0.0832	6.41186632610259e+68
0.0088	0.0832	-2.10798055849646e+69
0.011	0.0832	8.22128204814872e+69
0.0132	0.0832	-1.97664199759902e+70
0.0154	0.0832	9.2890746039129e+70
0.0176	0.0832	-3.77613182939951e+71
0.0198	0.0832	7.51842078402809e+71
0.022	0.0832	-4.38159426202344e+72
0.0242	0.0832	1.62780943127992e+73
0.0264	0.0832	-4.57316370925214e+73
0.0286	0.0832	2.01053433316802e+74
0.0308	0.0832	-6.55611961130992e+74
0.033	0.0832	3.92956870328486e+75
0.0352	0.0832	-9.37497367931834e+75
0.0374	0.0832	1.60848323699116e+76
0.0396	0.0832	-2.45162726099695e+77
0.0418	0.0832	8.72718432935234e+76
0.044	0.0832	-2.71451528692014e+78
0.0462	0.0832	9.43796687789652e+78
0.0484	0.0832	-5.13731378040342e+79
0.0506	0.0832	5.08972313090255e+80
0.0528	0.0832	-4.50555601008883e+81
0.055	0.0832	3.50217527449196e+82
0.0572	0.0832	-2.7335393467599e+83
0.0594	0.0832	2.1596018528529e+84
0.0616	0.0832	-1.74550258581347e+85
0.0638	0.0832	1.46747948492095e+86
0.066	0.0832	-1.31128285906829e+87
0.0682	0.0832	1.27121928904813e+88
0.0704	0.0832	-1.34984249298692e+89
0.0726	0.0832	1.55826450140511e+90
0.0748	0.0832	-1.91710972029014e+91
0.077	0.0832	-2.41923216225085e+91
0.0792	0.0832	-2.58896260262614e+91
0.0814	0.0832	-2.74868799510359e+91
0.0836	0.0832	-2.31747101135813e+91
0.0858	0.0832	-2.38287518029023e+91
0.088	0.0832	-8.66440261121948e+91
0.0902	0.0832	-7.47643200879109e+91
0.0924	0.0832	-1.64150006853592e+91
0.0946	0.0832	5.9935469786375e+90
0.0968	0.0832	1.654479702401e+90
0.099	0.0832	2.07202609186869e+89
0.1012	0.0832	-2.56151967951904e+89
0.1034	0.0832	-1.7194806240199e+88
0.1056	0.0832	1.39283212593027e+89
0.1078	0.0832	1.83788784726489e+89
0.11	0.0832	2.01786333205579e+89
0	0.0864	-5.72423036772471e+66
0.0022	0.0864	-5.41418729208023e+67
0.0044	0.0864	2.15037360468283e+68
0.0066	0.0864	-7.55847646140405e+68
0.0088	0.0864	2.44729800784379e+69
0.011	0.0864	-6.73719362012317e+69
0.0132	0.0864	3.0686098953702e+70
0.0154	0.0864	-7.51568494313651e+70
0.0176	0.0864	1.95999604250132e+71
0.0198	0.0864	-1.24732653985229e+72
0.022	0.0864	2.43868682007566e+72
0.0242	0.0864	-7.54481245165691e+72
0.0264	0.0864	3.9162577318872e+73
0.0286	0.0864	-1.21322736114661e+74
0.0308	0.0864	5.94900242809061e+74
0.033	0.0864	-9.11495365739396e+74
0.0352	0.0864	1.02343716024839e+76
0.0374	0.0864	-6.24255795197599e+76
0.0396	0.0864	5.8668897723415e+76
0.0418	0.0864	-1.25338497375294e+78
0.044	0.0864	2.62137068157012e+78
0.0462	0.0864	-1.5185795394772e+79
0.0484	0.0864	7.51310681601553e+79
0.0506	0.0864	-6.95278852498371e+80
0.0528	0.0864	5.74817988384405e+81
0.055	0.0864	-4.39329174301277e+82
0.0572	0.0864	3.28745838446934e+83
0.0594	0.0864	-2.36833779091896e+84
0.0616	0.0864	1.58082175509921e+85
0.0638	0.0864	-8.78437664589682e+85
0.066	0.0864	2.20161829939299e+86
0.0682	0.0864	4.32404828510452e+87
0.0704	0.0864	-1.1176599924019e+89
0.0726	0.0864	1.87662136328457e+90
0.0748	0.0864	-2.75574284272912e+91
0.077	0.0864	-3.2337484756258e+91
0.0792	0.0864	-3.34844831042157e+91
0.0814	0.0864	-3.93864411559734e+91
0.0836	0.0864	-4.31969987744038e+91
0.0858	0.0864	-4.99946379257973e+91
0.088	0.0864	-9.56150207736114e+91
0.0902	0.0864	-5.5449262770824e+91
0.0924	0.0864	2.98858975319918e+90
0.0946	0.0864	2.69160404409866e+90
0.0968	0.0864	2.0573785214524e+90
0.099	0.0864	3.10393314736447e+88
0.1012	0.0864	1.55107993534306e+89
0.1034	0.0864	1.35085791183447e+89
0.1056	0.0864	1.2158331017085e+89
0.1078	0.0864	2.00765691791352e+89
0.11	0.0864	2.1183353373128e+89
0	0.0896	1.1319006415019e+68
0.0022	0.0896	-8.17008138572627e+67
0.0044	0.0896	2.04754106511791e+67
0.0066	0.0896	1.78183169185754e+68
0.0088	0.0896	-1.08967852527695e+69
0.011	0.0896	6.00677974765311e+69
0.0132	0.0896	-1.36733232385905e+70
0.0154	0.0896	8.30825840606754e+70
0.0176	0.0896	-3.6022204649591e+71
0.0198	0.0896	6.75750738471686e+71
0.022	0.0896	-4.42028492753624e+72
0.0242	0.0896	1.65545547794776e+73
0.0264	0.0896	-4.61640601307564e+73
0.0286	0.0896	2.07048313969057e+74
0.0308	0.0896	-6.77898083735945e+74
0.033	0.0896	4.14837197105046e+75
0.0352	0.0896	-9.52596097312658e+75
0.0374	0.0896	1.71433582599071e+76
0.0396	0.0896	-2.8651721566193e+77
0.0418	0.0896	1.28819453351122e+77
0.044	0.0896	-3.98906271220513e+78
0.0462	0.0896	1.54870872154384e+79
0.0484	0.0896	-9.49838005251853e+79
0.0506	0.0896	8.37936067257369e+80
0.0528	0.0896	-6.75959415418376e+81
0.055	0.0896	5.60002272360516e+82
0.0572	0.0896	-4.73648865131157e+83
0.0594	0.0896	4.1119390304275e+84
0.0616	0.0896	-3.6864898963445e+85
0.0638	0.0896	3.43333501145255e+86
0.066	0.0896	-3.33677777893832e+87
0.0682	0.0896	3.39110427994398e+88
0.0704	0.0896	-3.60018516576138e+89
0.0726	0.0896	3.97776814968401e+90
0.0748	0.0896	-4.54847809559135e+91
0.077	0.0896	-5.24744617091291e+91
0.0792	0.0896	-5.4221053231917e+91
0.0814	0.0896	-6.13215546531125e+91
0.0836	0.0896	-6.38281217221484e+91
0.0858	0.0896	-7.13114161194968e+91
0.088	0.0896	-6.52022538619524e+91
0.0902	0.0896	-6.15453844243658e+91
0.0924	0.0896	-1.76151231970828e+91
0.0946	0.0896	4.72754151463115e+90
0.0968	0.0896	3.095754435633e+89
0.099	0.0896	2.46916497700604e+89
0.1012	0.0896	-9.10338554491548e+88
0.1034	0.0896	3.90263215352501e+88
0.1056	0.0896	1.89459863154973e+89
0.1078	0.0896	2.41725516232218e+89
0.11	0.0896	2.50499218037104e+89
0	0.0928	-1.39137724161828e+68
0.0022	0.0928	2.18598146807812e+68
0.0044	0.0928	-4.04903963533444e+68
0.0066	0.0928	7.74224014407659e+68
0.0088	0.0928	-1.6394647835756e+69
0.011	0.0928	4.94079825640097e+69
0.0132	0.0928	-2.51626271099879e+69
0.0154	0.0928	2.98470888223311e+70
0.0176	0.0928	-1.27486649268233e+71
0.0198	0.0928	-2.98524437375003e+71
0.022	0.0928	-7.3209645906874e+71
0.0242	0.0928	2.33711876585542e+72
0.0264	0.0928	8.82958541983613e+72
0.0286	0.0928	-1.53668291189642e+73
0.0308	0.0928	2.43092700171224e+74
0.033	0.0928	3.63135063594419e+74
0.0352	0.0928	6.94859404543938e+75
0.0374	0.0928	-5.30331813028568e+76
0.0396	0.0928	8.57582023042644e+74
0.0418	0.0928	-1.25202083549287e+78
0.044	0.0928	1.89615646181436e+78
0.0462	0.0928	-1.48398338685914e+79
0.0484	0.0928	7.94655563336369e+79
0.0506	0.0928	-6.51917693768843e+80
0.0528	0.0928	4.47372734949e+81
0.055	0.0928	-3.44559967371363e+82
0.0572	0.0928	2.6396450452514e+83
0.0594	0.0928	-1.99131897367428e+84
0.0616	0.0928	1.45553860906388e+85
0.0638	0.0928	-9.95320101842907e+85
0.066	0.0928	5.78913479248358e+86
0.0682	0.0928	-1.77445104195926e+87
0.0704	0.0928	-2.37212569584655e+88
0.0726	0.0928	6.94514995343876e+89
0.0748	0.0928	-1.22742623529542e+91
0.077	0.0928	-1.33083363239346e+91
0.0792	0.0928	-1.34076982006186e+91
0.0814	0.0928	-1.44594789660437e+91
0.0836	0.0928	-1.47137090141645e+91
0.0858	0.0928	-1.57614722682966e+91
0.088	0.0928	-1.84885943942479e+91
0.0902	0.0928	-2.24969695287068e+91
0.0924	0.0928	-3.56818480876191e+88
0.0946	0.0928	2.16979849714053e+90
0.0968	0.0928	1.36126336894439e+90
0.099	0.0928	-1.53066605860669e+89
0.1012	0.0928	1.01010174368718e+89
0.1034	0.0928	1.85631596281688e+89
0.1056	0.0928	1.93286917190812e+89
0.1078	0.0928	2.67489575108689e+89
0.11	0.0928	2.68197612427408e+89
0	0.096	1.00931586615378e+68
0.0022	0.096	-1.56160878992984e+68
0.0044	0.096	3.54702645638822e+68
0.0066	0.096	-9.81174352451039e+68
0.0088	0.096	2.69703610493159e+69
0.011	0.096	-6.13198813267227e+69
0.0132	0.096	2.71589972887868e+70
0.0154	0.096	-4.61483194235101e+70
0.0176	0.096	7.10715858608713e+70
0.0198	0.096	-8.40207167216212e+71
0.022	0.096	5.22332324422954e+71
0.0242	0.096	-5.53160887533968e+71
0.0264	0.096	1.48630339825289e+73
0.0286	0.096	-2.01832975806064e+73
0.0308	0.096	1.96703456514785e+74
0.033	0.096	9.01700957785278e+74
0.0352	0.096	3.93049867637176e+75
0.0374	0.096	-3.50829880220106e+76
0.0396	0.096	-1.19917436152253e+77
0.0418	0.096	-7.04658793061361e+77
0.044	0.096	-1.82650269211798e+78
0.0462	0.096	5.42950534008578e+78
0.0484	0.096	-5.63784896761404e+79
0.0506	0.096	3.40271048036991e+80
0.0528	0.096	-1.71887893257014e+81
0.055	0.096	1.09384521217064e+82
0.0572	0.096	-6.32217177002978e+82
0.0594	0.096	2.86789906892361e+83
0.0616	0.096	-3.02517915085581e+83
0.0638	0.096	-1.56721833596354e+85
0.066	0.096	2.87126105575254e+86
0.0682	0.096	-3.68624468728295e+87
0.0704	0.096	4.04084945891243e+88
0.0726	0.096	-3.91701685867539e+89
0.0748	0.096	3.24710597099736e+90
0.077	0.096	3.63873651359399e+90
0.0792	0.096	3.71934182149243e+90
0.0814	0.096	4.12794145565091e+90
0.0836	0.096	4.27405868941146e+90
0.0858	0.096	4.69896078003596e+90
0.088	0.096	5.49249307629121e+90
0.0902	0.096	6.69675046903e+90
0.0924	0.096	1.26592710799211e+90
0.0946	0.096	7.89427811872023e+89
0.0968	0.096	5.31385018658285e+89
0.099	0.096	5.81989948995079e+88
0.1012	0.096	2.52185125238282e+88
0.1034	0.096	1.46243353993966e+89
0.1056	0.096	2.62841878751608e+89
0.1078	0.096	3.19092375362224e+89
0.11	0.096	3.10302604754734e+89
0	0.0992	-9.98048951616883e+67
0.0022	0.0992	2.05247639425575e+68
0.0044	0.0992	-4.54134462609282e+68
0.0066	0.0992	1.00995103414597e+69
0.0088	0.0992	-2.56372233007767e+69
0.011	0.0992	8.52435954182098e+69
0.0132	0.0992	-1.42011958839777e+70
0.0154	0.0992	7.77345221141032e+70
0.0176	0.0992	-2.95459837387243e+71
0.0198	0.0992	2.2412641502843e+71
0.022	0.0992	-2.78601624629968e+72
0.0242	0.0992	9.31305071571059e+72
0.0264	0.0992	-1.43198563967096e+73
0.0286	0.0992	7.5090850353254e+73
0.0308	0.0992	-9.57832169771085e+73
0.033	0.0992	1.79610572586129e+75
0.0352	0.0992	2.25318930546654e+75
0.0374	0.0992	-3.37940826370526e+76
0.0396	0.0992	-1.19168785003241e+77
0.0418	0.0992	-9.44801490602098e+77
0.044	0.0992	-7.86472879463728e+77
0.0462	0.0992	-4.59615283194122e+78
0.0484	0.0992	1.89270667293104e+79
0.0506	0.0992	-1.1893096874088e+80
0.0528	0.0992	1.71972430177837e+80
0.055	0.0992	5.24301903759383e+80
0.0572	0.0992	-1.85766065214112e+82
0.0594	0.0992	2.58662702503226e+83
0.0616	0.0992	-2.87746517030665e+84
0.0638	0.0992	2.8506697470568e+85
0.066	0.0992	-2.5949968804274e+86
0.0682	0.0992	2.17771730205177e+87
0.0704	0.0992	-1.65300702249886e+88
0.0726	0.0992	1.06933021668421e+89
0.0748	0.0992	-4.76566248162884e+89
0.077	0.0992	-5.68744950167231e+89
0.0792	0.0992	-5.9515246308997e+89
0.0814	0.0992	-6.94393875419001e+89
0.0836	0.0992	-7.40084361020386e+89
0.0858	0.0992	-8.47041578571306e+89
0.088	0.0992	-1.05956429199072e+90
0.0902	0.0992	-1.37153555839005e+90
0.0924	0.0992	-2.64029168163459e+88
0.0946	0.0992	1.14844778391938e+89
0.0968	0.0992	1.81154593809926e+89
0.099	0.0992	2.03627326809564e+89
0.1012	0.0992	2.19560184310066e+89
0.1034	0.0992	2.91908800191037e+89
0.1056	0.0992	2.92353819768055e+89
0.1078	0.0992	3.56630079986031e+89
0.11	0.0992	3.36112097301961e+89
0	0.1024	2.46333175921012e+67
0.0022	0.1024	-1.2684662721146e+68
0.0044	0.1024	4.44379590527877e+68
0.0066	0.1024	-1.47936438718557e+69
0.0088	0.1024	4.5315114658099e+69
0.011	0.1024	-1.22243727044901e+70
0.0132	0.1024	4.89132342601486e+70
0.0154	0.1024	-1.12685346997309e+71
0.0176	0.1024	2.9739174684294e+71
0.0198	0.1024	-1.68101143642956e+72
0.022	0.1024	3.17581995253153e+72
0.0242	0.1024	-9.9432294702885e+72
0.0264	0.1024	4.93759674395836e+73
0.0286	0.1024	-1.48103063291029e+74
0.0308	0.1024	6.95780811683615e+74
0.033	0.1024	-9.01866776512482e+74
0.0352	0.1024	1.19080836908673e+76
0.0374	0.1024	-6.55820362641554e+76
0.0396	0.1024	-4.36681660185246e+76
0.0418	0.1024	-1.21715448979928e+78
0.044	0.1024	-1.19811653122872e+78
0.0462	0.1024	1.23146029642005e+77
0.0484	0.1024	-3.54025734956009e+79
0.0506	0.1024	-1.2263680507512e+79
0.0528	0.1024	3.24735321638454e+80
0.055	0.1024	-3.29213976180017e+81
0.0572	0.1024	3.06013434467924e+82
0.0594	0.1024	-2.68617165893762e+83
0.0616	0.1024	2.24627571004524e+84
0.0638	0.1024	-1.79318047810559e+85
0.066	0.1024	1.36378946132931e+86
0.0682	0.1024	-9.8416141926442e+86
0.0704	0.1024	6.72909755559715e+87
0.0726	0.1024	-4.43354587336507e+88
0.0748	0.1024	3.0461475068061e+89
0.077	0.1024	3.46119959858461e+89
0.0792	0.1024	3.57267096227304e+89
0.0814	0.1024	4.01371766563396e+89
0.0836	0.1024	4.1989550171034e+89
0.0858	0.1024	4.671613747096e+89
0.088	0.1024	5.30761358386774e+89
0.0902	0.1024	6.32632602688185e+89
0.0924	0.1024	3.0523165781811e+89
0.0946	0.1024	2.86103388492663e+89
0.0968	0.1024	2.79737078081032e+89
0.099	0.1024	2.90837830650118e+89
0.1012	0.1024	2.9842168971552e+89
0.1034	0.1024	3.25366554710622e+89
0.1056	0.1024	3.70150012703426e+89
0.1078	0.1024	4.22323062857053e+89
0.11	0.1024	3.82716780788909e+89
0	0.1056	6.91576837489787e+67
0.0022	0.1056	-1.16097032920708e+67
0.0044	0.1056	-1.13564375197642e+68
0.0066	0.1056	3.93278575498104e+68
0.0088	0.1056	-1.47037361412286e+69
0.011	0.1056	7.05946744637328e+69
0.0132	0.1056	-1.25509152559702e+70
0.0154	0.1056	9.06735383254476e+70
0.0176	0.1056	-3.66879824906427e+71
0.0198	0.1056	4.73521914817049e+71
0.022	0.1056	-4.10353991306051e+72
0.0242	0.1056	1.4231284423245e+73
0.0264	0.1056	-3.17552381679818e+73
0.0286	0.1056	1.50029416770518e+74
0.0308	0.1056	-3.97924309223594e+74
0.033	0.1056	3.19171944871786e+75
0.0352	0.1056	-2.6078519992422e+75
0.0374	0.1056	-1.1781159390692e+76
0.0396	0.1056	-2.62468013553906e+77
0.0418	0.1056	-5.5509048316478e+77
0.044	0.1056	-4.21370057377837e+78
0.0462	0.1056	7.61080257547658e+78
0.0484	0.1056	1.68550424860971e+78
0.0506	0.1056	3.7252409488867e+79
0.0528	0.1056	-3.41372817197917e+80
0.055	0.1056	2.77154651750979e+81
0.0572	0.1056	-2.16398154311909e+82
0.0594	0.1056	1.62206649237661e+83
0.0616	0.1056	-1.15644757212053e+84
0.0638	0.1056	7.68915066547623e+84
0.066	0.1056	-4.55537585708615e+85
0.0682	0.1056	2.08608734513494e+86
0.0704	0.1056	-1.78496101588602e+86
0.0726	0.1056	-1.28899079628992e+88
0.0748	0.1056	2.45321336786538e+89
0.077	0.1056	2.56080930705267e+89
0.0792	0.1056	2.56225139040123e+89
0.0814	0.1056	2.66221151036358e+89
0.0836	0.1056	2.65989775072286e+89
0.0858	0.1056	2.7517396313397e+89
0.088	0.1056	2.6486442171435e+89
0.0902	0.1056	2.59962838204567e+89
0.0924	0.1056	3.5052264675829e+89
0.0946	0.1056	3.78509770269243e+89
0.0968	0.1056	3.90015195459459e+89
0.099	0.1056	4.11084890184111e+89
0.1012	0.1056	4.20909285630421e+89
0.1034	0.1056	4.38728747396375e+89
0.1056	0.1056	4.41554583523887e+89
0.1078	0.1056	4.73027134607237e+89
0.11	0.1056	4.18384593842717e+89
0	0.1088	-7.83760079467131e+67
0.0022	0.1088	9.46691834731612e+67
0.0044	0.1088	-5.66823445276521e+67
0.0066	0.1088	-2.55725318706839e+68
0.0088	0.1088	1.21732059013969e+69
0.011	0.1088	-2.51206367254353e+69
0.0132	0.1088	2.12916647699719e+70
0.0154	0.1088	-2.07003307483599e+70
0.0176	0.1088	1.19090427846582e+70
0.0198	0.1088	-8.51843988718693e+71
0.022	0.1088	2.76785532153517e+71
0.0242	0.1088	-8.27719676233047e+71
0.0264	0.1088	2.10728814531225e+73
0.0286	0.1088	-4.51130102565706e+73
0.0308	0.1088	3.38834351768528e+74
0.033	0.1088	4.94405585365127e+74
0.0352	0.1088	8.00282070093905e+75
0.0374	0.1088	-5.10266331430334e+76
0.0396	0.1088	-1.41968835410509e+77
0.0418	0.1088	-1.12015039139504e+78
0.044	0.1088	1.01827033520237e+78
0.0462	0.1088	-1.80045657461584e+78
0.0484	0.1088	3.09322516606932e+78
0.0506	0.1088	-3.23075980794139e+79
0.0528	0.1088	2.54218374648204e+80
0.055	0.1088	-1.92361236025413e+81
0.0572	0.1088	1.4293988197041e+82
0.0594	0.1088	-1.04654841162334e+83
0.0616	0.1088	7.59246769175166e+83
0.0638	0.1088	-5.52016810771855e+84
0.066	0.1088	4.10584187191897e+85
0.0682	0.1088	-3.22351071213164e+86
0.0704	0.1088	2.76663200041664e+87
0.0726	0.1088	-2.64973726922243e+88
0.0748	0.1088	2.80975175508496e+89
0.077	0.1088	3.01392765101033e+89
0.0792	0.1088	3.05311599197085e+89
0.0814	0.1088	3.26102982863882e+89
0.0836	0.1088	3.32025611123613e+89
0.0858	0.1088	3.53387222367199e+89
0.088	0.1088	3.63815367128644e+89
0.0902	0.1088	3.89384156014454e+89
0.0924	0.1088	3.75966760015188e+89
0.0946	0.1088	3.93386962242807e+89
0.0968	0.1088	4.01871448301576e+89
0.099	0.1088	4.2181926387191e+89
0.1012	0.1088	4.3264710321647e+89
0.1034	0.1088	4.54373469901404e+89
0.1056	0.1088	4.68998243097659e+89
0.1078	0.1088	4.88378661818602e+89
0.11	0.1088	5.06217124900752e+89
0	0.112	7.45304747619515e+67
0.0022	0.112	-8.42202035225987e+67
0.0044	0.112	1.23772253360813e+68
0.0066	0.112	-3.03697566524221e+68
0.0088	0.112	4.98135726874045e+68
0.011	0.112	1.52466872041884e+69
0.0132	0.112	5.58500094511809e+69
0.0154	0.112	4.23068499910647e+70
0.0176	0.112	-2.10077014010454e+71
0.0198	0.112	-1.16667905900613e+71
0.022	0.112	-2.40873154025983e+72
0.0242	0.112	8.24410962975504e+72
0.0264	0.112	-9.4231229416928e+72
0.0286	0.112	6.99645977928123e+73
0.0308	0.112	-8.6079082892393e+73
0.033	0.112	2.14188482448976e+75
0.0352	0.112	2.52436602040289e+75
0.0374	0.112	-3.03117034736674e+76
0.0396	0.112	-2.41055606660329e+77
0.0418	0.112	2.47400391223465e+77
0.044	0.112	-2.59360804102385e+77
0.0462	0.112	6.26979935288425e+77
0.0484	0.112	-2.79365822664283e+78
0.0506	0.112	2.22111773554329e+79
0.0528	0.112	-1.65340457828062e+80
0.055	0.112	1.2115271079616e+81
0.0572	0.112	-8.80674156472209e+81
0.0594	0.112	6.37107624942309e+82
0.0616	0.112	-4.6049120167354e+83
0.0638	0.112	3.33987829636357e+84
0.066	0.112	-2.43857153844618e+85
0.0682	0.112	1.79010193346165e+86
0.0704	0.112	-1.30563045575114e+87
0.0726	0.112	9.14033585075203e+87
0.0748	0.112	-5.57705196364192e+88
0.077	0.112	-6.15481151827711e+88
0.0792	0.112	-6.29950152388701e+88
0.0814	0.112	-6.89709910451278e+88
0.0836	0.112	-7.10897462935443e+88
0.0858	0.112	-7.73371869943852e+88
0.088	0.112	-8.07892325264066e+88
0.0902	0.112	-8.82812906112715e+88
0.0924	0.112	-8.58043704991169e+88
0.0946	0.112	-9.12709191149407e+88
0.0968	0.112	-9.45591787070723e+88
0.099	0.112	-1.00843887456002e+89
0.1012	0.112	-1.04937623180716e+89
0.1034	0.112	-1.11880137867585e+89
0.1056	0.112	-1.1718324450037e+89
0.1078	0.112	-1.23760611144104e+89
0.11	0.112	-1.30139236219182e+89
0	0.1152	-5.65317376946918e+67
0.0022	0.1152	1.22714905670448e+68
0.0044	0.1152	-1.90612557156087e+68
0.0066	0.1152	1.36869734037012e+68
0.0088	0.1152	4.44952296193199e+66
0.011	0.1152	1.42751327770855e+69
0.0132	0.1152	1.06865054165486e+70
0.0154	0.1152	2.08001834809444e+70
0.0176	0.1152	-1.14655122062973e+71
0.0198	0.1152	-5.35508365877852e+71
0.022	0.1152	-9.93597519667692e+71
0.0242	0.1152	2.92889171727045e+72
0.0264	0.1152	1.07063947690991e+73
0.0286	0.1152	-6.01265915579815e+72
0.0308	0.1152	2.12433333926449e+74
0.033	0.1152	1.07158407406439e+75
0.0352	0.1152	7.12989709648174e+75
0.0374	0.1152	-4.67682868487922e+76
0.0396	0.1152	5.25508387575462e+76
0.0418	0.1152	-5.55737869206802e+76
0.044	0.1152	7.91937252380515e+76
0.0462	0.1152	-2.97705332661978e+77
0.0484	0.1152	1.82550345297971e+78
0.0506	0.1152	-1.34237075338499e+79
0.0528	0.1152	9.64891824507684e+79
0.055	0.1152	-6.86789388684522e+80
0.0572	0.1152	4.85218689944254e+81
0.0594	0.1152	-3.40365643074519e+82
0.0616	0.1152	2.36901530688466e+83
0.0638	0.1152	-1.63203746982371e+84
0.066	0.1152	1.1062085217288e+85
0.0682	0.1152	-7.28625742887363e+85
0.0704	0.1152	4.55044057091229e+86
0.0726	0.1152	-2.55937867997496e+87
0.0748	0.1152	1.13463283026763e+88
0.077	0.1152	1.29482585867033e+88
0.0792	0.1152	1.34151176893071e+88
0.0814	0.1152	1.50944177478979e+88
0.0836	0.1152	1.57741773453881e+88
0.0858	0.1152	1.75559721821745e+88
0.088	0.1152	1.86245330630581e+88
0.0902	0.1152	2.07700166769641e+88
0.0924	0.1152	2.03615533610694e+88
0.0946	0.1152	2.20060074566653e+88
0.0968	0.1152	2.31220432246079e+88
0.099	0.1152	2.50236816031835e+88
0.1012	0.1152	2.64024370419644e+88
0.1034	0.1152	2.85290518809622e+88
0.1056	0.1152	3.02835159879022e+88
0.1078	0.1152	3.23819121485633e+88
0.11	0.1152	3.44832760410506e+88
0	0.1184	3.2601819444016e+67
0.0022	0.1184	-6.0857300013512e+67
0.0044	0.1184	1.76278665385683e+68
0.0066	0.1184	-5.88408898506248e+68
0.0088	0.1184	1.42705829419525e+69
0.011	0.1184	-1.22986281935046e+69
0.0132	0.1184	1.62046015112865e+70
0.0154	0.1184	1.6734084903757e+70
0.0176	0.1184	-1.19381490460917e+71
0.0198	0.1184	-5.12429331959683e+71
0.022	0.1184	-1.3514822802576e+72
0.0242	0.1184	4.26011975910594e+72
0.0264	0.1184	6.38316981974475e+72
0.0286	0.1184	1.40395479204366e+73
0.0308	0.1184	1.36455410061523e+74
0.033	0.1184	1.44001169922145e+75
0.0352	0.1184	-2.16930785641721e+75
0.0374	0.1184	9.52689046001101e+75
0.0396	0.1184	-1.13235835255546e+76
0.0418	0.1184	1.36377417629049e+76
0.044	0.1184	-3.01671946162626e+76
0.0462	0.1184	1.55660011730883e+77
0.0484	0.1184	-1.03821036081543e+78
0.0506	0.1184	7.31664761478788e+78
0.0528	0.1184	-5.08805722912333e+79
0.055	0.1184	3.50132279947507e+80
0.0572	0.1184	-2.38281171859424e+81
0.0594	0.1184	1.60023280872237e+82
0.0616	0.1184	-1.05654950219889e+83
0.0638	0.1184	6.81565615301738e+83
0.066	0.1184	-4.25178448750182e+84
0.0682	0.1184	2.52123327644263e+85
0.0704	0.1184	-1.37902395337696e+86
0.0726	0.1184	6.56388439337019e+86
0.0748	0.1184	-2.3642446104056e+87
0.077	0.1184	-2.80258494618654e+87
0.0792	0.1184	-2.94379994066988e+87
0.0814	0.1184	-3.40884687886366e+87
0.0836	0.1184	-3.61514156666212e+87
0.0858	0.1184	-4.11511204969784e+87
0.088	0.1184	-4.43347992293639e+87
0.0902	0.1184	-5.038642218904e+87
0.0924	0.1184	-4.98849794752874e+87
0.0946	0.1184	-5.4703432445521e+87
0.0968	0.1184	-5.82477577953784e+87
0.099	0.1184	-6.38564887605339e+87
0.1012	0.1184	-6.82278741028357e+87
0.1034	0.1184	-7.45692156738976e+87
0.1056	0.1184	-8.00850925272655e+87
0.1078	0.1184	-8.65340986862273e+87
0.11	0.1184	-9.31383932853941e+87
0	0.1216	-1.1834354486827e+67
0.0022	0.1216	7.13960968971104e+67
0.0044	0.1216	-1.33369236450227e+68
0.0066	0.1216	7.65720358561631e+67
0.0088	0.1216	-7.4805744894841e+67
0.011	0.1216	2.29523105674688e+69
0.0132	0.1216	9.1240153578499e+69
0.0154	0.1216	3.66611945360168e+70
0.0176	0.1216	-1.614091606306e+71
0.0198	0.1216	-4.73564784418868e+71
0.022	0.1216	-1.49941114885631e+72
0.0242	0.1216	4.23736729436982e+72
0.0264	0.1216	8.25774758276108e+72
0.0286	0.1216	6.58456102512811e+72
0.0308	0.1216	1.75509615400943e+74
0.033	0.1216	-3.24930484570246e+74
0.0352	0.1216	5.70589382007237e+74
0.0374	0.1216	-1.9694053290866e+75
0.0396	0.1216	2.52583645951416e+75
0.0418	0.1216	-3.89057614649382e+75
0.044	0.1216	1.32991242494404e+76
0.0462	0.1216	-7.97754364757386e+76
0.0484	0.1216	5.35754444533772e+77
0.0506	0.1216	-3.64443491615914e+78
0.0528	0.1216	2.44765089622591e+79
0.055	0.1216	-1.62184050009695e+80
0.0572	0.1216	1.05773533873661e+81
0.0594	0.1216	-6.76397783583697e+81
0.0616	0.1216	4.21743993520237e+82
0.0638	0.1216	-2.54277951260039e+83
0.066	0.1216	1.46396182310497e+84
0.0682	0.1216	-7.89202362444612e+84
0.0704	0.1216	3.85612607620088e+85
0.0726	0.1216	-1.60895587339596e+86
0.0748	0.1216	5.03682116631695e+86
0.077	0.1216	6.22554879349114e+86
0.0792	0.1216	6.63734699502798e+86
0.0814	0.1216	7.91240037527074e+86
0.0836	0.1216	8.51825933678465e+86
0.0858	0.1216	9.90560209633391e+86
0.088	0.1216	1.08315212050035e+87
0.0902	0.1216	1.25205279291696e+87
0.0924	0.1216	1.25259559687124e+87
0.0946	0.1216	1.39130608667988e+87
0.0968	0.1216	1.49952241357684e+87
0.099	0.1216	1.66208438000808e+87
0.1012	0.1216	1.7956811690889e+87
0.1034	0.1216	1.98131035505012e+87
0.1056	0.1216	2.1492270126258e+87
0.1078	0.1216	2.34255327681313e+87
0.11	0.1216	2.54390018439743e+87
0	0.1248	6.70768187092921e+66
0.0022	0.1248	-1.87008020160021e+67
0.0044	0.1248	1.34282075229005e+68
0.0066	0.1248	-5.581482598428e+68
0.0088	0.1248	1.36758645168429e+69
0.011	0.1248	-9.69438635567623e+68
0.0132	0.1248	1.78075977987435e+70
0.0154	0.1248	2.08233216215594e+70
0.0176	0.1248	-1.2171298191603e+71
0.0198	0.1248	-6.12082619666798e+71
0.022	0.1248	-1.31177528386988e+72
0.0242	0.1248	3.65914650783775e+72
0.0264	0.1248	1.06312638549954e+73
0.0286	0.1248	7.91390476376516e+71
0.0308	0.1248	-3.77337910576656e+73
0.033	0.1248	7.31925915477857e+73
0.0352	0.1248	-1.41481406525597e+74
0.0374	0.1248	4.16516430212996e+74
0.0396	0.1248	-6.04955276705285e+74
0.0418	0.1248	1.3211415828284e+75
0.044	0.1248	-6.13305484540155e+75
0.0462	0.1248	3.87042046188163e+76
0.0484	0.1248	-2.55248052614581e+77
0.0506	0.1248	1.67766575418918e+78
0.0528	0.1248	-1.08651977896979e+79
0.055	0.1248	6.91774003245834e+79
0.0572	0.1248	-4.31499427529009e+80
0.0594	0.1248	2.62402919780329e+81
0.0616	0.1248	-1.54522740286512e+82
0.0638	0.1248	8.72783188175554e+82
0.066	0.1248	-4.66341355174338e+83
0.0682	0.1248	2.3085392780962e+84
0.0704	0.1248	-1.02420254395058e+85
0.0726	0.1248	3.84528483831596e+85
0.0748	0.1248	-1.09426830765519e+86
0.077	0.1248	-1.41459649741396e+86
0.0792	0.1248	-1.53196673490925e+86
0.0814	0.1248	-1.87908007322861e+86
0.0836	0.1248	-2.05328214694622e+86
0.0858	0.1248	-2.43518073049392e+86
0.088	0.1248	-2.70009286016547e+86
0.0902	0.1248	-3.16788137070925e+86
0.0924	0.1248	-3.20267054214222e+86
0.0946	0.1248	-3.59698315913877e+86
0.0968	0.1248	-3.91898168746874e+86
0.099	0.1248	-4.38424870590862e+86
0.1012	0.1248	-4.78265269895725e+86
0.1034	0.1248	-5.31879254641958e+86
0.1056	0.1248	-5.81880409004156e+86
0.1078	0.1248	-6.38818219825786e+86
0.11	0.1248	-6.98916000232576e+86
0	0.128	1.17654937071548e+67
0.0022	0.128	3.09636311850553e+67
0.0044	0.128	-6.60324741178844e+67
0.0066	0.128	-1.68444343846531e+67
0.0088	0.128	-7.13128877876121e+67
0.011	0.128	2.84082713257564e+69
0.0132	0.128	9.12098126690985e+69
0.0154	0.128	4.82845274543784e+70
0.0176	0.128	-1.90483975332027e+71
0.0198	0.128	-4.81263354379905e+71
0.022	0.128	-1.80359878226291e+72
0.0242	0.128	4.81617859057163e+72
0.0264	0.128	-2.32150078415156e+72
0.0286	0.128	-6.28997497614272e+71
0.0308	0.128	8.22214029406919e+72
0.033	0.128	-1.66397575054698e+73
0.0352	0.128	3.41506966077347e+73
0.0374	0.128	-9.16525408992711e+73
0.0396	0.128	1.62567505603564e+74
0.0418	0.128	-5.10371314629727e+74
0.044	0.128	2.78904154067406e+75
0.0462	0.128	-1.76854886123699e+76
0.0484	0.128	1.13548385850146e+77
0.0506	0.128	-7.21088906159177e+77
0.0528	0.128	4.50028998634286e+78
0.055	0.128	-2.75156291760174e+79
0.0572	0.128	1.64131173203687e+80
0.0594	0.128	-9.49842631448262e+80
0.0616	0.128	5.29301300632091e+81
0.0638	0.128	-2.81108892123391e+82
0.066	0.128	1.40236306501947e+83
0.0682	0.128	-6.43328343204323e+83
0.0704	0.128	2.62684897892595e+84
0.0726	0.128	-9.05632635561769e+84
0.0748	0.128	2.41661561269754e+85
0.077	0.128	3.27580520121464e+85
0.0792	0.128	3.60526241357695e+85
0.0814	0.128	4.54528086251571e+85
0.0836	0.128	5.03891673234681e+85
0.0858	0.128	6.08394669745261e+85
0.088	0.128	6.83305156481388e+85
0.0902	0.128	8.12114086933512e+85
0.0924	0.128	8.29459771148845e+85
0.0946	0.128	9.40506212301073e+85
0.0968	0.128	1.03460083873553e+86
0.099	0.128	1.16650762233879e+86
0.1012	0.128	1.28326255383742e+86
0.1034	0.128	1.43654346026103e+86
0.1056	0.128	1.5830647364584e+86
0.1078	0.128	1.74855468044914e+86
0.11	0.128	1.92515877453194e+86
0	0.1312	2.30778834530159e+66
0.0022	0.1312	8.43341966363381e+66
0.0044	0.1312	8.82792792402789e+67
0.0066	0.1312	-4.46534078497708e+68
0.0088	0.1312	1.00098395344961e+69
0.011	0.1312	1.57829993865445e+68
0.0132	0.1312	1.73653227320547e+70
0.0154	0.1312	3.19964411192786e+70
0.0176	0.1312	-1.42093424833114e+71
0.0198	0.1312	-6.66444253982411e+71
0.022	0.1312	4.63010579958997e+71
0.0242	0.1312	-9.42793339081358e+71
0.0264	0.1312	4.66874796301745e+71
0.0286	0.1312	2.25594847390767e+71
0.0308	0.1312	-1.81418007918274e+72
0.033	0.1312	3.81689926125736e+72
0.0352	0.1312	-8.22051605194929e+72
0.0374	0.1312	2.15675358077655e+73
0.0396	0.1312	-5.01375287420708e+73
0.0418	0.1312	2.08907585377164e+74
0.044	0.1312	-1.22220253055145e+75
0.0462	0.1312	7.63691491215699e+75
0.0484	0.1312	-4.7589131917312e+76
0.0506	0.1312	2.92021792925809e+77
0.0528	0.1312	-1.75635031557147e+78
0.055	0.1312	1.03161500277314e+79
0.0572	0.1312	-5.88994063576132e+79
0.0594	0.1312	3.24907934176264e+80
0.0616	0.1312	-1.71791347355536e+81
0.0638	0.1312	8.61340458427255e+81
0.066	0.1312	-4.0350641517771e+82
0.0682	0.1312	1.72930160375607e+83
0.0704	0.1312	-6.57281539119489e+83
0.0726	0.1312	2.11477485027886e+84
0.0748	0.1312	-5.40584439681637e+84
0.077	0.1312	-7.7023130896502e+84
0.0792	0.1312	-8.61723680620242e+84
0.0814	0.1312	-1.1152776608364e+85
0.0836	0.1312	-1.25369675744216e+85
0.0858	0.1312	-1.5383585834143e+85
0.088	0.1312	-1.74834588759749e+85
0.0902	0.1312	-2.10143321322587e+85
0.0924	0.1312	-2.16737300726496e+85
0.0946	0.1312	-2.4778560901925e+85
0.0968	0.1312	-2.74918357617884e+85
0.099	0.1312	-3.12039913155839e+85
0.1012	0.1312	-3.45813665184686e+85
0.1034	0.1312	-3.89288068298634e+85
0.1056	0.1312	-4.31705459316479e+85
0.1078	0.1312	-4.79315518755909e+85
0.11	0.1312	-5.30596762144982e+85
0	0.1344	2.16295617354723e+67
0.0022	0.1344	1.16574430094289e+67
0.0044	0.1344	-1.86025301439513e+67
0.0066	0.1344	-6.24193560515167e+67
0.0088	0.1344	-1.77371200259258e+68
0.011	0.1344	3.48788196395213e+69
0.0132	0.1344	9.71112334238433e+69
0.0154	0.1344	5.84299769400775e+70
0.0176	0.1344	-2.09540302850581e+71
0.0198	0.1344	1.49133321259837e+71
0.022	0.1344	-1.09241828906411e+71
0.0242	0.1344	1.85829706377231e+71
0.0264	0.1344	-9.19273022366211e+70
0.0286	0.1344	-6.68583204583688e+70
0.0308	0.1344	4.05457302097558e+71
0.033	0.1344	-8.87213907924817e+71
0.0352	0.1344	2.02251253763196e+72
0.0374	0.1344	-5.60124776285218e+72
0.0396	0.1344	1.73695148952344e+73
0.0418	0.1344	-8.60960362246867e+73
0.044	0.1344	5.13030159902903e+74
0.0462	0.1344	-3.13324644429312e+75
0.0484	0.1344	1.89319859661438e+76
0.0506	0.1344	-1.12296521525525e+77
0.0528	0.1344	6.51248824555358e+77
0.055	0.1344	-3.67800955016132e+78
0.0572	0.1344	2.01277605197626e+79
0.0594	0.1344	-1.06053482733632e+80
0.0616	0.1344	5.33592389376023e+80
0.0638	0.1344	-2.53571194511823e+81
0.066	0.1344	1.12142862831119e+82
0.0682	0.1344	-4.52198955028455e+82
0.0704	0.1344	1.61531220270709e+83
0.0726	0.1344	-4.91331959709968e+83
0.0748	0.1344	1.22030898348625e+84
0.077	0.1344	1.8324522416017e+84
0.0792	0.1344	2.08455215411876e+84
0.0814	0.1344	2.76634759497636e+84
0.0836	0.1344	3.15144228261567e+84
0.0858	0.1344	3.92407306769684e+84
0.088	0.1344	4.50876286926532e+84
0.0902	0.1344	5.47316026136942e+84
0.0924	0.1344	5.69734706245034e+84
0.0946	0.1344	6.5605104399034e+84
0.0968	0.1344	7.33497336906477e+84
0.099	0.1344	8.3735096846038e+84
0.1012	0.1344	9.34071941258457e+84
0.1034	0.1344	1.05658789019346e+85
0.1056	0.1344	1.17822213420272e+85
0.1078	0.1344	1.31408013382643e+85
0.11	0.1344	1.46159027379112e+85
0	0.1376	3.75417848412663e+66
0.0022	0.1376	2.93467343148443e+67
0.0044	0.1376	4.21077904817388e+67
0.0066	0.1376	-2.80283725072149e+68
0.0088	0.1376	4.43781603200827e+68
0.011	0.1376	1.69029175881483e+69
0.0132	0.1376	1.64929792122382e+70
0.0154	0.1376	-1.54590588598071e+70
0.0176	0.1376	4.17034400357271e+70
0.0198	0.1376	-3.1958656202028e+70
0.022	0.1376	2.49654981533012e+70
0.0242	0.1376	-3.68278455821128e+70
0.0264	0.1376	1.77064105149938e+70
0.0286	0.1376	1.82735577997292e+70
0.0308	0.1376	-9.20064714236699e+70
0.033	0.1376	2.10969782722973e+71
0.0352	0.1376	-5.22241479962259e+71
0.0374	0.1376	1.63278150371835e+72
0.0396	0.1376	-6.44022713014818e+72
0.0418	0.1376	3.48264450997245e+73
0.044	0.1376	-2.06402653695804e+74
0.0462	0.1376	1.22801689680621e+75
0.0484	0.1376	-7.19449586062536e+75
0.0506	0.1376	4.12766868829539e+76
0.0528	0.1376	-2.3101679416239e+77
0.055	0.1376	1.25599626877102e+78
0.0572	0.1376	-6.5988845091339e+78
0.0594	0.1376	3.32835761183645e+79
0.0616	0.1376	-1.59811019970341e+80
0.0638	0.1376	7.22495891020698e+80
0.066	0.1376	-3.03109840915403e+81
0.0682	0.1376	1.15721171213954e+82
0.0704	0.1376	-3.9166778514031e+82
0.0726	0.1376	1.13779837293241e+83
0.0748	0.1376	-2.76930206885172e+83
0.077	0.1376	-4.39751034369896e+83
0.0792	0.1376	-5.08806561581982e+83
0.0814	0.1376	-6.91683787693475e+83
0.0836	0.1376	-7.98171532158578e+83
0.0858	0.1376	-1.00727511540418e+84
0.088	0.1376	-1.16921351374663e+84
0.0902	0.1376	-1.43185186109541e+84
0.0924	0.1376	-1.50357631739794e+84
0.0946	0.1376	-1.74243461889315e+84
0.0968	0.1376	-1.96172693487902e+84
0.099	0.1376	-2.25087562937707e+84
0.1012	0.1376	-2.52566214868583e+84
0.1034	0.1376	-2.86911062050982e+84
0.1056	0.1376	-3.21524801875056e+84
0.1078	0.1376	-3.60035832396621e+84
0.11	0.1376	-4.02144497837656e+84
0	0.1408	2.90623459582421e+67
0.0022	0.1408	1.17671189528373e+66
0.0044	0.1408	2.10382654926272e+67
0.0066	0.1408	-7.23350803089341e+67
0.0088	0.1408	-2.98669147179967e+68
0.011	0.1408	3.66355094276841e+69
0.0132	0.1408	-3.62728807919287e+69
0.0154	0.1408	3.72896824767743e+69
0.0176	0.1408	-8.37199899806933e+69
0.0198	0.1408	6.82829471538793e+69
0.022	0.1408	-5.58558630926288e+69
0.0242	0.1408	7.32666017616035e+69
0.0264	0.1408	-3.32188803140168e+69
0.0286	0.1408	-4.80514260459001e+69
0.0308	0.1408	2.13146678904914e+70
0.033	0.1408	-5.20672768592886e+70
0.0352	0.1408	1.44752128072919e+71
0.0374	0.1408	-5.27371438357099e+71
0.0396	0.1408	2.44630600930257e+72
0.0418	0.1408	-1.36897962252474e+73
0.044	0.1408	7.98151316341706e+73
0.0462	0.1408	-4.62055428373281e+74
0.0484	0.1408	2.62577313765219e+75
0.0506	0.1408	-1.45828309721917e+76
0.0528	0.1408	7.88474018773017e+76
0.055	0.1408	-4.13230985418179e+77
0.0572	0.1408	2.08795976640382e+78
0.0594	0.1408	-1.01032713713042e+79
0.0616	0.1408	4.64226551402551e+79
0.0638	0.1408	-2.00356695475242e+80
0.066	0.1408	8.00856847591293e+80
0.0682	0.1408	-2.9107539972054e+81
0.0704	0.1408	9.39843770399761e+81
0.0726	0.1408	-2.62781770683099e+82
0.0748	0.1408	6.29284065770696e+82
0.077	0.1408	1.06160564005045e+83
0.0792	0.1408	1.24990122117295e+83
0.0814	0.1408	1.73943934150453e+83
0.0836	0.1408	2.03248942425044e+83
0.0858	0.1408	2.59706727200343e+83
0.088	0.1408	3.04365679509538e+83
0.0902	0.1408	3.75717793945047e+83
0.0924	0.1408	3.97807786537808e+83
0.0946	0.1408	4.63653999064549e+83
0.0968	0.1408	5.25347000883473e+83
0.099	0.1408	6.05529005927645e+83
0.1012	0.1408	6.83091891675409e+83
0.1034	0.1408	7.78947260189746e+83
0.1056	0.1408	8.76832920204299e+83
0.1078	0.1408	9.85397566722424e+83
0.11	0.1408	1.10484741984057e+84
0	0.144	-2.27367267361213e+67
0.0022	0.144	8.36791330251842e+67
0.0044	0.144	-5.74524653225255e+67
0.0066	0.144	4.55914925326402e+67
0.0088	0.144	9.55898336553461e+67
0.011	0.144	-7.25171462277103e+68
0.0132	0.144	7.79295910421749e+68
0.0154	0.144	-8.66575808580899e+68
0.0176	0.144	1.69538330205203e+69
0.0198	0.144	-1.45525670187445e+69
0.022	0.144	1.23037313518893e+69
0.0242	0.144	-1.46073583219325e+69
0.0264	0.144	6.00808627077149e+68
0.0286	0.144	1.24476283849987e+69
0.0308	0.144	-5.08757043428594e+69
0.033	0.144	1.35613880662736e+70
0.0352	0.144	-4.34354746624909e+70
0.0374	0.144	1.82320317025371e+71
0.0396	0.144	-9.26580740574176e+71
0.0418	0.144	5.21562693223253e+72
0.044	0.144	-2.97659785491999e+73
0.0462	0.144	1.67631329773683e+74
0.0484	0.144	-9.24602204780555e+74
0.0506	0.144	4.97519356265018e+75
0.0528	0.144	-2.60165082043954e+76
0.055	0.144	1.31619536619243e+77
0.0572	0.144	-6.4068630319193e+77
0.0594	0.144	2.98048923262637e+78
0.0616	0.144	-1.31394718951518e+79
0.0638	0.144	5.43105001029897e+79
0.066	0.144	-2.0764498439334e+80
0.0682	0.144	7.21911118018015e+80
0.0704	0.144	-2.23624536037737e+81
0.0726	0.144	6.0510375016063e+81
0.0748	0.144	-1.42592653504254e+82
0.077	0.144	-2.57216714794117e+82
0.0792	0.144	-3.08374475914645e+82
0.0814	0.144	-4.39198131450326e+82
0.0836	0.144	-5.19530480088529e+82
0.0858	0.144	-6.71665518987892e+82
0.088	0.144	-7.94388616361336e+82
0.0902	0.144	-9.87838923210648e+82
0.0924	0.144	-1.05412994120111e+83
0.0946	0.144	-1.23506887603857e+83
0.0968	0.144	-1.40770744793627e+83
0.099	0.144	-1.62930237942891e+83
0.1012	0.144	-1.84706425077315e+83
0.1034	0.144	-2.11359522497068e+83
0.1056	0.144	-2.38896586579841e+83
0.1078	0.144	-2.69359360900205e+83
0.11	0.144	-3.03065124590832e+83
0	0.1472	2.47502823424455e+67
0.0022	0.1472	-1.77392505130348e+67
0.0044	0.1472	6.41511577458883e+67
0.0066	0.1472	-7.6066241158385e+66
0.0088	0.1472	-2.8847344256916e+67
0.011	0.1472	1.47060247390788e+68
0.0132	0.1472	-1.67549626193494e+68
0.0154	0.1472	1.96601834123447e+68
0.0176	0.1472	-3.45967396710668e+68
0.0198	0.1472	3.09495170902976e+68
0.022	0.1472	-2.67801596682382e+68
0.0242	0.1472	2.91292430669566e+68
0.0264	0.1472	-1.02305934960296e+68
0.0286	0.1472	-3.23306930917145e+68
0.0308	0.1472	1.26662079039612e+69
0.033	0.1472	-3.77550426254993e+69
0.0352	0.1472	1.3969306127033e+70
0.0374	0.1472	-6.51100812225446e+70
0.0396	0.1472	3.45323923968081e+71
0.0418	0.1472	-1.92703774621181e+72
0.044	0.1472	1.07422206057549e+73
0.0462	0.1472	-5.88654094320849e+73
0.0484	0.1472	3.15363684926339e+74
0.0506	0.1472	-1.64568418786e+75
0.0528	0.1472	8.33252451378863e+75
0.055	0.1472	-4.07489749737995e+76
0.0572	0.1472	1.91410436226414e+77
0.0594	0.1472	-8.57801110343159e+77
0.0616	0.1472	3.63708375679371e+78
0.0638	0.1472	-1.44396577002347e+79
0.066	0.1472	5.29901324283475e+79
0.0682	0.1472	-1.76947994538273e+80
0.0704	0.1472	5.28195195645638e+80
0.0726	0.1472	-1.38773907904084e+81
0.0748	0.1472	3.20738853403834e+81
0.077	0.1472	6.2428200241338e+81
0.0792	0.1472	7.62868685359982e+81
0.0814	0.1472	1.11199247150385e+82
0.0836	0.1472	1.33150306891226e+82
0.0858	0.1472	1.74078221737234e+82
0.088	0.1472	2.07703078055347e+82
0.0902	0.1472	2.6006137247356e+82
0.0924	0.1472	2.79585615415291e+82
0.0946	0.1472	3.29171537840477e+82
0.0968	0.1472	3.77268232725566e+82
0.099	0.1472	4.38333295513533e+82
0.1012	0.1472	4.99197638890357e+82
0.1034	0.1472	5.73072123202002e+82
0.1056	0.1472	6.50198778653187e+82
0.1078	0.1472	7.35339374932239e+82
0.11	0.1472	8.30025681385646e+82
0	0.1504	-1.63513040430919e+67
0.0022	0.1504	1.41226116413498e+67
0.0044	0.1504	-1.29421427417445e+67
0.0066	0.1504	1.44552305296868e+66
0.0088	0.1504	7.67803951198726e+66
0.011	0.1504	-3.01681571816583e+67
0.0132	0.1504	3.60514141128422e+67
0.0154	0.1504	-4.3878074862218e+67
0.0176	0.1504	7.10676825783333e+67
0.0198	0.1504	-6.57065458326218e+67
0.022	0.1504	5.77338987512515e+67
0.0242	0.1504	-5.79558853183686e+67
0.0264	0.1504	1.54060229196106e+67
0.0286	0.1504	8.55405874907806e+67
0.0308	0.1504	-3.33216663877238e+68
0.033	0.1504	1.12663912090262e+69
0.0352	0.1504	-4.71533852165636e+69
0.0374	0.1504	2.34456652962573e+70
0.0396	0.1504	-1.2605218360248e+71
0.0418	0.1504	6.92264400618837e+71
0.044	0.1504	-3.76597440375659e+72
0.0462	0.1504	2.00880948732575e+73
0.0484	0.1504	-1.04602865522935e+74
0.0506	0.1504	5.29835408068175e+74
0.0528	0.1504	-2.60032562927416e+75
0.055	0.1504	1.23083077819408e+76
0.0572	0.1504	-5.58785160320961e+76
0.0594	0.1504	2.41684550122905e+77
0.0616	0.1504	-9.87751825975077e+77
0.0638	0.1504	3.77640823788891e+78
0.066	0.1504	-1.33423957786727e+79
0.0682	0.1504	4.29377469000489e+79
0.0704	0.1504	-1.23905999313358e+80
0.0726	0.1504	3.16415699548442e+80
0.0748	0.1504	-7.12149803429046e+80
0.077	0.1504	-1.51542859758271e+81
0.0792	0.1504	-1.89011559019588e+81
0.0814	0.1504	-2.82102097885848e+81
0.0836	0.1504	-3.41942815406465e+81
0.0858	0.1504	-4.51924817278739e+81
0.088	0.1504	-5.43853209939993e+81
0.0902	0.1504	-6.85401554939332e+81
0.0924	0.1504	-7.42126828207925e+81
0.0946	0.1504	-8.77747513496307e+81
0.0968	0.1504	-1.01129786792562e+82
0.099	0.1504	-1.17921895590772e+82
0.1012	0.1504	-1.34875851041226e+82
0.1034	0.1504	-1.55303705506091e+82
0.1056	0.1504	-1.76833002048368e+82
0.1078	0.1504	-2.00557424362198e+82
0.11	0.1504	-2.27066453109885e+82
0	0.1536	3.75897369672022e+66
0.0022	0.1536	-2.63863752835908e+66
0.0044	0.1536	2.49512377673766e+66
0.0066	0.1536	-2.4397153966458e+65
0.0088	0.1536	-1.91456806257349e+66
0.011	0.1536	6.25521550629588e+66
0.0132	0.1536	-7.77407872897002e+66
0.0154	0.1536	9.69760679265696e+66
0.0176	0.1536	-1.47038431906395e+67
0.0198	0.1536	1.39513259901149e+67
0.022	0.1536	-1.23657935650283e+67
0.0242	0.1536	1.14757259173104e+67
0.0264	0.1536	-1.59169863591344e+66
0.0286	0.1536	-2.35003182425414e+67
0.0308	0.1536	9.39863622895811e+67
0.033	0.1536	-3.59707468689665e+68
0.0352	0.1536	1.64806621914824e+69
0.0374	0.1536	-8.46894182260758e+69
0.0396	0.1536	4.5392069278845e+70
0.0418	0.1536	-2.44304489738423e+71
0.044	0.1536	1.29593031291133e+72
0.0462	0.1536	-6.72816604244264e+72
0.0484	0.1536	3.40578734765481e+73
0.0506	0.1536	-1.67501804330797e+74
0.0528	0.1536	7.97241135792884e+74
0.055	0.1536	-3.65522562294913e+75
0.0572	0.1536	1.60543052514313e+76
0.0594	0.1536	-6.71021169820734e+76
0.0616	0.1536	2.64767025510387e+77
0.0638	0.1536	-9.76711464765647e+77
0.066	0.1536	3.32975462737794e+78
0.0682	0.1536	-1.0350781841732e+79
0.0704	0.1536	2.89183891645283e+79
0.0726	0.1536	-7.16237161178308e+79
0.0748	0.1536	1.54825101836278e+80
0.077	0.1536	3.68209686062792e+80
0.0792	0.1536	4.69824873337487e+80
0.0814	0.1536	7.18909124444679e+80
0.0836	0.1536	8.82595286465302e+80
0.0858	0.1536	1.1792656046938e+81
0.088	0.1536	1.43148900546933e+81
0.0902	0.1536	1.81563561483249e+81
0.0924	0.1536	1.97974484080951e+81
0.0946	0.1536	2.35184556489877e+81
0.0968	0.1536	2.72358284422329e+81
0.099	0.1536	3.18674944354248e+81
0.1012	0.1536	3.66016088352202e+81
0.1034	0.1536	4.22664016003401e+81
0.1056	0.1536	4.82911466998668e+81
0.1078	0.1536	5.49179157574769e+81
0.11	0.1536	6.2358023828261e+81
0	0.1568	-8.61548599252673e+65
0.0022	0.1568	5.53768692348891e+65
0.0044	0.1568	-5.04648970965064e+65
0.0066	0.1568	3.14581956977906e+64
0.0088	0.1568	4.86580475264639e+65
0.011	0.1568	-1.36412843410417e+66
0.0132	0.1568	1.7474088531233e+66
0.0154	0.1568	-2.21449046077832e+66
0.0176	0.1568	3.17652873023316e+66
0.0198	0.1568	-3.07706754236928e+66
0.022	0.1568	2.73399629862216e+66
0.0242	0.1568	-2.32084501384527e+66
0.0264	0.1568	-1.87735686382785e+65
0.0286	0.1568	7.21481384334294e+66
0.0308	0.1568	-3.04000233158377e+67
0.033	0.1568	1.29928229937446e+68
0.0352	0.1568	-6.31681289788823e+68
0.0374	0.1568	3.28201689450259e+69
0.0396	0.1568	-1.73527314798795e+70
0.0418	0.1568	9.11635179138656e+70
0.044	0.1568	-4.7044594565109e+71
0.0462	0.1568	2.37253316050428e+72
0.0484	0.1568	-1.16525724383829e+73
0.0506	0.1568	5.55435746184651e+73
0.0528	0.1568	-2.55938806768184e+74
0.055	0.1568	1.13480322427063e+75
0.0572	0.1568	-4.81512683772353e+75
0.0594	0.1568	1.94249667248455e+76
0.0616	0.1568	-7.39232639986413e+76
0.0638	0.1568	2.62907056401454e+77
0.066	0.1568	-8.64129282439569e+77
0.0682	0.1568	2.59053904716722e+78
0.0704	0.1568	-6.97191977418592e+78
0.0726	0.1568	1.64564313433493e+79
0.0748	0.1568	-3.19264920001132e+79
0.077	0.1568	-9.22023474150504e+79
0.0792	0.1568	-1.21549834549794e+80
0.0814	0.1568	-1.92528161618533e+80
0.0836	0.1568	-2.40237456865885e+80
0.0858	0.1568	-3.25426188899422e+80
0.088	0.1568	-3.99182580675767e+80
0.0902	0.1568	-5.10297325144147e+80
0.0924	0.1568	-5.60868773369925e+80
0.0946	0.1568	-6.6979428288335e+80
0.0968	0.1568	-7.80238191251644e+80
0.099	0.1568	-9.16612303111855e+80
0.1012	0.1568	-1.05779472152725e+81
0.1034	0.1568	-1.22556387833061e+81
0.1056	0.1568	-1.40555508300016e+81
0.1078	0.1568	-1.60325376503355e+81
0.11	0.1568	-1.82632666910196e+81
0	0.16	3.48808677928892e+65
0.0022	0.16	-2.51985256104302e+65
0.0044	0.16	1.91731158184825e+65
0.0066	0.16	-1.6083963427503e+64
0.0088	0.16	-2.22887740371971e+65
0.011	0.16	5.58981376050312e+65
0.0132	0.16	-7.21555735898158e+65
0.0154	0.16	9.18594558753638e+65
0.0176	0.16	-1.26612942611807e+66
0.0198	0.16	1.2443816496517e+66
0.022	0.16	-1.10361105293622e+66
0.0242	0.16	8.60323897314432e+65
0.0264	0.16	3.13826482760528e+65
0.0286	0.16	-3.91431031550364e+66
0.0308	0.16	1.72281557237482e+67
0.033	0.16	-7.83360702210045e+67
0.0352	0.16	3.90697415813039e+68
0.0374	0.16	-2.02966621433796e+69
0.0396	0.16	1.06023966505088e+70
0.0418	0.16	-5.47505902809649e+70
0.044	0.16	2.77169519397207e+71
0.0462	0.16	-1.36964153904547e+72
0.0484	0.16	6.58457736189529e+72
0.0506	0.16	-3.06905528350713e+73
0.0528	0.16	1.38139666927848e+74
0.055	0.16	-5.97668226528562e+74
0.0572	0.16	2.47208611370201e+75
0.0594	0.16	-9.71236834823903e+75
0.0616	0.16	3.59675744617337e+76
0.0638	0.16	-1.24408677703302e+77
0.066	0.16	3.97559854368623e+77
0.0682	0.16	-1.15822795115366e+78
0.0704	0.16	3.02163145544336e+78
0.0726	0.16	-6.82393016877192e+78
0.0748	0.16	1.18415190867918e+79
0.077	0.16	4.20400065305621e+79
0.0792	0.16	5.70001365658697e+79
0.0814	0.16	9.28061003567607e+79
0.0836	0.16	1.1731591685599e+80
0.0858	0.16	1.60603584489913e+80
0.088	0.16	1.98639137278696e+80
0.0902	0.16	2.55439205099552e+80
0.0924	0.16	2.82473585952543e+80
0.0946	0.16	3.38678708882697e+80
0.0968	0.16	3.96277573997286e+80
0.099	0.16	4.66933412278282e+80
0.1012	0.16	5.40730507940129e+80
0.1034	0.16	6.27988720102569e+80
0.1056	0.16	7.22229894869871e+80
0.1078	0.16	8.25636322850207e+80
0.11	0.16	9.42651467763713e+80
