0	0	1.42155451672405e+60
0.0022	0	-1.25307059224909e+59
0.0044	0	3.04027488310676e+59
0.0066	0	-3.97715165215619e+60
0.0088	0	8.88361821656094e+60
0.011	0	-4.60721660993433e+60
0.0132	0	3.57770400784217e+60
0.0154	0	-4.17139718677545e+60
0.0176	0	3.38609869431144e+61
0.0198	0	-3.05308354625752e+61
0.022	0	2.2648417854853e+61
0.0242	0	-2.48651370040915e+61
0.0264	0	-3.82821352148662e+60
0.0286	0	8.87440605643104e+61
0.0308	0	-2.08984870223575e+62
0.033	0	2.89680377669095e+62
0.0352	0	-4.07574582661669e+62
0.0374	0	6.0799349355112e+62
0.0396	0	-5.23857099534025e+62
0.0418	0	-3.11443492509255e+61
0.044	0	1.60987077075904e+63
0.0462	0	-6.61282510144679e+63
0.0484	0	2.28088849879242e+64
0.0506	0	-6.77171154219163e+64
0.0528	0	1.47777845249122e+65
0.055	0	-1.83197597585996e+64
0.0572	0	-2.34527765253424e+66
0.0594	0	1.87041486283654e+67
0.0616	0	-1.07657791821538e+68
0.0638	0	5.3701227871123e+68
0.066	0	-2.47690687904819e+69
0.0682	0	1.10228791582391e+70
0.0704	0	-4.9360166559257e+70
0.0726	0	2.3333712225577e+71
0.0748	0	-1.20949458595196e+72
0.077	0	-1.12743522373899e+72
0.0792	0	-1.03475899421003e+72
0.0814	0	9.02331160351985e+70
0.0836	0	-5.62783844982579e+71
0.0858	0	-1.81622711131691e+71
0.088	0	3.11618599002332e+72
0.0902	0	3.42594056275237e+71
0.0924	0	-2.8770576614678e+72
0.0946	0	-2.50035235643827e+72
0.0968	0	-1.77187495598814e+72
0.099	0	-1.27007943995296e+72
0.1012	0	-8.57118842753991e+71
0.1034	0	-5.84282291603248e+71
0.1056	0	-4.09084463614467e+71
0.1078	0	-2.48304930994447e+71
0.11	0	-1.10585851197308e+71
0	0.0032	6.31222775020735e+58
0.0022	0.0032	2.98878339727242e+60
0.0044	0.0032	7.71958867074752e+57
0.0066	0.0032	9.29889597787655e+60
0.0088	0.0032	-2.36974867795475e+61
0.011	0.0032	1.10455134472242e+61
0.0132	0.0032	-8.08451298002714e+60
0.0154	0.0032	4.03882159267211e+60
0.0176	0.0032	-8.96945514670418e+61
0.0198	0.0032	7.58561687693055e+61
0.022	0.0032	-5.35815129551531e+61
0.0242	0.0032	6.77139064501804e+61
0.0264	0.0032	-3.52146298776217e+60
0.0286	0.0032	-2.08469628163698e+62
0.0308	0.0032	5.17915645053118e+62
0.033	0.0032	-7.00209944235058e+62
0.0352	0.0032	9.80719086794188e+62
0.0374	0.0032	-1.54847546776335e+63
0.0396	0.0032	1.38957510154058e+63
0.0418	0.0032	-1.65080466921113e+62
0.044	0.0032	-3.14565497943026e+63
0.0462	0.0032	1.36449141762869e+64
0.0484	0.0032	-4.95215357864248e+64
0.0506	0.0032	1.59318255659842e+65
0.0528	0.0032	-4.17520234059883e+65
0.055	0.0032	5.89303694590463e+65
0.0572	0.0032	2.41317353592236e+66
0.0594	0.0032	-2.87516373790186e+67
0.0616	0.0032	1.84377844719181e+68
0.0638	0.0032	-9.65470971815694e+68
0.066	0.0032	4.54197483095527e+69
0.0682	0.0032	-2.01012922440218e+70
0.0704	0.0032	8.67915213843576e+70
0.0726	0.0032	-3.81532027279768e+71
0.0748	0.0032	1.81707402776136e+72
0.077	0.0032	1.68169473132421e+72
0.0792	0.0032	1.51180452150664e+72
0.0814	0.0032	-7.09132551001945e+71
0.0836	0.0032	6.13336300007048e+71
0.0858	0.0032	-9.10803695045211e+70
0.088	0.0032	-6.66363163272411e+72
0.0902	0.0032	-1.09125746271769e+72
0.0924	0.0032	5.44327204156334e+72
0.0946	0.0032	4.77175959600843e+72
0.0968	0.0032	3.37114160005371e+72
0.099	0.0032	2.41644382485902e+72
0.1012	0.0032	1.62904878468111e+72
0.1034	0.0032	1.11299029184209e+72
0.1056	0.0032	7.92597791847144e+71
0.1078	0.0032	5.14840262532083e+71
0.11	0.0032	2.88456315262084e+71
0	0.0064	-4.07255040304679e+60
0.0022	0.0064	6.79523849189856e+60
0.0044	0.0064	-9.23438905493714e+59
0.0066	0.0064	-3.64765281748007e+61
0.0088	0.0064	1.21135145257417e+62
0.011	0.0064	-4.78094427520551e+61
0.0132	0.0064	3.37512036334395e+61
0.0154	0.0064	2.25936801012945e+61
0.0176	0.0064	4.46380411535403e+62
0.0198	0.0064	-3.44689799494338e+62
0.022	0.0064	2.25442828658107e+62
0.0242	0.0064	-3.40795296821585e+62
0.0264	0.0064	8.88605532201882e+61
0.0286	0.0064	8.84401309057423e+62
0.0308	0.0064	-2.36984972479495e+63
0.033	0.0064	3.09164267941827e+63
0.0352	0.0064	-4.27520145614312e+63
0.0374	0.0064	7.27670035927652e+63
0.0396	0.0064	-6.76254749538227e+63
0.0418	0.0064	1.82943532843074e+63
0.044	0.0064	1.0429319866967e+64
0.0462	0.0064	-4.85726825244739e+64
0.0484	0.0064	1.86565669514874e+65
0.0506	0.0064	-6.49938727095473e+65
0.0528	0.0064	1.96570922943983e+66
0.055	0.0064	-4.4554790244676e+66
0.0572	0.0064	1.76977621862773e+66
0.0594	0.0064	6.07119856388951e+67
0.0616	0.0064	-5.00233361973303e+68
0.0638	0.0064	2.87288711353479e+69
0.066	0.0064	-1.40780852574878e+70
0.0682	0.0064	6.2722723971648e+70
0.0704	0.0064	-2.61811760068992e+71
0.0726	0.0064	1.0367713366969e+72
0.0748	0.0064	-3.85842152384749e+72
0.077	0.0064	-3.55016770359446e+72
0.0792	0.0064	-2.98371379055921e+72
0.0814	0.0064	4.67974179105585e+72
0.0836	0.0064	8.92273020068389e+70
0.0858	0.0064	2.39042062944941e+72
0.088	0.0064	2.54075725203117e+73
0.0902	0.0064	5.84084409937602e+72
0.0924	0.0064	-1.72770022947982e+73
0.0946	0.0064	-1.52705635114369e+73
0.0968	0.0064	-1.06980270235948e+73
0.099	0.0064	-7.64241065200757e+72
0.1012	0.0064	-5.15328096130075e+72
0.1034	0.0064	-3.55231483417393e+72
0.1056	0.0064	-2.5648198019036e+72
0.1078	0.0064	-1.75518291308772e+72
0.11	0.0064	-1.16402503289443e+72
0	0.0096	-2.36498107265051e+60
0.0022	0.0096	9.79477263076123e+59
0.0044	0.0096	1.70612828499438e+61
0.0066	0.0096	-8.67830240943263e+61
0.0088	0.0096	2.31667797010293e+62
0.011	0.0096	1.77638198846893e+62
0.0132	0.0096	-1.62012782602569e+62
0.0154	0.0096	-3.33065527650568e+62
0.0176	0.0096	-2.3205524594388e+63
0.0198	0.0096	1.62344327137058e+63
0.022	0.0096	-9.57132937311775e+62
0.0242	0.0096	1.75801634319844e+63
0.0264	0.0096	-7.60272172508805e+62
0.0286	0.0096	-3.87609771322442e+63
0.0308	0.0096	1.13561264789182e+64
0.033	0.0096	-1.42163443037417e+64
0.0352	0.0096	1.91984840029308e+64
0.0374	0.0096	-3.55258234972359e+64
0.0396	0.0096	3.37113383716883e+64
0.0418	0.0096	-1.23012106192392e+64
0.044	0.0096	-3.57004229303652e+64
0.0462	0.0096	1.78096855473028e+65
0.0484	0.0096	-7.16252021957229e+65
0.0506	0.0096	2.64740965810132e+66
0.0528	0.0096	-8.75899750555137e+66
0.055	0.0096	2.40262563253839e+67
0.0572	0.0096	-4.02430113342251e+67
0.0594	0.0096	-8.93072547259779e+67
0.0616	0.0096	1.35803138346318e+69
0.0638	0.0096	-8.99159386852429e+69
0.066	0.0096	4.70726124341566e+70
0.0682	0.0096	-2.17784271234822e+71
0.0704	0.0096	9.31852087966294e+71
0.0726	0.0096	-3.77272743607315e+72
0.0748	0.0096	1.45505335653449e+73
0.077	0.0096	1.35612786838153e+73
0.0792	0.0096	1.14837585385142e+73
0.0814	0.0096	-1.69216328495049e+73
0.0836	0.0096	-7.48420069978433e+70
0.0858	0.0096	-8.48081537095027e+72
0.088	0.0096	-9.43766227337353e+73
0.0902	0.0096	-2.21635519230712e+73
0.0924	0.0096	6.39755347103175e+73
0.0946	0.0096	5.69115015064871e+73
0.0968	0.0096	4.02209247378086e+73
0.099	0.0096	2.90490660602101e+73
0.1012	0.0096	1.98909723659234e+73
0.1034	0.0096	1.4005533885175e+73
0.1056	0.0096	1.04015118565713e+73
0.1078	0.0096	7.46835775232146e+72
0.11	0.0096	5.32583908973455e+72
0	0.0128	-9.70710526944021e+59
0.0022	0.0128	-3.2972533433288e+60
0.0044	0.0128	3.02910242635445e+61
0.0066	0.0128	-1.09116781515859e+62
0.0088	0.0128	2.46612396209523e+62
0.011	0.0128	2.73819485691207e+62
0.0132	0.0128	9.19743624861442e+62
0.0154	0.0128	2.91762578141618e+63
0.0176	0.0128	1.22343918921822e+64
0.0198	0.0128	-7.64937241612242e+63
0.022	0.0128	3.87494202318893e+63
0.0242	0.0128	-9.02569962859518e+63
0.0264	0.0128	5.28035317805908e+63
0.0286	0.0128	1.67561097044541e+64
0.0308	0.0128	-5.49219368618011e+64
0.033	0.0128	6.54930494621423e+64
0.0352	0.0128	-8.50363773104181e+64
0.0374	0.0128	1.74044432947093e+65
0.0396	0.0128	-1.67072091623627e+65
0.0418	0.0128	7.12741119091374e+64
0.044	0.0128	1.19360461488965e+65
0.0462	0.0128	-6.39758456119248e+65
0.0484	0.0128	2.68282762781835e+66
0.0506	0.0128	-1.04372407676865e+67
0.0528	0.0128	3.70154060875999e+67
0.055	0.0128	-1.14264223000656e+68
0.0572	0.0128	2.68692362502747e+68
0.0594	0.0128	-1.70780323095175e+68
0.0616	0.0128	-3.14600012790991e+69
0.0638	0.0128	2.6933923834507e+70
0.066	0.0128	-1.54901333728666e+71
0.0682	0.0128	7.53276168177039e+71
0.0704	0.0128	-3.32923046294894e+72
0.0726	0.0128	1.38579101799049e+73
0.0748	0.0128	-5.51879294560454e+73
0.077	0.0128	-5.20702765540614e+73
0.0792	0.0128	-4.43670057129753e+73
0.0814	0.0128	6.14511929886278e+73
0.0836	0.0128	-6.23654041328659e+71
0.0858	0.0128	3.03369795738502e+73
0.088	0.0128	3.52342415421392e+74
0.0902	0.0128	8.4693317465752e+73
0.0924	0.0128	-2.37474350225609e+74
0.0946	0.0128	-2.12440930307894e+74
0.0968	0.0128	-1.51129434255775e+74
0.099	0.0128	-1.10151955188951e+74
0.1012	0.0128	-7.63774960449685e+73
0.1034	0.0128	-5.46800420751356e+73
0.1056	0.0128	-4.14257568095504e+73
0.1078	0.0128	-3.06291877417372e+73
0.11	0.0128	-2.2720877695466e+73
0	0.016	8.75785496439352e+59
0.0022	0.016	-9.40875656456828e+60
0.0044	0.016	4.19294034980545e+61
0.0066	0.016	-1.29268238540917e+62
0.0088	0.016	2.59930206111129e+62
0.011	0.016	3.89826487046552e+62
0.0132	0.016	6.7684818465368e+62
0.0154	0.016	4.41950869169546e+63
0.0176	0.016	-6.55509929891546e+64
0.0198	0.016	3.60621318767538e+64
0.022	0.016	-1.44159150450789e+64
0.0242	0.016	4.61784782255117e+64
0.0264	0.016	-3.33335994828258e+64
0.0286	0.016	-7.0753222807769e+64
0.0308	0.016	2.67880322920302e+65
0.033	0.016	-3.02044329475851e+65
0.0352	0.016	3.68547831461517e+65
0.0374	0.016	-8.5531329956167e+65
0.0396	0.016	8.23919966032402e+65
0.0418	0.016	-3.83218306789091e+65
0.044	0.016	-3.89305921548268e+65
0.0462	0.016	2.24409675668507e+66
0.0484	0.016	-9.78859577531449e+66
0.0506	0.016	3.99174198660689e+67
0.0528	0.016	-1.50141479132029e+68
0.055	0.016	5.05273757662548e+68
0.0572	0.016	-1.41536651449854e+69
0.0594	0.016	2.49859465239278e+69
0.0616	0.016	4.31554716882258e+69
0.0638	0.016	-7.40092271012277e+70
0.066	0.016	4.92325565555904e+71
0.0682	0.016	-2.55441079596167e+72
0.0704	0.016	1.17053602324475e+73
0.0726	0.016	-4.99890223154824e+73
0.0748	0.016	2.03654730591341e+74
0.077	0.016	1.94417992040079e+74
0.0792	0.016	1.66091937904661e+74
0.0814	0.016	-2.27840215955126e+74
0.0836	0.016	1.07832309733942e+72
0.0858	0.016	-1.12589363815401e+74
0.088	0.016	-1.31988369960214e+75
0.0902	0.016	-3.27353823915737e+74
0.0924	0.016	8.77923697956441e+74
0.0946	0.016	7.89799300368444e+74
0.0968	0.016	5.64868467260093e+74
0.099	0.016	4.14742078656521e+74
0.1012	0.016	2.9055397686372e+74
0.1034	0.016	2.10917163499015e+74
0.1056	0.016	1.62392975514813e+74
0.1078	0.016	1.22732191217064e+74
0.11	0.016	9.36333813788729e+73
0	0.0192	-1.09335112256393e+60
0.0022	0.0192	-6.20396254995778e+60
0.0044	0.0192	2.95195739144786e+61
0.0066	0.0192	-7.07278267971764e+61
0.0088	0.0192	4.28703302624475e+61
0.011	0.0192	1.12867371977419e+63
0.0132	0.0192	-1.37933108543651e+63
0.0154	0.0192	1.07999642965694e+64
0.0176	0.0192	-8.84545424162372e+64
0.0198	0.0192	-1.57438443173713e+65
0.022	0.0192	4.44528902590718e+64
0.0242	0.0192	-2.35489448453852e+65
0.0264	0.0192	1.98589673873193e+65
0.0286	0.0192	2.87825553459332e+65
0.0308	0.0192	-1.31866682041506e+66
0.033	0.0192	1.39659939968621e+66
0.0352	0.0192	-1.54696907937326e+66
0.0374	0.0192	4.22100707632077e+66
0.0396	0.0192	-4.04909154892286e+66
0.0418	0.0192	1.97085247866098e+66
0.044	0.0192	1.25214077836736e+66
0.0462	0.0192	-7.68159190229439e+66
0.0484	0.0192	3.47830641475206e+67
0.0506	0.0192	-1.48377553049235e+68
0.0528	0.0192	5.88299148073304e+68
0.055	0.0192	-2.12239634490804e+69
0.0572	0.0192	6.6690542999952e+69
0.0594	0.0192	-1.60514646755644e+70
0.0616	0.0192	1.21911026364021e+70
0.0638	0.0192	1.71153034203175e+71
0.066	0.0192	-1.48785216510655e+72
0.0682	0.0192	8.45707112205411e+72
0.0704	0.0192	-4.04794882723559e+73
0.0726	0.0192	1.77677303172292e+74
0.0748	0.0192	-7.44967890460278e+74
0.077	0.0192	-7.1956685686694e+74
0.0792	0.0192	-6.15493163940375e+74
0.0814	0.0192	8.50756635940054e+74
0.0836	0.0192	6.30707187685242e+72
0.0858	0.0192	4.23443028681743e+74
0.088	0.0192	4.94981893569042e+75
0.0902	0.0192	1.26942461613858e+75
0.0924	0.0192	-3.23965353848866e+75
0.0946	0.0192	-2.930664661728e+75
0.0968	0.0192	-2.10581817425294e+75
0.099	0.0192	-1.5561777474492e+75
0.1012	0.0192	-1.09987640378214e+75
0.1034	0.0192	-8.07766547046552e+74
0.1056	0.0192	-6.30187101640475e+74
0.1078	0.0192	-4.84969615772728e+74
0.11	0.0192	-3.78216473393855e+74
0	0.0224	1.02294590650306e+58
0.0022	0.0224	-7.79196616874234e+60
0.0044	0.0224	3.54076274472213e+61
0.0066	0.0224	-8.16283329779752e+61
0.0088	0.0224	5.0336717591309e+61
0.011	0.0224	1.20850439206596e+63
0.0132	0.0224	-1.09714703670673e+63
0.0154	0.0224	9.83181284265653e+63
0.0176	0.0224	-8.13214108539009e+64
0.0198	0.0224	-2.04769441701604e+65
0.022	0.0224	-5.9204891068257e+64
0.0242	0.0224	1.1992866163934e+66
0.0264	0.0224	-1.13940855114542e+66
0.0286	0.0224	-1.09781481695025e+66
0.0308	0.0224	6.55552328452538e+66
0.033	0.0224	-6.48909134141488e+66
0.0352	0.0224	6.17358699841629e+66
0.0374	0.0224	-2.09431750828159e+67
0.0396	0.0224	1.98495089242794e+67
0.0418	0.0224	-9.85199476475669e+66
0.044	0.0224	-4.09193803496147e+66
0.0462	0.0224	2.5636608197262e+67
0.0484	0.0224	-1.20250480596513e+68
0.0506	0.0224	5.36342768285985e+68
0.0528	0.0224	-2.23424688598474e+69
0.055	0.0224	8.55858219524783e+69
0.0572	0.0224	-2.93250051699109e+70
0.0594	0.0224	8.35354816698426e+70
0.0616	0.0224	-1.51489027086204e+71
0.0638	0.0224	-2.27215801556053e+71
0.066	0.0224	4.14776262520562e+72
0.0682	0.0224	-2.71932541309838e+73
0.0704	0.0224	1.37712915682946e+74
0.0726	0.0224	-6.22023925606476e+74
0.0748	0.0224	2.69220447457622e+75
0.077	0.0224	2.63118171616e+75
0.0792	0.0224	2.24898869711254e+75
0.0814	0.0224	-3.20837685818749e+75
0.0836	0.0224	-9.37301438108162e+73
0.0858	0.0224	-1.62454181244161e+75
0.088	0.0224	-1.85945608331883e+76
0.0902	0.0224	-4.94909208548549e+75
0.0924	0.0224	1.19184824040817e+76
0.0946	0.0224	1.08383665800685e+76
0.0968	0.0224	7.8141008230399e+75
0.099	0.0224	5.80212685698995e+75
0.1012	0.0224	4.12612994009895e+75
0.1034	0.0224	3.05497181833192e+75
0.1056	0.0224	2.405689662306e+75
0.1078	0.0224	1.87422559081493e+75
0.11	0.0224	1.48296792088359e+75
0	0.0256	6.97620858544469e+60
0.0022	0.0256	-1.10350668240392e+61
0.0044	0.0256	2.81783342907643e+61
0.0066	0.0256	-3.5880653009594e+61
0.0088	0.0256	-1.24494866351079e+62
0.011	0.0256	1.7674241892039e+63
0.0132	0.0256	-2.51911866294913e+63
0.0154	0.0256	1.40085396580513e+64
0.0176	0.0256	-9.64841276577427e+64
0.0198	0.0256	-1.88309736195175e+65
0.022	0.0256	-1.39162857385876e+65
0.0242	0.0256	1.48460388626161e+66
0.0264	0.0256	6.17635115989003e+66
0.0286	0.0256	3.68516812407934e+66
0.0308	0.0256	-3.29261056029429e+67
0.033	0.0256	3.03924438534018e+67
0.0352	0.0256	-2.25309234234862e+67
0.0374	0.0256	1.04599337397917e+68
0.0396	0.0256	-9.71152055282978e+67
0.0418	0.0256	4.83426670382159e+67
0.044	0.0256	1.44514806885917e+67
0.0462	0.0256	-8.33070619188556e+67
0.0484	0.0256	4.03607294697792e+68
0.0506	0.0256	-1.88416340388264e+69
0.0528	0.0256	8.23613169981046e+69
0.055	0.0256	-3.33120300861064e+70
0.0572	0.0256	1.22606716660051e+71
0.0594	0.0256	-3.91715715396487e+71
0.0616	0.0256	9.54486957052867e+71
0.0638	0.0256	-7.5007822666091e+71
0.066	0.0256	-9.84710851080205e+72
0.0682	0.0256	8.38922691909203e+73
0.0704	0.0256	-4.59651978592445e+74
0.0726	0.0256	2.13352278633112e+75
0.0748	0.0256	-9.49334894317416e+75
0.077	0.0256	-9.39314264680569e+75
0.0792	0.0256	-7.99027049299409e+75
0.0814	0.0256	1.23196797259511e+76
0.0836	0.0256	8.32665404040395e+74
0.0858	0.0256	6.44749961787672e+75
0.088	0.0256	7.00685248934127e+76
0.0902	0.0256	1.94801867471658e+76
0.0924	0.0256	-4.36153878097042e+76
0.0946	0.0256	-3.98563791625306e+76
0.0968	0.0256	-2.87722065750093e+76
0.099	0.0256	-2.14119392858561e+76
0.1012	0.0256	-1.52598342494591e+76
0.1034	0.0256	-1.13360986502118e+76
0.1056	0.0256	-8.96631026494126e+75
0.1078	0.0256	-7.02552577203633e+75
0.11	0.0256	-5.59569984489894e+75
0	0.0288	-4.80884435289272e+60
0.0022	0.0288	3.40262371212932e+60
0.0044	0.0288	7.32332545010865e+60
0.0066	0.0288	9.95426433415921e+60
0.0088	0.0288	-2.32854851363602e+62
0.011	0.0288	2.07600031208397e+63
0.0132	0.0288	-2.60154325532579e+63
0.0154	0.0288	1.36520617163156e+64
0.0176	0.0288	-9.01744043217412e+64
0.0198	0.0288	-2.37302468261055e+65
0.022	0.0288	-4.35501966100736e+64
0.0242	0.0288	1.16081981031134e+66
0.0264	0.0288	7.67503317476662e+66
0.0286	0.0288	-9.61383295903445e+66
0.0308	0.0288	1.67123229308714e+68
0.033	0.0288	-1.44072212205744e+68
0.0352	0.0288	6.75976671650044e+67
0.0374	0.0288	-5.26508638410641e+68
0.0396	0.0288	4.74245106826162e+68
0.0418	0.0288	-2.34423478763622e+68
0.044	0.0288	-5.98114783259643e+67
0.0462	0.0288	2.63018275272858e+68
0.0484	0.0288	-1.31055999700104e+69
0.0506	0.0288	6.42132875035643e+69
0.0528	0.0288	-2.94722269948979e+70
0.055	0.0288	1.25455842380291e+71
0.0572	0.0288	-4.9182956775775e+71
0.0594	0.0288	1.71805335532336e+72
0.0616	0.0288	-4.95186143970746e+72
0.0638	0.0288	8.93268002055114e+72
0.066	0.0288	1.42043749308854e+73
0.0682	0.0288	-2.42780858018773e+74
0.0704	0.0288	1.50567633659832e+75
0.0726	0.0288	-7.16792382716943e+75
0.0748	0.0288	3.2207649339346e+76
0.077	0.0288	3.23109936617281e+76
0.0792	0.0288	2.7161900929672e+76
0.0814	0.0288	-4.84189414579582e+76
0.0836	0.0288	-6.06038967001177e+75
0.0858	0.0288	-2.66486655640485e+76
0.088	0.0288	-2.65161076819477e+77
0.0902	0.0288	-7.76322156613802e+76
0.0924	0.0288	1.58372655235852e+77
0.0946	0.0288	1.45352601326806e+77
0.0968	0.0288	1.04740889042456e+77
0.099	0.0288	7.7828668990347e+76
0.1012	0.0288	5.52576825864975e+76
0.1034	0.0288	4.08966386176901e+76
0.1056	0.0288	3.22596581479158e+76
0.1078	0.0288	2.51842551973623e+76
0.11	0.0288	1.9970746501321e+76
0	0.032	3.51947293102351e+60
0.0022	0.032	-8.67704400994793e+60
0.0044	0.032	2.82102062368617e+61
0.0066	0.032	-3.22422037349827e+61
0.0088	0.032	-1.33497031270135e+62
0.011	0.032	1.72547001292357e+63
0.0132	0.032	-9.20541079011432e+62
0.0154	0.032	7.8056743638136e+63
0.0176	0.032	-7.26956123810609e+64
0.0198	0.032	-3.28151260151314e+65
0.022	0.032	2.16062447464496e+65
0.0242	0.032	3.31397960125944e+65
0.0264	0.032	1.08860308484126e+67
0.0286	0.032	-2.09778810269931e+67
0.0308	0.032	2.11811274526848e+68
0.033	0.032	6.70094857379934e+68
0.0352	0.032	-9.09310850985714e+67
0.0374	0.032	2.67425220122167e+69
0.0396	0.032	-2.31066147424629e+69
0.0418	0.032	1.12916452105017e+69
0.044	0.032	2.99997447660396e+68
0.0462	0.032	-8.0351085342049e+68
0.0484	0.032	4.09397248766686e+69
0.0506	0.032	-2.11625850499301e+70
0.0528	0.032	1.02278218349811e+71
0.055	0.032	-4.57413550143164e+71
0.0572	0.032	1.90086142293471e+72
0.0594	0.032	-7.16394216507296e+72
0.0616	0.032	2.32510135979186e+73
0.0638	0.032	-5.65054815768775e+73
0.066	0.032	3.74314928618147e+73
0.0682	0.032	6.23017756963035e+74
0.0704	0.032	-4.84947084731888e+75
0.0726	0.032	2.37441584828327e+76
0.0748	0.032	-1.01847750509024e+77
0.077	0.032	-1.04011139445422e+77
0.0792	0.032	-8.51036261060475e+76
0.0814	0.032	1.96153061340261e+77
0.0836	0.032	3.99872513054254e+76
0.0858	0.032	1.15462497435547e+77
0.088	0.032	1.00962624590428e+78
0.0902	0.032	3.14543068052601e+77
0.0924	0.032	-5.68162301082773e+77
0.0946	0.032	-5.23305888957123e+77
0.0968	0.032	-3.74548998627304e+77
0.099	0.032	-2.76192762850187e+77
0.1012	0.032	-1.93422493795539e+77
0.1034	0.032	-1.40900949436651e+77
0.1056	0.032	-1.09465403774378e+77
0.1078	0.032	-8.37127853360448e+76
0.11	0.032	-6.4743271816669e+76
0	0.0352	-5.0823130207672e+60
0.0022	0.0352	7.14588691245535e+60
0.0044	0.0352	-9.96578382985639e+60
0.0066	0.0352	6.28736683077611e+61
0.0088	0.0352	-3.74018393270143e+62
0.011	0.0352	2.42944955255072e+63
0.0132	0.0352	-2.20891957988834e+63
0.0154	0.0352	1.17494927369891e+64
0.0176	0.0352	-8.20562924083126e+64
0.0198	0.0352	-3.21468730793474e+65
0.022	0.0352	9.74135877319938e+64
0.0242	0.0352	7.98729584351791e+65
0.0264	0.0352	9.48292362653893e+66
0.0286	0.0352	-1.23059238611671e+67
0.0308	0.0352	1.7532768019691e+68
0.033	0.0352	8.76962424601776e+68
0.0352	0.0352	-9.97146716195586e+68
0.0374	0.0352	-1.37210194861562e+70
0.0396	0.0352	1.12232516360873e+70
0.0418	0.0352	-5.42590833075363e+69
0.044	0.0352	-1.73098384510363e+69
0.0462	0.0352	2.35148630619633e+69
0.0484	0.0352	-1.21915061564516e+70
0.0506	0.0352	6.70824767382542e+70
0.0528	0.0352	-3.43574162078942e+71
0.055	0.0352	1.6131732081957e+72
0.0572	0.0352	-7.08713230769686e+72
0.0594	0.0352	2.86085677026021e+73
0.0616	0.0352	-1.02176004423459e+74
0.0638	0.0352	2.96241275773253e+74
0.066	0.0352	-5.03419180280481e+74
0.0682	0.0352	-1.15493816389676e+75
0.0704	0.0352	1.53916950470123e+76
0.0726	0.0352	-7.97341377972502e+76
0.0748	0.0352	2.76755021580468e+77
0.077	0.0352	2.91397119184803e+77
0.0792	0.0352	2.21885809809903e+77
0.0814	0.0352	-8.24765886531293e+77
0.0836	0.0352	-2.49187573957342e+77
0.0858	0.0352	-5.25856060831537e+77
0.088	0.0352	-3.87801512651105e+78
0.0902	0.0352	-1.302001686763e+78
0.0924	0.0352	1.99924331562626e+78
0.0946	0.0352	1.84562244980736e+78
0.0968	0.0352	1.30085699924573e+78
0.099	0.0352	9.41530173994117e+77
0.1012	0.0352	6.38111663152325e+77
0.1034	0.0352	4.46146329783965e+77
0.1056	0.0352	3.31862325918384e+77
0.1078	0.0352	2.38256564838218e+77
0.11	0.0352	1.69358851668916e+77
0	0.0384	-4.33285971474326e+60
0.0022	0.0384	-1.84593376086524e+60
0.0044	0.0384	2.61306637687051e+61
0.0066	0.0384	-4.32454863423829e+61
0.0088	0.0384	-5.27226581995099e+61
0.011	0.0384	1.3222985444014e+63
0.0132	0.0384	2.06460157922636e+63
0.0154	0.0384	-2.32680299376631e+63
0.0176	0.0384	-3.79091044553322e+64
0.0198	0.0384	-5.00147778720655e+65
0.022	0.0384	6.32603681642238e+65
0.0242	0.0384	-9.41600751706851e+65
0.0264	0.0384	1.58072255726194e+67
0.0286	0.0384	-3.49308335161622e+67
0.0308	0.0384	2.62396904340881e+68
0.033	0.0384	6.31573512176495e+68
0.0352	0.0384	3.73125953036526e+67
0.0374	0.0384	-1.91353111475554e+70
0.0396	0.0384	-5.21794033851462e+70
0.0418	0.0384	2.60677194339993e+70
0.044	0.0384	1.06364965183074e+70
0.0462	0.0384	-6.3991468008786e+69
0.0484	0.0384	3.40684112040993e+70
0.0506	0.0384	-2.02607053665475e+71
0.0528	0.0384	1.11412594343316e+72
0.055	0.0384	-5.49191919464829e+72
0.0572	0.0384	2.54712261085756e+73
0.0594	0.0384	-1.09689238252308e+74
0.0616	0.0384	4.26072411729952e+74
0.0638	0.0384	-1.40714229391778e+75
0.066	0.0384	3.33647547951659e+75
0.0682	0.0384	-7.54016896160607e+74
0.0704	0.0384	-4.77254804599536e+76
0.0726	0.0384	2.91432405598164e+77
0.0748	0.0384	-4.53166067921695e+77
0.077	0.0384	-5.318083160816e+77
0.0792	0.0384	-2.75680363442102e+77
0.0814	0.0384	3.61959362748158e+78
0.0836	0.0384	1.49907025972417e+78
0.0858	0.0384	2.51342143121667e+78
0.088	0.0384	1.50807071189585e+79
0.0902	0.0384	5.53538055622478e+78
0.0924	0.0384	-6.80985394344868e+78
0.0946	0.0384	-6.28718401020868e+78
0.0968	0.0384	-4.29241154411883e+78
0.099	0.0384	-2.97998007735838e+78
0.1012	0.0384	-1.8679226756632e+78
0.1034	0.0384	-1.16654367642093e+78
0.1056	0.0384	-7.51375877705764e+77
0.1078	0.0384	-4.11443503310585e+77
0.11	0.0384	-1.6150757549183e+77
0	0.0416	8.43837200845574e+60
0.0022	0.0416	-1.39354550391366e+61
0.0044	0.0416	2.35292223856422e+61
0.0066	0.0416	-1.56498455933418e+61
0.0088	0.0416	-1.4217640397597e+62
0.011	0.0416	1.69223064397725e+63
0.0132	0.0416	1.50332686675878e+63
0.0154	0.0416	7.01437815622156e+62
0.0176	0.0416	-4.85614522595826e+64
0.0198	0.0416	-4.78661882579287e+65
0.022	0.0416	4.16681879471155e+65
0.0242	0.0416	-2.9721566454557e+64
0.0264	0.0416	1.25586346565508e+67
0.0286	0.0416	-1.81024172648159e+67
0.0308	0.0416	1.90836250846493e+68
0.033	0.0416	9.93706627015723e+68
0.0352	0.0416	-9.99190533884979e+68
0.0374	0.0416	-1.51266867610484e+70
0.0396	0.0416	-7.75930141906067e+70
0.0418	0.0416	-1.19395043216751e+71
0.044	0.0416	-6.63905002855109e+70
0.0462	0.0416	1.45172699116002e+70
0.0484	0.0416	-8.67096020044997e+70
0.0506	0.0416	5.72472479933825e+71
0.0528	0.0416	-3.47498072548399e+72
0.055	0.0416	1.79923461623311e+73
0.0572	0.0416	-8.80392188286777e+73
0.0594	0.0416	4.03576479839847e+74
0.0616	0.0416	-1.6941849965149e+75
0.0638	0.0416	6.24003052971817e+75
0.066	0.0416	-1.81736556871838e+76
0.0682	0.0416	2.57475356704259e+76
0.0704	0.0416	1.41428354599998e+77
0.0726	0.0416	-1.54403822559109e+78
0.0748	0.0416	8.87796590216144e+78
0.077	0.0416	9.06224276832098e+78
0.0792	0.0416	7.56870784225144e+78
0.0814	0.0416	-1.60281614940064e+79
0.0836	0.0416	-3.0143329062913e+78
0.0858	0.0416	-9.74857978450183e+78
0.088	0.0416	-8.89574342777649e+79
0.0902	0.0416	-2.76873358518608e+79
0.0924	0.0416	5.24092523899339e+79
0.0946	0.0416	4.86990845080109e+79
0.0968	0.0416	3.5098778381752e+79
0.099	0.0416	2.5945704617644e+79
0.1012	0.0416	1.80762795453075e+79
0.1034	0.0416	1.29919402109075e+79
0.1056	0.0416	9.90356260419018e+78
0.1078	0.0416	7.31458090284417e+78
0.11	0.0416	5.37577408820549e+78
0	0.0448	-2.54308292595592e+60
0.0022	0.0448	9.28251009669342e+60
0.0044	0.0448	-9.97339916895896e+60
0.0066	0.0448	5.10695142280329e+61
0.0088	0.0448	-2.82739394002882e+62
0.011	0.0448	1.9162781538864e+63
0.0132	0.0448	1.80259156465612e+63
0.0154	0.0448	-4.56402217478117e+62
0.0176	0.0448	-4.67906849570646e+64
0.0198	0.0448	-5.17587257209577e+65
0.022	0.0448	4.69571151472925e+65
0.0242	0.0448	-1.43446656437609e+65
0.0264	0.0448	1.33612676337458e+67
0.0286	0.0448	-2.03061726756984e+67
0.0308	0.0448	2.03046885509704e+68
0.033	0.0448	1.02473740824477e+69
0.0352	0.0448	-9.13323711388686e+68
0.0374	0.0448	-1.71453411564795e+70
0.0396	0.0448	-8.03328769804042e+70
0.0418	0.0448	-1.49080931555853e+71
0.044	0.0448	-1.07143022642572e+71
0.0462	0.0448	6.19846212247291e+68
0.0484	0.0448	1.87935056563147e+71
0.0506	0.0448	-1.45043075857116e+72
0.0528	0.0448	1.0378087392816e+73
0.055	0.0448	-5.64868504190325e+73
0.0572	0.0448	2.91566076601376e+74
0.0594	0.0448	-1.42099025751804e+75
0.0616	0.0448	6.42253583372758e+75
0.0638	0.0448	-2.60939898518977e+76
0.066	0.0448	8.93299409116765e+76
0.0682	0.0448	-2.11510941757423e+77
0.0704	0.0448	-6.51075193814903e+76
0.0726	0.0448	4.54277931000111e+78
0.0748	0.0448	-3.26303716437979e+79
0.077	0.0448	-3.42988989255865e+79
0.0792	0.0448	-2.84722602196822e+79
0.0814	0.0448	6.59995811672127e+79
0.0836	0.0448	1.49637180062004e+79
0.0858	0.0448	4.13975545965634e+79
0.088	0.0448	3.63464492388611e+80
0.0902	0.0448	1.20307925833386e+80
0.0924	0.0448	-2.04105904368551e+80
0.0946	0.0448	-1.92231074286158e+80
0.0968	0.0448	-1.39692459548842e+80
0.099	0.0448	-1.04457868856014e+80
0.1012	0.0448	-7.38454519988534e+79
0.1034	0.0448	-5.41168306261305e+79
0.1056	0.0448	-4.21944781237377e+79
0.1078	0.0448	-3.21448328362345e+79
0.11	0.0448	-2.45605511537978e+79
0	0.048	1.0373122396417e+60
0.0022	0.048	-2.35290521891713e+60
0.0044	0.048	-3.22132167367374e+60
0.0066	0.048	2.19573563883098e+61
0.0088	0.048	-1.48403875978135e+62
0.011	0.048	1.51869746985522e+63
0.0132	0.048	3.80080225633441e+63
0.0154	0.048	-5.41893099488751e+63
0.0176	0.048	-3.20771562556993e+64
0.0198	0.048	-5.80465795709202e+65
0.022	0.048	5.2088935577441e+65
0.0242	0.048	-1.28541702031748e+65
0.0264	0.048	1.32442071617715e+67
0.0286	0.048	-1.51400647194523e+67
0.0308	0.048	1.76547128465665e+68
0.033	0.048	1.21474389502016e+69
0.0352	0.048	-1.21978672165443e+69
0.0374	0.048	-1.61897411945834e+70
0.0396	0.048	-9.46960101834662e+70
0.0418	0.048	-1.55008340440641e+71
0.044	0.048	-1.32362158493297e+71
0.0462	0.048	2.42944098709169e+70
0.0484	0.048	-2.96239802245344e+71
0.0506	0.048	2.88135551473721e+72
0.0528	0.048	-2.95224897992869e+73
0.055	0.048	1.69023065835315e+74
0.0572	0.048	-9.20530438894698e+74
0.0594	0.048	4.76640996513912e+75
0.0616	0.048	-2.31237747596864e+76
0.0638	0.048	1.02635066600912e+77
0.066	0.048	-3.98821633723975e+77
0.0682	0.048	1.22126970797696e+78
0.0704	0.048	-1.82734209498779e+78
0.0726	0.048	-9.83293633644647e+78
0.0748	0.048	1.08170209161954e+80
0.077	0.048	1.19308284533327e+80
0.0792	0.048	9.70581468735686e+79
0.0814	0.048	-2.740882266441e+80
0.0836	0.048	-7.88141774088632e+79
0.0858	0.048	-1.7977763638639e+80
0.088	0.048	-1.46604158349278e+81
0.0902	0.048	-5.24089616772036e+80
0.0924	0.048	7.63437659269081e+80
0.0946	0.048	7.31220070554471e+80
0.0968	0.048	5.3510775422566e+80
0.099	0.048	4.04429565709181e+80
0.1012	0.048	2.89451251681802e+80
0.1034	0.048	2.15761962590737e+80
0.1056	0.048	1.71667223073249e+80
0.1078	0.048	1.34310716246328e+80
0.11	0.048	1.05903217241226e+80
0	0.0512	2.80796543962688e+60
0.0022	0.0512	1.12663138547247e+61
0.0044	0.0512	-1.64740921536297e+61
0.0066	0.0512	3.39493910256823e+61
0.0088	0.0512	-1.27539000294374e+62
0.011	0.0512	1.29597651895772e+63
0.0132	0.0512	5.39312315825801e+63
0.0154	0.0512	-9.70991219235155e+63
0.0176	0.0512	-2.2324025080006e+64
0.0198	0.0512	-6.41233077601219e+65
0.022	0.0512	6.17978065985986e+65
0.0242	0.0512	-3.6022687747959e+65
0.0264	0.0512	1.44314128033237e+67
0.0286	0.0512	-1.85238898677952e+67
0.0308	0.0512	1.93861586833678e+68
0.033	0.0512	1.22491375196213e+69
0.0352	0.0512	-9.68058993142009e+68
0.0374	0.0512	-1.89747762545688e+70
0.0396	0.0512	-9.52651952213589e+70
0.0418	0.0512	-2.0701106717442e+71
0.044	0.0512	-1.02954166541949e+71
0.0462	0.0512	-2.43867348954337e+71
0.0484	0.0512	9.19954425560014e+71
0.0506	0.0512	-8.79603692507881e+72
0.0528	0.0512	7.97655055546636e+73
0.055	0.0512	-4.78696242084521e+74
0.0572	0.0512	2.75290818690414e+75
0.0594	0.0512	-1.51479614408557e+76
0.0616	0.0512	7.87834099506559e+76
0.0638	0.0512	-3.80005771201781e+77
0.066	0.0512	1.64574641745302e+78
0.0682	0.0512	-5.98952837894136e+78
0.0704	0.0512	1.50468349304862e+79
0.0726	0.0512	3.38918731541442e+78
0.0748	0.0512	-3.23583269976347e+80
0.077	0.0512	-3.87262811054778e+80
0.0792	0.0512	-3.0196938084883e+80
0.0814	0.0512	1.16306796144963e+81
0.0836	0.0512	4.15932922186323e+80
0.0858	0.0512	8.02366334281259e+80
0.088	0.0512	5.97100347666606e+81
0.0902	0.0512	2.31561876169149e+81
0.0924	0.0512	-2.8192789926872e+81
0.0946	0.0512	-2.75510360440392e+81
0.0968	0.0512	-2.02683286882499e+81
0.099	0.0512	-1.54592929000952e+81
0.1012	0.0512	-1.11641057863069e+81
0.1034	0.0512	-8.43497451774328e+80
0.1056	0.0512	-6.82689044583244e+80
0.1078	0.0512	-5.45840098844918e+80
0.11	0.0512	-4.41068734938709e+80
0	0.0544	-7.61037815783108e+60
0.0022	0.0544	1.47329592264607e+61
0.0044	0.0544	-3.49032377761825e+61
0.0066	0.0544	4.78219428738173e+61
0.0088	0.0544	-8.49597855903706e+61
0.011	0.0544	1.17011205029742e+63
0.0132	0.0544	6.4603272619738e+63
0.0154	0.0544	-1.08276178452547e+64
0.0176	0.0544	-2.23173778162459e+64
0.0198	0.0544	-6.5240127958375e+65
0.022	0.0544	4.70933070765169e+65
0.0242	0.0544	3.51988930148032e+65
0.0264	0.0544	1.19017093750936e+67
0.0286	0.0544	-4.18797971808084e+66
0.0308	0.0544	1.33192560675568e+68
0.033	0.0544	1.54741166153505e+69
0.0352	0.0544	-1.72477923843012e+69
0.0374	0.0544	-1.63849646087246e+70
0.0396	0.0544	-1.17732941962442e+71
0.0418	0.0544	-1.90190576500683e+71
0.044	0.0544	-2.75716696716127e+71
0.0462	0.0544	3.98412019041591e+71
0.0484	0.0544	-2.41840508823258e+72
0.0506	0.0544	2.25593974535614e+73
0.0528	0.0544	-2.01566394875969e+74
0.055	0.0544	1.27099308109602e+75
0.0572	0.0544	-7.72928953374485e+75
0.0594	0.0544	4.52511779415264e+76
0.0616	0.0544	-2.52412456098547e+77
0.0638	0.0544	1.32077763342564e+78
0.066	0.0544	-6.32254461832169e+78
0.0682	0.0544	2.64346948797847e+79
0.0704	0.0544	-8.64979085388699e+79
0.0726	0.0544	1.35380031188012e+80
0.0748	0.0544	7.68346511195015e+80
0.077	0.0544	1.10548559813344e+81
0.0792	0.0544	7.7535677742974e+80
0.0814	0.0544	-5.05650985466651e+81
0.0836	0.0544	-2.19180613562744e+81
0.0858	0.0544	-3.68098852216305e+81
0.088	0.0544	-2.46553591753652e+82
0.0902	0.0544	-1.0404636436243e+82
0.0924	0.0544	1.02451956300959e+82
0.0946	0.0544	1.02654307444232e+82
0.0968	0.0544	7.57104871662625e+81
0.099	0.0544	5.81431665124516e+81
0.1012	0.0544	4.21633930314e+81
0.1034	0.0544	3.2140857263251e+81
0.1056	0.0544	2.63740225511864e+81
0.1078	0.0544	2.14488016463734e+81
0.11	0.0544	1.76574224099603e+81
0	0.0576	1.21596107510751e+61
0.0022	0.0576	6.48908356348323e+60
0.0044	0.0576	4.63050195583746e+60
0.0066	0.0576	-8.46962826983969e+61
0.0088	0.0576	3.47624608364927e+62
0.011	0.0576	-2.17595509330017e+62
0.0132	0.0576	1.15136977857949e+64
0.0154	0.0576	-2.50372671453935e+64
0.0176	0.0576	1.76121883348539e+64
0.0198	0.0576	-8.09898584241035e+65
0.022	0.0576	8.68370709532941e+65
0.0242	0.0576	-8.91641730126976e+65
0.0264	0.0576	1.66544504132716e+67
0.0286	0.0576	-2.0952236820945e+67
0.0308	0.0576	2.03193754247503e+68
0.033	0.0576	1.34950533951335e+69
0.0352	0.0576	-5.57613282631173e+68
0.0374	0.0576	-2.2937607205298e+70
0.0396	0.0576	-1.0413417287097e+71
0.0418	0.0576	-3.16095377296452e+71
0.044	0.0576	3.2569596408635e+70
0.0462	0.0576	-1.19804098990905e+72
0.0484	0.0576	5.68003622554522e+72
0.0506	0.0576	-5.2922686874762e+73
0.0528	0.0576	4.70309259242735e+74
0.055	0.0576	-3.12218328059922e+75
0.0572	0.0576	2.01174026279606e+76
0.0594	0.0576	-1.2556655876309e+77
0.0616	0.0576	7.52572812699453e+77
0.0638	0.0576	-4.27563023895516e+78
0.066	0.0576	2.25695999212889e+79
0.0682	0.0576	-1.06925521908337e+80
0.0704	0.0576	4.23263404992659e+80
0.0726	0.0576	-1.12920774912882e+81
0.0748	0.0576	-5.39170272033031e+80
0.077	0.0576	-2.24822107264242e+81
0.0792	0.0576	-9.49268828331849e+80
0.0814	0.0576	2.2539507682888e+82
0.0836	0.0576	1.15246993814848e+82
0.0858	0.0576	1.73305487154309e+82
0.088	0.0576	1.03564880617186e+83
0.0902	0.0576	4.76575101117826e+82
0.0924	0.0576	-3.6306266554217e+82
0.0946	0.0576	-3.76125528189955e+82
0.0968	0.0576	-2.76924252618858e+82
0.099	0.0576	-2.13410560419816e+82
0.1012	0.0576	-1.5427326762441e+82
0.1034	0.0576	-1.17899505747492e+82
0.1056	0.0576	-9.77366294618868e+81
0.1078	0.0576	-8.04815304720711e+81
0.11	0.0576	-6.7150997455284e+81
0	0.0608	-2.53636596149838e+61
0.0022	0.0608	4.61828299465492e+61
0.0044	0.0608	-8.79030051186658e+61
0.0066	0.0608	1.17474112509226e+62
0.0088	0.0608	-1.65280426604984e+62
0.011	0.0608	1.4440936152516e+63
0.0132	0.0608	6.63390988303709e+63
0.0154	0.0608	-5.54928521050504e+63
0.0176	0.0608	-5.31638431460158e+64
0.0198	0.0608	-5.80684173348291e+65
0.022	0.0608	-1.17685087998712e+65
0.0242	0.0608	2.70083915319546e+66
0.0264	0.0608	4.14699107208854e+66
0.0286	0.0608	3.08776074978055e+67
0.0308	0.0608	9.4585576922541e+65
0.033	0.0608	2.21633008914608e+69
0.0352	0.0608	-3.3578074233155e+69
0.0374	0.0608	-1.24067030482682e+70
0.0396	0.0608	-1.60342284000546e+71
0.0418	0.0608	-1.72293480962614e+71
0.044	0.0608	-7.51294167221001e+71
0.0462	0.0608	2.17858590766008e+72
0.0484	0.0608	-1.21894823583553e+73
0.0506	0.0608	1.12613578698132e+74
0.0528	0.0608	-9.93862840737223e+74
0.055	0.0608	6.96117105555716e+75
0.0572	0.0608	-4.764031891598e+76
0.0594	0.0608	3.17914420863951e+77
0.0616	0.0608	-2.05359727034341e+78
0.0638	0.0608	1.27054653169411e+79
0.066	0.0608	-7.4084968402252e+79
0.0682	0.0608	3.96388564952456e+80
0.0704	0.0608	-1.84974534042569e+81
0.0726	0.0608	6.6479932571237e+81
0.0748	0.0608	-9.93126556882557e+81
0.077	0.0608	-1.49854944230204e+81
0.0792	0.0608	-6.75071540417984e+81
0.0814	0.0608	-1.02974408604514e+83
0.0836	0.0608	-6.04577811297538e+82
0.0858	0.0608	-8.35557851822467e+82
0.088	0.0608	-4.44526811810058e+83
0.0902	0.0608	-2.23238568068806e+83
0.0924	0.0608	1.23370040623234e+83
0.0946	0.0608	1.34269451834752e+83
0.0968	0.0608	9.79949398568332e+82
0.099	0.0608	7.53871734494776e+82
0.1012	0.0608	5.36600384566652e+82
0.1034	0.0608	4.06917399985878e+82
0.1056	0.0608	3.39310831696885e+82
0.1078	0.0608	2.8151042587055e+82
0.11	0.0608	2.36824078193037e+82
0	0.064	2.1270467311626e+61
0.0022	0.064	-1.07685164981641e+61
0.0044	0.064	7.85491353934245e+61
0.0066	0.064	-3.71768869400001e+62
0.0088	0.064	1.31350695199087e+63
0.011	0.064	-3.09294001603504e+63
0.0132	0.064	2.16043185402039e+64
0.0154	0.064	-5.1211553450598e+64
0.0176	0.064	9.04160963498866e+64
0.0198	0.064	-1.08917649264844e+66
0.022	0.064	1.46647588224918e+66
0.0242	0.064	-2.6714441383857e+66
0.0264	0.064	2.35912319936246e+67
0.0286	0.064	-4.20541126546327e+67
0.0308	0.064	2.90624568791337e+68
0.033	0.064	1.15206719736029e+69
0.0352	0.064	1.35516806531967e+69
0.0374	0.064	-3.33411488157494e+70
0.0396	0.064	-8.91817083798144e+70
0.0418	0.064	-5.5701748123767e+71
0.044	0.064	6.29283976795294e+71
0.0462	0.064	-4.49871738230084e+72
0.0484	0.064	2.30257309331613e+73
0.0506	0.064	-2.11704248668475e+74
0.0528	0.064	1.84664348172296e+75
0.055	0.064	-1.36782319424247e+76
0.0572	0.064	9.971231252209e+76
0.0594	0.064	-7.13939899010788e+77
0.0616	0.064	4.99190991813107e+78
0.0638	0.064	-3.38012331941138e+79
0.066	0.064	2.18855648799346e+80
0.0682	0.064	-1.32741435247664e+81
0.0704	0.064	7.26613477778356e+81
0.0726	0.064	-3.3090105383207e+82
0.0748	0.064	9.57260398987323e+82
0.077	0.064	5.49320190651887e+82
0.0792	0.064	7.71311242107916e+82
0.0814	0.064	4.81812686860616e+83
0.0836	0.064	3.1658861972309e+83
0.0858	0.064	4.11977566329333e+83
0.088	0.064	1.96298342489078e+84
0.0902	0.064	1.07488409443721e+84
0.0924	0.064	-3.88013044259358e+83
0.0946	0.064	-4.59607385615044e+83
0.0968	0.064	-3.28304719897172e+83
0.099	0.064	-2.49850084972814e+83
0.1012	0.064	-1.70826221138394e+83
0.1034	0.064	-1.25890719284171e+83
0.1056	0.064	-1.04929053964987e+83
0.1078	0.064	-8.71483419562171e+82
0.11	0.064	-7.34576203963072e+82
0	0.0672	-1.64010333185983e+61
0.0022	0.0672	5.47358045733606e+61
0.0044	0.0672	-1.02385170711267e+62
0.0066	0.0672	1.30221428868563e+62
0.0088	0.0672	-2.26977658302849e+62
0.011	0.0672	2.11899391748138e+63
0.0132	0.0672	4.47028082662869e+63
0.0154	0.0672	1.11609996169322e+64
0.0176	0.0672	-1.29125778891962e+65
0.0198	0.0672	-3.46648562287462e+65
0.022	0.0672	-1.31836681166132e+66
0.0242	0.0672	7.18154272948035e+66
0.0264	0.0672	-1.09755496349409e+67
0.0286	0.0672	9.38682081080997e+67
0.0308	0.0672	-2.35707862241369e+68
0.033	0.0672	3.28789736041312e+69
0.0352	0.0672	-6.40496320785932e+69
0.0374	0.0672	-2.85503799687794e+69
0.0396	0.0672	-2.299635115603e+71
0.0418	0.0672	-6.7721342126135e+70
0.044	0.0672	-1.77623691033047e+72
0.0462	0.0672	6.50713243032905e+72
0.0484	0.0672	-3.7105436500362e+73
0.0506	0.0672	3.36321155076228e+74
0.0528	0.0672	-2.8701805500645e+75
0.055	0.0672	2.25384132068786e+76
0.0572	0.0672	-1.75580839501096e+77
0.0594	0.0672	1.35461535320694e+78
0.0616	0.0672	-1.03097195066211e+79
0.0638	0.0672	7.69538457336577e+79
0.066	0.0672	-5.58252786899712e+80
0.0682	0.0672	3.87800135266418e+81
0.0704	0.0672	-2.51230692313867e+82
0.0726	0.0672	1.43714574423403e+83
0.0748	0.0672	-6.24318849079514e+83
0.077	0.0672	-4.31592182689233e+83
0.0792	0.0672	-5.32244991602412e+83
0.0814	0.0672	-2.31236638907285e+84
0.0836	0.0672	-1.65918970518037e+84
0.0858	0.0672	-2.08353466903602e+84
0.088	0.0672	-9.0290871475563e+84
0.0902	0.0672	-5.37296473989555e+84
0.0924	0.0672	1.02722956162936e+84
0.0946	0.0672	1.46539026476584e+84
0.0968	0.0672	9.97656928592958e+83
0.099	0.0672	7.3765582939316e+83
0.1012	0.0672	4.54096470778692e+83
0.1034	0.0672	3.0598727351606e+83
0.1056	0.0672	2.51870654680683e+83
0.1078	0.0672	2.0732974699598e+83
0.11	0.0672	1.73461519576904e+83
0	0.0704	-4.73816162872471e+61
0.0022	0.0704	5.04722520217963e+61
0.0044	0.0704	2.24193138956855e+61
0.0066	0.0704	-3.55198130795529e+62
0.0088	0.0704	1.42809851533682e+63
0.011	0.0704	-3.34770267677407e+63
0.0132	0.0704	2.35632626584092e+64
0.0154	0.0704	-5.06740948084078e+64
0.0176	0.0704	7.83804520940595e+64
0.0198	0.0704	-1.10578763283742e+66
0.022	0.0704	1.21098087989547e+66
0.0242	0.0704	-1.80455643082208e+66
0.0264	0.0704	2.23540051228883e+67
0.0286	0.0704	-3.57138339765821e+67
0.0308	0.0704	2.89762488818926e+68
0.033	0.0704	1.23617497245252e+69
0.0352	0.0704	2.58214818396986e+69
0.0374	0.0704	-4.21165558997885e+70
0.0396	0.0704	-8.07517395989353e+70
0.0418	0.0704	-8.21328081813088e+71
0.044	0.0704	1.24630423589988e+72
0.0462	0.0704	-8.57918041417194e+72
0.0484	0.0704	4.69951215533255e+73
0.0506	0.0704	-4.1478095977776e+74
0.0528	0.0704	3.37472233550101e+75
0.055	0.0704	-2.81902605098868e+76
0.0572	0.0704	2.35626159301924e+77
0.0594	0.0704	-1.96870069014563e+78
0.0616	0.0704	1.6423800726069e+79
0.0638	0.0704	-1.36491073878735e+80
0.066	0.0704	1.12509056275069e+81
0.0682	0.0704	-9.12506735251516e+81
0.0704	0.0704	7.17089343865194e+82
0.0726	0.0704	-5.28595111520207e+83
0.0748	0.0704	3.35989133529784e+84
0.077	0.0704	2.50392570381604e+84
0.0792	0.0704	3.01107447672559e+84
0.0814	0.0704	1.15745351904096e+85
0.0836	0.0704	8.8073828741114e+84
0.0858	0.0704	1.10370332357652e+85
0.088	0.0704	4.45480337035954e+85
0.0902	0.0704	2.85267001724579e+85
0.0924	0.0704	-1.47514572221859e+84
0.0946	0.0704	-4.18302604746514e+84
0.0968	0.0704	-2.55288878191586e+84
0.099	0.0704	-1.76490618868808e+84
0.1012	0.0704	-7.53124363611176e+83
0.1034	0.0704	-3.04764611784743e+83
0.1056	0.0704	-2.37955120958396e+83
0.1078	0.0704	-1.94416568796981e+83
0.11	0.0704	-1.61296610960909e+83
0	0.0736	9.30163505730395e+61
0.0022	0.0736	-1.08053651465068e+62
0.0044	0.0736	2.53968262296743e+62
0.0066	0.0736	-7.66399245832814e+62
0.0088	0.0736	2.14394543249911e+63
0.011	0.0736	-4.1053416422042e+63
0.0132	0.0736	2.30410356784778e+64
0.0154	0.0736	-3.56105241687009e+64
0.0176	0.0736	-1.4252181646998e+63
0.0198	0.0736	-7.88424295337203e+65
0.022	0.0736	-2.8252681057221e+65
0.0242	0.0736	4.02300859914428e+66
0.0264	0.0736	5.9962935486235e+65
0.0286	0.0736	5.67689514084654e+67
0.0308	0.0736	-8.966999550943e+67
0.033	0.0736	2.89547559585914e+69
0.0352	0.0736	-3.6458642539649e+69
0.0374	0.0736	-1.58054691060265e+70
0.0396	0.0736	-2.16568300577924e+71
0.0418	0.0736	-3.21800689929039e+71
0.044	0.0736	-1.56245383347314e+72
0.0462	0.0736	5.56114946972428e+72
0.0484	0.0736	-3.92012289652492e+73
0.0506	0.0736	3.15970892351276e+74
0.0528	0.0736	-2.18886370561257e+75
0.055	0.0736	1.98264493936312e+76
0.0572	0.0736	-1.80361694525571e+77
0.0594	0.0736	1.64920058600491e+78
0.0616	0.0736	-1.52376055797398e+79
0.0638	0.0736	1.4306884499152e+80
0.066	0.0736	-1.3731984988363e+81
0.0682	0.0736	1.35511608846126e+82
0.0704	0.0736	-1.38164400113235e+83
0.0726	0.0736	1.46019356715897e+84
0.0748	0.0736	-1.60137208143803e+85
0.077	0.0736	-1.28155881206728e+85
0.0792	0.0736	-1.58845873460356e+85
0.0814	0.0736	-6.76548632836971e+85
0.0836	0.0736	-4.95249824527861e+85
0.0858	0.0736	-6.85666529036678e+85
0.088	0.0736	-2.60003284751611e+86
0.0902	0.0736	-1.69201282507639e+86
0.0924	0.0736	-6.31360126281377e+83
0.0946	0.0736	1.68345317385886e+85
0.0968	0.0736	9.77190333899888e+84
0.099	0.0736	6.67602063737839e+84
0.1012	0.0736	1.90546000522247e+84
0.1034	0.0736	3.73892379843138e+82
0.1056	0.0736	9.3777663946943e+82
0.1078	0.0736	1.95836608617705e+83
0.11	0.0736	2.37128467464899e+83
0	0.0768	-1.30032582022748e+62
0.0022	0.0768	2.0361729729868e+62
0.0044	0.0768	-3.48375110238771e+62
0.0066	0.0768	6.71738351375893e+62
0.0088	0.0768	-1.70269710938664e+63
0.011	0.0768	6.95650026984249e+63
0.0132	0.0768	-8.95126732967071e+63
0.0154	0.0768	6.48085052901353e+64
0.0176	0.0768	-3.16005433777824e+65
0.0198	0.0768	1.52223911394188e+65
0.022	0.0768	-3.37333422750676e+66
0.0242	0.0768	1.3717586300941e+67
0.0264	0.0768	-2.92708489434289e+67
0.0286	0.0768	1.58375527888932e+68
0.0308	0.0768	-4.17190736978448e+68
0.033	0.0768	4.01163256544909e+69
0.0352	0.0768	-6.39004536232034e+69
0.0374	0.0768	-1.09895696060005e+70
0.0396	0.0768	-2.36301283964766e+71
0.0418	0.0768	-4.51886086312106e+71
0.044	0.0768	-1.0348907297527e+72
0.0462	0.0768	2.72497065899593e+69
0.0484	0.0768	5.33343681001043e+72
0.0506	0.0768	3.17757251575815e+73
0.0528	0.0768	-1.11528573605159e+75
0.055	0.0768	7.88433099286186e+75
0.0572	0.0768	-5.73078385072919e+76
0.0594	0.0768	4.52479092923047e+77
0.0616	0.0768	-4.0481613279818e+78
0.0638	0.0768	4.16142571986812e+79
0.066	0.0768	-4.79184066031817e+80
0.0682	0.0768	5.92597167949442e+81
0.0704	0.0768	-7.60789561886922e+82
0.0726	0.0768	9.94283109724315e+83
0.0748	0.0768	-1.3106484739577e+85
0.077	0.0768	-1.28311229542093e+85
0.0792	0.0768	-1.22832492390298e+85
0.0814	0.0768	-5.73404799149023e+85
0.0836	0.0768	-4.82913388521802e+85
0.0858	0.0768	-4.74393397119233e+85
0.088	0.0768	-2.01133695224773e+86
0.0902	0.0768	-1.68120895666562e+86
0.0924	0.0768	-2.74007367176066e+85
0.0946	0.0768	1.52339762084413e+85
0.0968	0.0768	6.84371766798851e+84
0.099	0.0768	1.99255188519709e+84
0.1012	0.0768	-1.38081626478578e+84
0.1034	0.0768	-4.79681309883335e+81
0.1056	0.0768	1.77101232462343e+83
0.1078	0.0768	2.59124873492228e+83
0.11	0.0768	2.93970856649591e+83
0	0.08	1.04451637465757e+62
0.0022	0.08	-2.13975975758552e+62
0.0044	0.08	5.97106684090286e+62
0.0066	0.08	-1.80545206285125e+63
0.0088	0.08	5.29869182860735e+63
0.011	0.08	-1.36227080556626e+64
0.0132	0.08	5.47411432051182e+64
0.0154	0.08	-1.31481237572847e+65
0.0176	0.08	3.12143560487922e+65
0.0198	0.08	-1.93244258024586e+66
0.022	0.08	3.32770933259757e+66
0.0242	0.08	-8.68473823201676e+66
0.0264	0.08	4.78372218529379e+67
0.0286	0.08	-1.22181438273786e+68
0.0308	0.08	6.30224211754222e+68
0.033	0.08	1.73815771976347e+68
0.0352	0.08	8.8368365458494e+69
0.0374	0.08	-6.89301708566847e+70
0.0396	0.08	-3.97677092507111e+70
0.0418	0.08	-1.31788120361331e+72
0.044	0.08	1.71133633567628e+72
0.0462	0.08	-1.04623931216807e+73
0.0484	0.08	4.16190523484954e+73
0.0506	0.08	-4.73743998629738e+74
0.0528	0.08	4.73068990085601e+75
0.055	0.08	-3.60167552010656e+76
0.0572	0.08	2.72537155727806e+77
0.0594	0.08	-2.04781385683243e+78
0.0616	0.08	1.51244143899926e+79
0.0638	0.08	-1.0727986737845e+80
0.066	0.08	6.88969041341046e+80
0.0682	0.08	-3.24327432117525e+81
0.0704	0.08	-5.7460874588667e+81
0.0726	0.08	4.9544315913894e+83
0.0748	0.08	-1.0346324317174e+85
0.077	0.08	-1.60802363743316e+85
0.0792	0.08	-1.90555951796968e+85
0.0814	0.08	-5.88217748743735e+85
0.0836	0.08	-4.28104285535827e+85
0.0858	0.08	-6.63673601824437e+85
0.088	0.08	-2.16386704807615e+86
0.0902	0.08	-1.29821051459665e+86
0.0924	0.08	1.2822955363678e+84
0.0946	0.08	1.00657003205583e+85
0.0968	0.08	5.66699215245561e+84
0.099	0.08	7.06105308897386e+83
0.1012	0.08	7.35396753069138e+83
0.1034	0.08	1.81041603089423e+83
0.1056	0.08	1.32575871534279e+83
0.1078	0.08	2.72537647046336e+83
0.11	0.08	3.01867798971535e+83
0	0.0832	-4.64081267122219e+61
0.0022	0.0832	1.44545509602304e+62
0.0044	0.0832	-3.96661026655837e+62
0.0066	0.0832	1.10939010422346e+63
0.0088	0.0832	-3.63139190924506e+63
0.011	0.0832	1.46954638714173e+64
0.0132	0.0832	-3.57050064772015e+64
0.0154	0.0832	1.68888916668012e+65
0.0176	0.0832	-6.87891925500945e+65
0.0198	0.0832	1.36959215654168e+66
0.022	0.0832	-7.97304491897357e+66
0.0242	0.0832	2.96141578368969e+67
0.0264	0.0832	-8.31956849921208e+67
0.0286	0.0832	3.65771161770609e+68
0.0308	0.0832	-1.19273769700105e+69
0.033	0.0832	7.1489835856047e+69
0.0352	0.0832	-1.70557019155778e+70
0.0374	0.0832	2.9262803762434e+70
0.0396	0.0832	-4.46019436978557e+71
0.0418	0.0832	1.58771851686034e+71
0.044	0.0832	-4.93846110411404e+72
0.0462	0.0832	1.71702965170201e+73
0.0484	0.0832	-9.34620793016541e+73
0.0506	0.0832	9.25962725313562e+74
0.0528	0.0832	-8.19686418014174e+75
0.055	0.0832	6.37143451222129e+76
0.0572	0.0832	-4.97307118270646e+77
0.0594	0.0832	3.92891865751427e+78
0.0616	0.0832	-3.17555648837577e+79
0.0638	0.0832	2.66975485328133e+80
0.066	0.0832	-2.38558958608132e+81
0.0682	0.0832	2.31270276783017e+82
0.0704	0.0832	-2.45574032471246e+83
0.0726	0.0832	2.83491814234734e+84
0.0748	0.0832	-3.4877577728597e+85
0.077	0.0832	-4.40125867024517e+85
0.0792	0.0832	-4.71004572423682e+85
0.0814	0.0832	-5.00063080303478e+85
0.0836	0.0832	-4.21612672852866e+85
0.0858	0.0832	-4.33511517042985e+85
0.088	0.0832	-1.57629671554456e+86
0.0902	0.0832	-1.36017169887693e+86
0.0924	0.0832	-2.98634687549314e+85
0.0946	0.0832	1.09039351477158e+85
0.0968	0.0832	3.00996045273123e+84
0.099	0.0832	3.76959389980906e+83
0.1012	0.0832	-4.66011938585885e+83
0.1034	0.0832	-3.12821527617212e+82
0.1056	0.0832	2.53395046808281e+83
0.1078	0.0832	3.34363106944767e+83
0.11	0.0832	3.67105671927431e+83
0	0.0864	-1.39878538058803e+61
0.0022	0.0864	-8.54904052958433e+61
0.0044	0.0864	3.83079940886527e+62
0.0066	0.0864	-1.43451649224227e+63
0.0088	0.0864	4.67757077399001e+63
0.011	0.0864	-1.25571320514488e+64
0.0132	0.0864	5.61035971231457e+64
0.0154	0.0864	-1.36854178021662e+65
0.0176	0.0864	3.55671012856829e+65
0.0198	0.0864	-2.26733422685604e+66
0.022	0.0864	4.4348616557638e+66
0.0242	0.0864	-1.37264824595209e+67
0.0264	0.0864	7.12506075487334e+67
0.0286	0.0864	-2.20720803032925e+68
0.0308	0.0864	1.08229267168948e+69
0.033	0.0864	-1.65826375894545e+69
0.0352	0.0864	1.86191722323049e+70
0.0374	0.0864	-1.13569553691224e+71
0.0396	0.0864	1.06735107245605e+71
0.0418	0.0864	-2.28025715783625e+72
0.044	0.0864	4.76900506981817e+72
0.0462	0.0864	-2.76272011783005e+73
0.0484	0.0864	1.36684387036082e+74
0.0506	0.0864	-1.26490633095037e+75
0.0528	0.0864	1.04575439048039e+76
0.055	0.0864	-7.99262413780315e+76
0.0572	0.0864	5.98080454757743e+77
0.0594	0.0864	-4.3086676007826e+78
0.0616	0.0864	2.87595608401918e+79
0.0638	0.0864	-1.59812334171361e+80
0.066	0.0864	4.00535830337563e+80
0.0682	0.0864	7.86665095723949e+81
0.0704	0.0864	-2.03333553870509e+83
0.0726	0.0864	3.41409814847167e+84
0.0748	0.0864	-5.01346554033003e+85
0.077	0.0864	-5.88309122943563e+85
0.0792	0.0864	-6.09176224920977e+85
0.0814	0.0864	-7.16549318136006e+85
0.0836	0.0864	-7.85873998992193e+85
0.0858	0.0864	-9.09542031845639e+85
0.088	0.0864	-1.73950415239222e+86
0.0902	0.0864	-1.00877688522846e+86
0.0924	0.0864	5.43707907316603e+84
0.0946	0.0864	4.89677915976129e+84
0.0968	0.0864	3.7429458801715e+84
0.099	0.0864	5.64692090536264e+82
0.1012	0.0864	2.82184741095995e+83
0.1034	0.0864	2.45758765493784e+83
0.1056	0.0864	2.21193983090752e+83
0.1078	0.0864	3.65248840265629e+83
0.11	0.0864	3.85384334516e+83
0	0.0896	2.05127421736089e+62
0.0022	0.0896	-1.33602584462838e+62
0.0044	0.0896	2.74513072836994e+61
0.0066	0.0896	2.60000577405401e+62
0.0088	0.0896	-1.73673013142672e+63
0.011	0.0896	1.06035874751158e+64
0.0132	0.0896	-2.45652801695797e+64
0.0154	0.0896	1.51028956937516e+65
0.0176	0.0896	-6.56307861331155e+65
0.0198	0.0896	1.23128871625602e+66
0.022	0.0896	-8.04355746082311e+66
0.0242	0.0896	3.011687413392e+67
0.0264	0.0896	-8.39824582399721e+67
0.0286	0.0896	3.76677910233415e+68
0.0308	0.0896	-1.23328238664815e+69
0.033	0.0896	7.54704711088944e+69
0.0352	0.0896	-1.7330387780545e+70
0.0374	0.0896	3.11885560054785e+70
0.0396	0.0896	-5.21254795105022e+71
0.0418	0.0896	2.3435856176817e+71
0.044	0.0896	-7.2572186762877e+72
0.0462	0.0896	2.81753351115851e+73
0.0484	0.0896	-1.7280204936109e+74
0.0506	0.0896	1.52443962931512e+75
0.0528	0.0896	-1.22975888138541e+76
0.055	0.0896	1.0188004669288e+77
0.0572	0.0896	-8.61699512267963e+77
0.0594	0.0896	7.4807650093983e+78
0.0616	0.0896	-6.70675426363956e+79
0.0638	0.0896	6.24619485581785e+80
0.066	0.0896	-6.07053029438825e+81
0.0682	0.0896	6.16936536582239e+82
0.0704	0.0896	-6.54974186537775e+83
0.0726	0.0896	7.23667072143243e+84
0.0748	0.0896	-8.27495143581004e+85
0.077	0.0896	-9.5465694928618e+85
0.0792	0.0896	-9.8643232497334e+85
0.0814	0.0896	-1.11561026800254e+86
0.0836	0.0896	-1.16121172046837e+86
0.0858	0.0896	-1.29735373636117e+86
0.088	0.0896	-1.18621102019962e+86
0.0902	0.0896	-1.11968235639822e+86
0.0924	0.0896	-3.20468266369827e+85
0.0946	0.0896	8.60071778329884e+84
0.0968	0.0896	5.63204154668464e+83
0.099	0.0896	4.49210039967141e+83
0.1012	0.0896	-1.65615996608542e+83
0.1034	0.0896	7.09997736729956e+82
0.1056	0.0896	3.44680381777051e+83
0.1078	0.0896	4.39766195499687e+83
0.11	0.0896	4.55728008400583e+83
0	0.0928	-2.57002516719396e+62
0.0022	0.0928	4.14537169536034e+62
0.0044	0.0928	-7.49517683317912e+62
0.0066	0.0928	1.34188652753373e+63
0.0088	0.0928	-2.7131471613362e+63
0.011	0.0928	8.61944745025044e+63
0.0132	0.0928	-4.24018122759631e+63
0.0154	0.0928	5.41581846714815e+64
0.0176	0.0928	-2.32879373007101e+65
0.0198	0.0928	-5.41111375089471e+65
0.022	0.0928	-1.33377584273116e+66
0.0242	0.0928	4.25127140782761e+66
0.0264	0.0928	1.60663567014076e+67
0.0286	0.0928	-2.79571539528916e+67
0.0308	0.0928	4.42256567524485e+68
0.033	0.0928	6.60643937612624e+68
0.0352	0.0928	1.26414262885597e+70
0.0374	0.0928	-9.64821550151258e+70
0.0396	0.0928	1.5601716594527e+69
0.0418	0.0928	-2.27777536756276e+72
0.044	0.0928	3.44963790383859e+72
0.0462	0.0928	-2.69978004940302e+73
0.0484	0.0928	1.44570030990036e+74
0.0506	0.0928	-1.18602027816621e+75
0.0528	0.0928	8.13895896086674e+75
0.055	0.0928	-6.26850770036546e+76
0.0572	0.0928	4.80225123613608e+77
0.0594	0.0928	-3.62276512141213e+78
0.0616	0.0928	2.64803106659592e+79
0.0638	0.0928	-1.81076512466006e+80
0.066	0.0928	1.05320523164266e+81
0.0682	0.0928	-3.22822181152444e+81
0.0704	0.0928	-4.31555885729205e+82
0.0726	0.0928	1.26351666142496e+84
0.0748	0.0928	-2.23303097754609e+85
0.077	0.0928	-2.42115790068595e+85
0.0792	0.0928	-2.43923459989953e+85
0.0814	0.0928	-2.63058288326218e+85
0.0836	0.0928	-2.6768344262513e+85
0.0858	0.0928	-2.86745181215458e+85
0.088	0.0928	-3.36359145881139e+85
0.0902	0.0928	-4.09282679592931e+85
0.0924	0.0928	-6.49152430241564e+82
0.0946	0.0928	3.94746919962082e+84
0.0968	0.0928	2.47651808622247e+84
0.099	0.0928	-2.78470887043191e+83
0.1012	0.0928	1.83765705767251e+83
0.1034	0.0928	3.37715695617731e+83
0.1056	0.0928	3.51642861444703e+83
0.1078	0.0928	4.86638211036359e+83
0.11	0.0928	4.87926328579336e+83
0	0.096	1.82548496285797e+62
0.0022	0.096	-2.66046618489927e+62
0.0044	0.096	6.29873710017969e+62
0.0066	0.096	-1.85693709514659e+63
0.0088	0.096	5.19949942757214e+63
0.011	0.096	-1.1551338867855e+64
0.0132	0.096	4.97822220119382e+64
0.0154	0.096	-8.41007688008611e+64
0.0176	0.096	1.28316368155516e+65
0.0198	0.096	-1.52659907578041e+66
0.022	0.096	9.483720839977e+65
0.0242	0.096	-1.00706779162635e+66
0.0264	0.096	2.70427746012891e+67
0.0286	0.096	-3.67195981756039e+67
0.0308	0.096	3.57861890285061e+68
0.033	0.096	1.64044563555047e+69
0.0352	0.096	7.15066750526831e+69
0.0374	0.096	-6.38257383279754e+70
0.0396	0.096	-2.18163308853057e+71
0.0418	0.096	-1.2819709952324e+72
0.044	0.096	-3.32291832502539e+72
0.0462	0.096	9.87778604068074e+72
0.0484	0.096	-1.0256821168023e+74
0.0506	0.096	6.19048028697357e+74
0.0528	0.096	-3.12712063084104e+75
0.055	0.096	1.99000980525594e+76
0.0572	0.096	-1.15017953847376e+77
0.0594	0.096	5.21750902596981e+77
0.0616	0.096	-5.5036454026131e+77
0.0638	0.096	-2.85120766696848e+79
0.066	0.096	5.22362541849616e+80
0.0682	0.096	-6.70630815987357e+81
0.0704	0.096	7.35143323302478e+82
0.0726	0.096	-7.12614716335639e+83
0.0748	0.096	5.90739224239068e+84
0.077	0.096	6.61987752925441e+84
0.0792	0.096	6.76652108657285e+84
0.0814	0.096	7.50987788817778e+84
0.0836	0.096	7.77570592733409e+84
0.0858	0.096	8.54872144834024e+84
0.088	0.096	9.99237822237237e+84
0.0902	0.096	1.2183258607336e+85
0.0924	0.096	2.30307481300216e+84
0.0946	0.096	1.43618957104863e+84
0.0968	0.096	9.66737693543369e+83
0.099	0.096	1.05880218882421e+83
0.1012	0.096	4.58795144164025e+82
0.1034	0.096	2.66057487029809e+83
0.1056	0.096	4.78182753883914e+83
0.1078	0.096	5.80518110426241e+83
0.11	0.096	5.64527063891753e+83
0	0.0992	-1.8563112045308e+62
0.0022	0.0992	3.94822626035731e+62
0.0044	0.0992	-8.45207289309359e+62
0.0066	0.0992	1.76289977411897e+63
0.0088	0.0992	-4.34598240840358e+63
0.011	0.0992	1.50643155439179e+64
0.0132	0.0992	-2.54308456599401e+64
0.0154	0.0992	1.412531157024e+65
0.0176	0.0992	-5.3846737775913e+65
0.0198	0.0992	4.09742002938861e+65
0.022	0.0992	-5.07043396432498e+66
0.0242	0.0992	1.69421436483161e+67
0.0264	0.0992	-2.60488332289683e+67
0.0286	0.0992	1.36610164988808e+68
0.0308	0.0992	-1.74252113962278e+68
0.033	0.0992	3.26761422104549e+69
0.0352	0.0992	4.09917767550969e+69
0.0374	0.0992	-6.14808643478366e+70
0.0396	0.0992	-2.16801297104351e+71
0.0418	0.0992	-1.71885761088931e+72
0.044	0.0992	-1.43081370593089e+72
0.0462	0.0992	-8.36168507899277e+72
0.0484	0.0992	3.44336183237394e+73
0.0506	0.0992	-2.16368634184193e+74
0.0528	0.0992	3.12865860508004e+74
0.055	0.0992	9.53851526455991e+74
0.0572	0.0992	-3.37960332073201e+76
0.0594	0.0992	4.70579665635497e+77
0.0616	0.0992	-5.23491243479156e+78
0.0638	0.0992	5.1861640795584e+79
0.066	0.0992	-4.7210237600379e+80
0.0682	0.0992	3.96187571676972e+81
0.0704	0.0992	-3.00728123706962e+82
0.0726	0.0992	1.94541018465218e+83
0.0748	0.0992	-8.67007046440727e+83
0.077	0.0992	-1.03470583853495e+84
0.0792	0.0992	-1.0827484766191e+84
0.0814	0.0992	-1.26329631046034e+84
0.0836	0.0992	-1.34642005899523e+84
0.0858	0.0992	-1.54100509652535e+84
0.088	0.0992	-1.92764324132967e+84
0.0902	0.0992	-2.49520606664384e+84
0.0924	0.0992	-4.80342764803143e+82
0.0946	0.0992	2.08934712632533e+83
0.0968	0.0992	3.29570778290115e+83
0.099	0.0992	3.70454953229528e+83
0.1012	0.0992	3.9944126892879e+83
0.1034	0.0992	5.31063598468051e+83
0.1056	0.0992	5.31873213307377e+83
0.1078	0.0992	6.48809674374196e+83
0.11	0.0992	6.11481735957423e+83
0	0.1024	4.36585838397651e+61
0.0022	0.1024	-2.09073344117048e+62
0.0044	0.1024	7.85893643214662e+62
0.0066	0.1024	-2.77141152102312e+63
0.0088	0.1024	8.58735604189216e+63
0.011	0.1024	-2.27098714437849e+64
0.0132	0.1024	8.94249520239988e+64
0.0154	0.1024	-2.05179489641474e+65
0.0176	0.1024	5.40088737776324e+65
0.0198	0.1024	-3.05631350262733e+66
0.022	0.1024	5.77592702215901e+66
0.0242	0.1024	-1.80907361192792e+67
0.0264	0.1024	8.98320490822285e+67
0.0286	0.1024	-2.69443129995839e+68
0.0308	0.1024	1.26582665705561e+69
0.033	0.1024	-1.64075517520878e+69
0.0352	0.1024	2.16641307045506e+70
0.0374	0.1024	-1.19312029188777e+71
0.0396	0.1024	-7.94445962844529e+70
0.0418	0.1024	-2.2143437371185e+72
0.044	0.1024	-2.1797084541512e+72
0.0462	0.1024	2.24037057019593e+71
0.0484	0.1024	-6.44071644045831e+73
0.0506	0.1024	-2.23110583662782e+73
0.0528	0.1024	5.90784204768056e+74
0.055	0.1024	-5.9893212768163e+75
0.0572	0.1024	5.56723865684836e+76
0.0594	0.1024	-4.88689613476546e+77
0.0616	0.1024	4.08660259994114e+78
0.0638	0.1024	-3.26229588434844e+79
0.066	0.1024	2.48111375353738e+80
0.0682	0.1024	-1.79046436584565e+81
0.0704	0.1024	1.22421069873684e+82
0.0726	0.1024	-8.06585763779007e+82
0.0748	0.1024	5.54179269482248e+83
0.077	0.1024	6.29688831809111e+83
0.0792	0.1024	6.49968584764357e+83
0.0814	0.1024	7.30207292617388e+83
0.0836	0.1024	7.63907138044653e+83
0.0858	0.1024	8.49896956043608e+83
0.088	0.1024	9.65603081300106e+83
0.0902	0.1024	1.15093531365361e+84
0.0924	0.1024	5.55301595762347e+83
0.0946	0.1024	5.20501933895327e+83
0.0968	0.1024	5.08919838007374e+83
0.099	0.1024	5.29115205876988e+83
0.1012	0.1024	5.42912362666641e+83
0.1034	0.1024	5.91932594180043e+83
0.1056	0.1024	6.73406206282102e+83
0.1078	0.1024	7.68323549439582e+83
0.11	0.1024	6.96268665647773e+83
0	0.1056	1.21777683768677e+62
0.0022	0.1056	5.63543750818561e+60
0.0044	0.1056	-2.33171318481692e+62
0.0066	0.1056	6.3273520082641e+62
0.0088	0.1056	-2.30616401121776e+63
0.011	0.1056	1.23250466033165e+64
0.0132	0.1056	-2.235923992376e+64
0.0154	0.1056	1.64758348447832e+65
0.0176	0.1056	-6.68331260726617e+65
0.0198	0.1056	8.63302849531725e+65
0.022	0.1056	-7.46709059273066e+66
0.0242	0.1056	2.58890515570353e+67
0.0264	0.1056	-5.77675490845807e+67
0.0286	0.1056	2.72941563789313e+68
0.0308	0.1056	-7.2392650868631e+68
0.033	0.1056	5.80661735223634e+69
0.0352	0.1056	-4.74440866929314e+69
0.0374	0.1056	-2.14332095593792e+70
0.0396	0.1056	-4.77502612095839e+71
0.0418	0.1056	-1.00986448940787e+72
0.044	0.1056	-7.66589763529843e+72
0.0462	0.1056	1.38461746905072e+73
0.0484	0.1056	3.06640248506737e+72
0.0506	0.1056	6.77725324785716e+73
0.0528	0.1056	-6.21052453409945e+74
0.055	0.1056	5.04221683334351e+75
0.0572	0.1056	-3.93688653585306e+76
0.0594	0.1056	2.95099177504496e+77
0.0616	0.1056	-2.10390097432407e+78
0.0638	0.1056	1.39887116088372e+79
0.066	0.1056	-8.28750038972324e+79
0.0682	0.1056	3.79517524561269e+80
0.0704	0.1056	-3.24734239345148e+80
0.0726	0.1056	-2.34503410011075e+82
0.0748	0.1056	4.46307996902177e+83
0.077	0.1056	4.65882701949331e+83
0.0792	0.1056	4.6614505716738e+83
0.0814	0.1056	4.84330593532885e+83
0.0836	0.1056	4.83909656058681e+83
0.0858	0.1056	5.00618258052544e+83
0.088	0.1056	4.81862324134812e+83
0.0902	0.1056	4.72944975375289e+83
0.0924	0.1056	6.37698548339452e+83
0.0946	0.1056	6.8861493905333e+83
0.0968	0.1056	7.09546519391022e+83
0.099	0.1056	7.47878176032706e+83
0.1012	0.1056	7.65751493982087e+83
0.1034	0.1056	7.981700695119e+83
0.1056	0.1056	8.03311054304112e+83
0.1078	0.1056	8.60568410786398e+83
0.11	0.1056	7.61158374819557e+83
0	0.1088	-1.43571043292626e+62
0.0022	0.1088	1.98142000609175e+62
0.0044	0.1088	-1.33991015100323e+62
0.0066	0.1088	-5.53762173531688e+62
0.0088	0.1088	2.60853437107405e+63
0.011	0.1088	-5.11028250450785e+63
0.0132	0.1088	3.92325827397536e+64
0.0154	0.1088	-3.78624525431694e+64
0.0176	0.1088	2.0807986786026e+64
0.0198	0.1088	-1.54803594534802e+66
0.022	0.1088	5.02148443203352e+65
0.0242	0.1088	-1.507886846997e+66
0.0264	0.1088	3.83420618779888e+67
0.0286	0.1088	-8.20784790361574e+67
0.0308	0.1088	6.16445696931432e+68
0.033	0.1088	8.99447589903304e+68
0.0352	0.1088	1.45593685487764e+70
0.0374	0.1088	-9.28316856128685e+70
0.0396	0.1088	-2.58280953869484e+71
0.0418	0.1088	-2.03786624829735e+72
0.044	0.1088	1.85251804800593e+72
0.0462	0.1088	-3.27553333359897e+72
0.0484	0.1088	5.62744037485144e+72
0.0506	0.1088	-5.87765401368627e+73
0.0528	0.1088	4.62494191669892e+74
0.055	0.1088	-3.49958788714327e+75
0.0572	0.1088	2.60047549157902e+76
0.0594	0.1088	-1.90396372099873e+77
0.0616	0.1088	1.38128182868777e+78
0.0638	0.1088	-1.00427268287378e+79
0.066	0.1088	7.46967257460813e+79
0.0682	0.1088	-5.86446587850296e+80
0.0704	0.1088	5.03327595715901e+81
0.0726	0.1088	-4.82061180825297e+82
0.0748	0.1088	5.11172282874769e+83
0.077	0.1088	5.48317578233121e+83
0.0792	0.1088	5.5544703145697e+83
0.0814	0.1088	5.93272362584572e+83
0.0836	0.1088	6.04047276783562e+83
0.0858	0.1088	6.42910011060563e+83
0.088	0.1088	6.61881717561829e+83
0.0902	0.1088	7.08398482471876e+83
0.0924	0.1088	6.83988493471027e+83
0.0946	0.1088	7.15680704444074e+83
0.0968	0.1088	7.31116353165018e+83
0.099	0.1088	7.67406998431859e+83
0.1012	0.1088	7.8710586096306e+83
0.1034	0.1088	8.26632187220086e+83
0.1056	0.1088	8.53238732402111e+83
0.1078	0.1088	8.88497124401531e+83
0.11	0.1088	9.20950268637614e+83
0	0.112	1.31724525144953e+62
0.0022	0.112	-1.20816554786826e+62
0.0044	0.112	1.90310226177859e+62
0.0066	0.112	-6.43632380156242e+62
0.0088	0.112	1.32215457441031e+63
0.011	0.112	2.19762875884164e+63
0.0132	0.112	1.0682434477067e+64
0.0154	0.112	7.67535791023698e+64
0.0176	0.112	-3.82967766552482e+65
0.0198	0.112	-2.10675019219934e+65
0.022	0.112	-4.38331855885635e+66
0.0242	0.112	1.49958995696415e+67
0.0264	0.112	-1.71379195788314e+67
0.0286	0.112	1.27278166972141e+68
0.0308	0.112	-1.56589269011927e+68
0.033	0.112	3.89666983820015e+69
0.0352	0.112	4.59252881989351e+69
0.0374	0.112	-5.51454468062338e+70
0.0396	0.112	-4.38547443259807e+71
0.0418	0.112	4.50090375640928e+71
0.044	0.112	-4.71849743835477e+71
0.0462	0.112	1.14065165788687e+72
0.0484	0.112	-5.08244439501712e+72
0.0506	0.112	4.04083322441608e+73
0.0528	0.112	-3.00800449550262e+74
0.055	0.112	2.20410602430383e+75
0.0572	0.112	-1.60219214414498e+76
0.0594	0.112	1.15907662815852e+77
0.0616	0.112	-8.37762049060457e+77
0.0638	0.112	6.07617099960604e+78
0.066	0.112	-4.43644239332133e+79
0.0682	0.112	3.25669515160604e+80
0.0704	0.112	-2.37530628599203e+81
0.0726	0.112	1.6628822579295e+82
0.0748	0.112	-1.01462144427057e+83
0.077	0.112	-1.11973203630158e+83
0.0792	0.112	-1.14605518756606e+83
0.0814	0.112	-1.25477487033457e+83
0.0836	0.112	-1.29332094314156e+83
0.0858	0.112	-1.40697933018634e+83
0.088	0.112	-1.46978167534738e+83
0.0902	0.112	-1.60608312716095e+83
0.0924	0.112	-1.56102103561334e+83
0.0946	0.112	-1.66047281565474e+83
0.0968	0.112	-1.72029543734298e+83
0.099	0.112	-1.83463183422553e+83
0.1012	0.112	-1.90910831538711e+83
0.1034	0.112	-2.03541203865546e+83
0.1056	0.112	-2.13189035277808e+83
0.1078	0.112	-2.25155101377265e+83
0.11	0.112	-2.36759601084531e+83
0	0.1152	-1.0321390738172e+62
0.0022	0.1152	2.53044638535444e+62
0.0044	0.1152	-3.86201631355209e+62
0.0066	0.1152	1.53019785382095e+62
0.0088	0.1152	4.42893579016443e+62
0.011	0.1152	2.0169141534981e+63
0.0132	0.1152	1.99518495749032e+64
0.0154	0.1152	3.76620333498534e+64
0.0176	0.1152	-2.09368868084289e+65
0.0198	0.1152	-9.72783131634956e+65
0.022	0.1152	-1.8086090989786e+66
0.0242	0.1152	5.32581758949195e+66
0.0264	0.1152	1.94833552704701e+67
0.0286	0.1152	-1.09461238143553e+67
0.0308	0.1152	3.8648775838648e+68
0.033	0.1152	1.94949631983751e+69
0.0352	0.1152	1.29712713780571e+70
0.0374	0.1152	-8.50845585844263e+70
0.0396	0.1152	9.5604644797166e+70
0.0418	0.1152	-1.0110423587032e+71
0.044	0.1152	1.44075525637913e+71
0.0462	0.1152	-5.41609185450598e+71
0.0484	0.1152	3.32110049270296e+72
0.0506	0.1152	-2.44214714069563e+73
0.0528	0.1152	1.75540758894854e+74
0.055	0.1152	-1.24946162503581e+75
0.0572	0.1152	8.82748253205229e+75
0.0594	0.1152	-6.19220123061152e+76
0.0616	0.1152	4.30990019039849e+77
0.0638	0.1152	-2.969131766101e+78
0.066	0.1152	2.01250211627843e+79
0.0682	0.1152	-1.32557363350676e+80
0.0704	0.1152	8.27852172474294e+80
0.0726	0.1152	-4.65622430915942e+81
0.0748	0.1152	2.06421386842228e+82
0.077	0.1152	2.35564970737195e+82
0.0792	0.1152	2.44058441125864e+82
0.0814	0.1152	2.74609597218823e+82
0.0836	0.1152	2.86976321952166e+82
0.0858	0.1152	3.19392144190583e+82
0.088	0.1152	3.38832249665576e+82
0.0902	0.1152	3.77864586051938e+82
0.0924	0.1152	3.70433498043206e+82
0.0946	0.1152	4.00350708794053e+82
0.0968	0.1152	4.20654515007451e+82
0.099	0.1152	4.55250625834684e+82
0.1012	0.1152	4.80334036275242e+82
0.1034	0.1152	5.19023096966119e+82
0.1056	0.1152	5.50941696932215e+82
0.1078	0.1152	5.89117381095873e+82
0.11	0.1152	6.27347056598311e+82
0	0.1184	5.6436067675049e+61
0.0022	0.1184	-7.36227378462645e+61
0.0044	0.1184	2.77622039247439e+62
0.0066	0.1184	-1.16701736841916e+63
0.0088	0.1184	3.04062718781024e+63
0.011	0.1184	-2.82110331420117e+63
0.0132	0.1184	2.99757936032533e+64
0.0154	0.1184	3.030741102336e+64
0.0176	0.1184	-2.17939289151316e+65
0.0198	0.1184	-9.30869450159452e+65
0.022	0.1184	-2.45965078188272e+66
0.0242	0.1184	7.74797596599134e+66
0.0264	0.1184	1.16173455091411e+67
0.0286	0.1184	2.55365710277267e+67
0.0308	0.1184	2.48255995144062e+68
0.033	0.1184	2.61977636964056e+69
0.0352	0.1184	-3.94657205265907e+69
0.0374	0.1184	1.73320678712951e+70
0.0396	0.1184	-2.06007576499917e+70
0.0418	0.1184	2.48108635592036e+70
0.044	0.1184	-5.48825704667349e+70
0.0462	0.1184	2.83189061904861e+71
0.0484	0.1184	-1.88879452099463e+72
0.0506	0.1184	1.33110244954974e+73
0.0528	0.1184	-9.25659647350152e+73
0.055	0.1184	6.3698836160523e+74
0.0572	0.1184	-4.33499971520603e+75
0.0594	0.1184	2.91127020900758e+76
0.0616	0.1184	-1.92215849676028e+77
0.0638	0.1184	1.23995812393251e+78
0.066	0.1184	-7.73518293521219e+78
0.0682	0.1184	4.58682717201352e+79
0.0704	0.1184	-2.50882954779088e+80
0.0726	0.1184	1.19415381271662e+81
0.0748	0.1184	-4.30122096665767e+81
0.077	0.1184	-5.09868440690249e+81
0.0792	0.1184	-5.35559390415323e+81
0.0814	0.1184	-6.20164411077075e+81
0.0836	0.1184	-6.57695173881671e+81
0.0858	0.1184	-7.48653762286636e+81
0.088	0.1184	-8.06573766149979e+81
0.0902	0.1184	-9.16669681881668e+81
0.0924	0.1184	-9.07547039008259e+81
0.0946	0.1184	-9.95208149999591e+81
0.0968	0.1184	-1.05968932263261e+82
0.099	0.1184	-1.16172779648985e+82
0.1012	0.1184	-1.24125549914911e+82
0.1034	0.1184	-1.35662220510221e+82
0.1056	0.1184	-1.45697140339302e+82
0.1078	0.1184	-1.57429682876425e+82
0.11	0.1184	-1.69444738435171e+82
0	0.1216	-1.9860002636301e+61
0.0022	0.1216	1.62127967850851e+62
0.0044	0.1216	-2.90046555024593e+62
0.0066	0.1216	4.10221520857225e+61
0.0088	0.1216	3.11270018043027e+62
0.011	0.1216	3.62670461722938e+63
0.0132	0.1216	1.70149686104543e+64
0.0154	0.1216	6.66727923903753e+64
0.0176	0.1216	-2.94480683742483e+65
0.0198	0.1216	-8.60130752783282e+65
0.022	0.1216	-2.72899077935436e+66
0.0242	0.1216	7.70755793602135e+66
0.0264	0.1216	1.50252304746045e+67
0.0286	0.1216	1.19783008790568e+67
0.0308	0.1216	3.19300249173108e+68
0.033	0.1216	-5.91136432388266e+68
0.0352	0.1216	1.03805933729404e+69
0.0374	0.1216	-3.58289590500757e+69
0.0396	0.1216	4.59520067381005e+69
0.0418	0.1216	-7.07804724772929e+69
0.044	0.1216	2.41948330968236e+70
0.0462	0.1216	-1.45133815162806e+71
0.0484	0.1216	9.74686917045906e+71
0.0506	0.1216	-6.63024445109213e+72
0.0528	0.1216	4.45296025531227e+73
0.055	0.1216	-2.95058062985977e+74
0.0572	0.1216	1.92431586565084e+75
0.0594	0.1216	-1.23055639608848e+76
0.0616	0.1216	7.67270061132104e+76
0.0638	0.1216	-4.62602579359301e+77
0.066	0.1216	2.66335524662345e+78
0.0682	0.1216	-1.43577941733804e+79
0.0704	0.1216	7.01536984409107e+79
0.0726	0.1216	-2.92713990879101e+80
0.0748	0.1216	9.16338388303707e+80
0.077	0.1216	1.13260112934107e+81
0.0792	0.1216	1.20751871810031e+81
0.0814	0.1216	1.43948652401589e+81
0.0836	0.1216	1.54970918264637e+81
0.0858	0.1216	1.80210556080134e+81
0.088	0.1216	1.97055609475344e+81
0.0902	0.1216	2.27783356948114e+81
0.0924	0.1216	2.2788210805944e+81
0.0946	0.1216	2.53117418469705e+81
0.0968	0.1216	2.72804989270782e+81
0.099	0.1216	3.02379549090672e+81
0.1012	0.1216	3.26684534473857e+81
0.1034	0.1216	3.6045566545682e+81
0.1056	0.1216	3.91004392982732e+81
0.1078	0.1216	4.26175837386988e+81
0.11	0.1216	4.62806460670218e+81
0	0.1248	1.29083817915451e+61
0.0022	0.1248	5.79642899298528e+60
0.0044	0.1248	1.94045942820009e+62
0.0066	0.1248	-1.10918573399064e+63
0.0088	0.1248	2.91994340472755e+63
0.011	0.1248	-2.2578453075021e+63
0.0132	0.1248	3.27319754640084e+64
0.0154	0.1248	3.79699576375262e+64
0.0176	0.1248	-2.22272232684397e+65
0.0198	0.1248	-1.11219923113338e+66
0.022	0.1248	-2.387664154695e+66
0.0242	0.1248	6.65633987280079e+66
0.0264	0.1248	1.93419526414126e+67
0.0286	0.1248	1.44028501119128e+66
0.0308	0.1248	-6.86487922196074e+67
0.033	0.1248	1.33156982330274e+68
0.0352	0.1248	-2.57393387600958e+68
0.0374	0.1248	7.57758778365316e+68
0.0396	0.1248	-1.10058230533752e+69
0.0418	0.1248	2.40352778729378e+69
0.044	0.1248	-1.11577470079002e+70
0.0462	0.1248	7.0413765973355e+70
0.0484	0.1248	-4.64367468393872e+71
0.0506	0.1248	3.05214231322543e+72
0.0528	0.1248	-1.97668278461416e+73
0.055	0.1248	1.25853003124811e+74
0.0572	0.1248	-7.85017919618019e+74
0.0594	0.1248	4.77384165689165e+75
0.0616	0.1248	-2.81120002478428e+76
0.0638	0.1248	1.58783627324415e+77
0.066	0.1248	-8.4840511329674e+77
0.0682	0.1248	4.19987742160853e+78
0.0704	0.1248	-1.86331035429355e+79
0.0726	0.1248	6.99564660381046e+79
0.0748	0.1248	-1.99077952063731e+80
0.077	0.1248	-2.57354592368797e+80
0.0792	0.1248	-2.78707515056629e+80
0.0814	0.1248	-3.41857122137849e+80
0.0836	0.1248	-3.73549342557729e+80
0.0858	0.1248	-4.43027356816283e+80
0.088	0.1248	-4.91222268194805e+80
0.0902	0.1248	-5.76326057847415e+80
0.0924	0.1248	-5.82655179285738e+80
0.0946	0.1248	-6.54391652949799e+80
0.0968	0.1248	-7.12972173829005e+80
0.099	0.1248	-7.97617233386193e+80
0.1012	0.1248	-8.70098041253069e+80
0.1034	0.1248	-9.67636846926866e+80
0.1056	0.1248	-1.05860290452764e+81
0.1078	0.1248	-1.16218867790829e+81
0.11	0.1248	-1.2715233169255e+81
0	0.128	2.91221201610612e+61
0.0022	0.128	9.01693642147811e+61
0.0044	0.128	-1.73988707668018e+62
0.0066	0.128	-1.21947909950419e+62
0.0088	0.128	2.82494658598942e+62
0.011	0.128	4.75201286427379e+63
0.0132	0.128	1.68054889018205e+64
0.0154	0.128	8.80010986097617e+64
0.0176	0.128	-3.47223775431848e+65
0.0198	0.128	-8.7473869406357e+65
0.022	0.128	-3.28160252197835e+66
0.0242	0.128	8.76104901150573e+66
0.0264	0.128	-4.22385602750712e+66
0.0286	0.128	-1.1445074380702e+66
0.0308	0.128	1.49584535249153e+67
0.033	0.128	-3.02721331442739e+67
0.0352	0.128	6.21293181486124e+67
0.0374	0.128	-1.66741188128439e+68
0.0396	0.128	2.95755808588796e+68
0.0418	0.128	-9.28509866909827e+68
0.044	0.128	5.07405037705039e+69
0.0462	0.128	-3.21748470377343e+70
0.0484	0.128	2.06576210423101e+71
0.0506	0.128	-1.31186200284142e+72
0.0528	0.128	8.18728377812459e+72
0.055	0.128	-5.0058610984548e+73
0.0572	0.128	2.98600424926388e+74
0.0594	0.128	-1.72802891747803e+75
0.0616	0.128	9.62946833787582e+75
0.0638	0.128	-5.11415554446407e+76
0.066	0.128	2.55128993407443e+77
0.0682	0.128	-1.17039387171296e+78
0.0704	0.128	4.77897177341384e+78
0.0726	0.128	-1.64759870827344e+79
0.0748	0.128	4.39649944858887e+79
0.077	0.128	5.95960522694054e+79
0.0792	0.128	6.5589798611253e+79
0.0814	0.128	8.26913585733446e+79
0.0836	0.128	9.16719730491103e+79
0.0858	0.128	1.10683985461185e+80
0.088	0.128	1.24312293977311e+80
0.0902	0.128	1.47746234307819e+80
0.0924	0.128	1.509018983172e+80
0.0946	0.128	1.71104345875477e+80
0.0968	0.128	1.88222784511759e+80
0.099	0.128	2.12220310174719e+80
0.1012	0.128	2.33461290349053e+80
0.1034	0.128	2.61347364996868e+80
0.1056	0.128	2.88003674267552e+80
0.1078	0.128	3.1811091380611e+80
0.11	0.128	3.50240127521975e+80
0	0.1312	1.28777447099517e+61
0.0022	0.1312	5.93139622198222e+61
0.0044	0.1312	1.06401168530235e+62
0.0066	0.1312	-8.94988673727404e+62
0.0088	0.1312	2.1929559550891e+63
0.011	0.1312	-3.0554215441479e+61
0.0132	0.1312	3.17406373423191e+64
0.0154	0.1312	5.83158179262295e+64
0.0176	0.1312	-2.5878173871406e+65
0.0198	0.1312	-1.21230392869708e+66
0.022	0.1312	8.4241109671281e+65
0.0242	0.1312	-1.71497129253498e+66
0.0264	0.1312	8.49434988470134e+65
0.0286	0.1312	4.10457367679994e+65
0.0308	0.1312	-3.30050469319765e+66
0.033	0.1312	6.94391778949226e+66
0.0352	0.1312	-1.49552577147588e+67
0.0374	0.1312	3.92372149246473e+67
0.0396	0.1312	-9.12143874022522e+67
0.0418	0.1312	3.80062686428114e+68
0.044	0.1312	-2.22353095172187e+69
0.0462	0.1312	1.38936830562212e+70
0.0484	0.1312	-8.65779128725202e+70
0.0506	0.1312	5.31269154387979e+71
0.0528	0.1312	-3.19529153285324e+72
0.055	0.1312	1.87679568522457e+73
0.0572	0.1312	-1.07154463061248e+74
0.0594	0.1312	5.91098236131877e+74
0.0616	0.1312	-3.12536419229173e+75
0.0638	0.1312	1.5670187493697e+76
0.066	0.1312	-7.34090811829241e+76
0.0682	0.1312	3.1460823484854e+77
0.0704	0.1312	-1.19577857895166e+78
0.0726	0.1312	3.84736553009386e+78
0.0748	0.1312	-9.834737359723e+78
0.077	0.1312	-1.40126552168219e+79
0.0792	0.1312	-1.56771568166108e+79
0.0814	0.1312	-2.02900115883314e+79
0.0836	0.1312	-2.28082415425526e+79
0.0858	0.1312	-2.79870349445428e+79
0.088	0.1312	-3.18072903549771e+79
0.0902	0.1312	-3.82309346892716e+79
0.0924	0.1312	-3.9430563802888e+79
0.0946	0.1312	-4.50791182640296e+79
0.0968	0.1312	-5.00153228440368e+79
0.099	0.1312	-5.67687704235985e+79
0.1012	0.1312	-6.2913158781279e+79
0.1034	0.1312	-7.0822366533173e+79
0.1056	0.1312	-7.85392741957271e+79
0.1078	0.1312	-8.72008735066531e+79
0.11	0.1312	-9.65303631563626e+79
0	0.1344	5.18267664245174e+61
0.0022	0.1344	6.19748534010142e+61
0.0044	0.1344	-8.56865178733261e+61
0.0066	0.1344	-2.01003628036471e+62
0.0088	0.1344	2.27789406706999e+61
0.011	0.1344	6.10935369362553e+63
0.0132	0.1344	1.77401519129676e+64
0.0154	0.1344	1.06300388801719e+65
0.0176	0.1344	-3.81163972532949e+65
0.0198	0.1344	2.71204805463821e+65
0.022	0.1344	-1.98750437497983e+65
0.0242	0.1344	3.38033168558066e+65
0.0264	0.1344	-1.67244885053496e+65
0.0286	0.1344	-1.21642500380715e+65
0.0308	0.1344	7.37633648453329e+65
0.033	0.1344	-1.61404725965894e+66
0.0352	0.1344	3.67943533591129e+66
0.0374	0.1344	-1.01901719652645e+67
0.0396	0.1344	3.16001863422391e+67
0.0418	0.1344	-1.5663363651415e+68
0.044	0.1344	9.33346935730689e+68
0.0462	0.1344	-5.7002512038208e+69
0.0484	0.1344	3.4442565441452e+70
0.0506	0.1344	-2.0429871894956e+71
0.0528	0.1344	1.1848034199216e+72
0.055	0.1344	-6.69132612543537e+72
0.0572	0.1344	3.66180150941042e+73
0.0594	0.1344	-1.92940889362556e+74
0.0616	0.1344	9.70753500130492e+74
0.0638	0.1344	-4.61316778911343e+75
0.066	0.1344	2.04019165250209e+76
0.0682	0.1344	-8.22676078521754e+76
0.0704	0.1344	2.93870344997964e+77
0.0726	0.1344	-8.93869760240752e+77
0.0748	0.1344	2.22008130676464e+78
0.077	0.1344	3.33374072225542e+78
0.0792	0.1344	3.79238072232383e+78
0.0814	0.1344	5.03275686623062e+78
0.0836	0.1344	5.7333517796887e+78
0.0858	0.1344	7.13898282953412e+78
0.088	0.1344	8.20269684265992e+78
0.0902	0.1344	9.95720493845557e+78
0.0924	0.1344	1.03650635856089e+79
0.0946	0.1344	1.19353988838082e+79
0.0968	0.1344	1.33443633792912e+79
0.099	0.1344	1.52337507459912e+79
0.1012	0.1344	1.69933755864922e+79
0.1034	0.1344	1.92222827768724e+79
0.1056	0.1344	2.14351496280981e+79
0.1078	0.1344	2.39067862508577e+79
0.11	0.1344	2.65904077438387e+79
0	0.1376	2.74653153944944e+61
0.0022	0.1376	1.01647920746367e+62
0.0044	0.1376	3.16786280918771e+61
0.0066	0.1376	-5.79564711348183e+62
0.0088	0.1376	1.06348729880804e+63
0.011	0.1376	3.03123706753447e+63
0.0132	0.1376	2.9958035881221e+64
0.0154	0.1376	-2.81584660588833e+64
0.0176	0.1376	7.59072032544248e+64
0.0198	0.1376	-5.81143171790027e+64
0.022	0.1376	4.5419819838057e+64
0.0242	0.1376	-6.69920460088113e+64
0.0264	0.1376	3.22114455355565e+64
0.0286	0.1376	3.32463100316572e+64
0.0308	0.1376	-1.67378979588769e+65
0.033	0.1376	3.83788519180703e+65
0.0352	0.1376	-9.50060064563752e+65
0.0374	0.1376	2.97046215675379e+66
0.0396	0.1376	-1.1716688343393e+67
0.0418	0.1376	6.33594662565138e+67
0.044	0.1376	-3.7550479791543e+68
0.0462	0.1376	2.23410582376102e+69
0.0484	0.1376	-1.30887953573876e+70
0.0506	0.1376	7.50938166729442e+70
0.0528	0.1376	-4.20284043492125e+71
0.055	0.1376	2.28500780784467e+72
0.0572	0.1376	-1.20052127594636e+73
0.0594	0.1376	6.05521141897932e+73
0.0616	0.1376	-2.90740841460011e+74
0.0638	0.1376	1.31442158651908e+75
0.066	0.1376	-5.51441311763498e+75
0.0682	0.1376	2.10529029053339e+76
0.0704	0.1376	-7.12552312685326e+76
0.0726	0.1376	2.06996658482743e+77
0.0748	0.1376	-5.03807784846999e+77
0.077	0.1376	-8.00023992732929e+77
0.0792	0.1376	-9.25655200260587e+77
0.0814	0.1376	-1.25835980030121e+78
0.0836	0.1376	-1.45209087466759e+78
0.0858	0.1376	-1.83250881955828e+78
0.088	0.1376	-2.12712024112324e+78
0.0902	0.1376	-2.60493272178474e+78
0.0924	0.1376	-2.73541990719755e+78
0.0946	0.1376	-3.16997005828628e+78
0.0968	0.1376	-3.56892449172017e+78
0.099	0.1376	-4.09496725813895e+78
0.1012	0.1376	-4.59488133832623e+78
0.1034	0.1376	-5.21971050143078e+78
0.1056	0.1376	-5.84943182304343e+78
0.1078	0.1376	-6.55005553594576e+78
0.11	0.1376	-7.31612993104958e+78
0	0.1408	5.92073161375026e+61
0.0022	0.1408	5.88501989500833e+61
0.0044	0.1408	-1.31319565251875e+61
0.0066	0.1408	-1.59816428476386e+62
0.0088	0.1408	-4.41280684102375e+62
0.011	0.1408	6.83072430351621e+63
0.0132	0.1408	-6.60375745610355e+63
0.0154	0.1408	6.79291773348747e+63
0.0176	0.1408	-1.52389053915738e+64
0.0198	0.1408	1.2417003443924e+64
0.022	0.1408	-1.01615445421174e+64
0.0242	0.1408	1.33274898050277e+64
0.0264	0.1408	-6.04255180759895e+63
0.0286	0.1408	-8.74180587934814e+63
0.0308	0.1408	3.87725524027578e+64
0.033	0.1408	-9.47104603528988e+64
0.0352	0.1408	2.63321509122986e+65
0.0374	0.1408	-9.59427881731942e+65
0.0396	0.1408	4.45057137851739e+66
0.0418	0.1408	-2.49057151402871e+67
0.044	0.1408	1.45206162635883e+68
0.0462	0.1408	-8.40607666243735e+68
0.0484	0.1408	4.77701397122149e+69
0.0506	0.1408	-2.65302421970833e+70
0.0528	0.1408	1.43445441859679e+71
0.055	0.1408	-7.51782520268373e+71
0.0572	0.1408	3.79858165050522e+72
0.0594	0.1408	-1.83806710390467e+73
0.0616	0.1408	8.4455770113542e+73
0.0638	0.1408	-3.6450477472495e+74
0.066	0.1408	1.4569823325558e+75
0.0682	0.1408	-5.29547580395145e+75
0.0704	0.1408	1.70983999384265e+76
0.0726	0.1408	-4.78075294800427e+76
0.0748	0.1408	1.14486328237621e+77
0.077	0.1408	1.93137513475701e+77
0.0792	0.1408	2.27393552678017e+77
0.0814	0.1408	3.164541198009e+77
0.0836	0.1408	3.69767969960803e+77
0.0858	0.1408	4.72480323830474e+77
0.088	0.1408	5.53727259036287e+77
0.0902	0.1408	6.83536408886774e+77
0.0924	0.1408	7.23724281750117e+77
0.0946	0.1408	8.43516683815571e+77
0.0968	0.1408	9.55753339349322e+77
0.099	0.1408	1.1016266990289e+78
0.1012	0.1408	1.24273511999074e+78
0.1034	0.1408	1.41712283403164e+78
0.1056	0.1408	1.59520424111832e+78
0.1078	0.1408	1.79271350352913e+78
0.11	0.1408	2.01002595442475e+78
0	0.144	-4.18716158037327e+61
0.0022	0.144	2.33641778570323e+62
0.0044	0.144	-1.45645552695674e+62
0.0066	0.144	7.47422866887389e+61
0.0088	0.144	1.36481138195243e+62
0.011	0.144	-1.33480087995282e+63
0.0132	0.144	1.42000394694584e+63
0.0154	0.144	-1.57843460637162e+63
0.0176	0.144	3.0858305323173e+63
0.0198	0.144	-2.64638134970528e+63
0.022	0.144	2.23824529287989e+63
0.0242	0.144	-2.65700184707538e+63
0.0264	0.144	1.09266335279028e+63
0.0286	0.144	2.26421863875754e+63
0.0308	0.144	-9.25276186559068e+63
0.033	0.144	2.46641164949376e+64
0.0352	0.144	-7.90101884103111e+64
0.0374	0.144	3.31689984205962e+65
0.0396	0.144	-1.68573335175192e+66
0.0418	0.144	9.48871305499944e+66
0.044	0.144	-5.41525838155618e+67
0.0462	0.144	3.04967998763001e+68
0.0484	0.144	-1.68210945962058e+69
0.0506	0.144	9.05126747546932e+69
0.0528	0.144	-4.73312974671622e+70
0.055	0.144	2.39452700986581e+71
0.0572	0.144	-1.16558739606501e+72
0.0594	0.144	5.42234343787338e+72
0.0616	0.144	-2.39043804891128e+73
0.0638	0.144	9.88060721156896e+73
0.066	0.144	-3.77765120939703e+74
0.0682	0.144	1.31336551662132e+75
0.0704	0.144	-4.06841713833921e+75
0.0726	0.144	1.10090319009742e+76
0.0748	0.144	-2.59456850783495e+76
0.077	0.144	-4.67990316663609e+76
0.0792	0.144	-5.61058408949528e+76
0.0814	0.144	-7.99062215904124e+76
0.0836	0.144	-9.45208441684388e+76
0.0858	0.144	-1.22198305117119e+77
0.088	0.144	-1.44524979995421e+77
0.0902	0.144	-1.7971875007264e+77
0.0924	0.144	-1.91778604525232e+77
0.0946	0.144	-2.24696015841145e+77
0.0968	0.144	-2.56103276791366e+77
0.099	0.144	-2.96417182140793e+77
0.1012	0.144	-3.36033666787466e+77
0.1034	0.144	-3.84522624454097e+77
0.1056	0.144	-4.34619909537014e+77
0.1078	0.144	-4.90039998341273e+77
0.11	0.144	-5.51360106462541e+77
0	0.1472	5.49358483731197e+61
0.0022	0.1472	-1.86707571538955e+61
0.0044	0.1472	1.13774571275284e+62
0.0066	0.1472	-9.76204945222642e+60
0.0088	0.1472	-4.6172715196096e+61
0.011	0.1472	2.69584243020503e+62
0.0132	0.1472	-3.05434373351918e+62
0.0154	0.1472	3.58061190759119e+62
0.0176	0.1472	-6.29679226689153e+62
0.0198	0.1472	5.62819087704427e+62
0.022	0.1472	-4.87128195790272e+62
0.0242	0.1472	5.29764359017761e+62
0.0264	0.1472	-1.85969850653577e+62
0.0286	0.1472	-5.87924620766557e+62
0.0308	0.1472	2.30279937035937e+63
0.033	0.1472	-6.8650919139248e+63
0.0352	0.1472	2.54098660823191e+64
0.0374	0.1472	-1.18454588294225e+65
0.0396	0.1472	6.28250133207391e+65
0.0418	0.1472	-3.50581604432284e+66
0.044	0.1472	1.95430394031109e+67
0.0462	0.1472	-1.07092512775837e+68
0.0484	0.1472	5.73734628249758e+68
0.0506	0.1472	-2.99395963858714e+69
0.0528	0.1472	1.51591905890552e+70
0.055	0.1472	-7.41337707843862e+70
0.0572	0.1472	3.48229101763502e+71
0.0594	0.1472	-1.56058050486864e+72
0.0616	0.1472	6.61687824687006e+72
0.0638	0.1472	-2.62698349746823e+73
0.066	0.1472	9.64044100896785e+73
0.0682	0.1472	-3.21922430484712e+74
0.0704	0.1472	9.60970709445561e+74
0.0726	0.1472	-2.52494822107521e+75
0.0748	0.1472	5.83685378216869e+75
0.077	0.1472	1.1359276784179e+76
0.0792	0.1472	1.38803323539777e+76
0.0814	0.1472	2.02317082842314e+76
0.0836	0.1472	2.42252159505371e+76
0.0858	0.1472	3.16710522054654e+76
0.088	0.1472	3.77883490333839e+76
0.0902	0.1472	4.73136100065061e+76
0.0924	0.1472	5.08654520878883e+76
0.0946	0.1472	5.9886257579153e+76
0.0968	0.1472	6.86361814239365e+76
0.099	0.1472	7.97453921851447e+76
0.1012	0.1472	9.08181215809999e+76
0.1034	0.1472	1.04257773497683e+77
0.1056	0.1472	1.18289189230303e+77
0.1078	0.1472	1.33778462419409e+77
0.11	0.1472	1.51004349701506e+77
0	0.1504	-6.3231168881648e+61
0.0022	0.1504	2.75356749832698e+61
0.0044	0.1504	-2.34875355119146e+61
0.0066	0.1504	2.23883951773735e+60
0.0088	0.1504	1.2964393683949e+61
0.011	0.1504	-5.51684573865618e+61
0.0132	0.1504	6.57370039480156e+61
0.0154	0.1504	-7.9905800160354e+61
0.0176	0.1504	1.29341097180368e+62
0.0198	0.1504	-1.19483912348362e+62
0.022	0.1504	1.0499452778151e+62
0.0242	0.1504	-1.05360255014866e+62
0.0264	0.1504	2.79656098329869e+61
0.0286	0.1504	1.55476107496118e+62
0.0308	0.1504	-6.05526135328199e+62
0.033	0.1504	2.04833284343484e+63
0.0352	0.1504	-8.57756486634651e+63
0.0374	0.1504	4.2656038891254e+64
0.0396	0.1504	-2.29327505548709e+65
0.0418	0.1504	1.25941269870885e+66
0.044	0.1504	-6.85131938175425e+66
0.0462	0.1504	3.65458197144005e+67
0.0484	0.1504	-1.90301918434153e+68
0.0506	0.1504	9.63918952275515e+68
0.0528	0.1504	-4.73071939615928e+69
0.055	0.1504	2.23922510633839e+70
0.0572	0.1504	-1.01658624641624e+71
0.0594	0.1504	4.39691582054878e+71
0.0616	0.1504	-1.79699476996154e+72
0.0638	0.1504	6.87032173371249e+72
0.066	0.1504	-2.42733383260529e+73
0.0682	0.1504	7.81137134782297e+73
0.0704	0.1504	-2.25400769307936e+74
0.0726	0.1504	5.75488093785648e+74
0.0748	0.1504	-1.29437619450892e+75
0.077	0.1504	-2.75578107779236e+75
0.0792	0.1504	-3.43738734582739e+75
0.0814	0.1504	-5.13090894371145e+75
0.0836	0.1504	-6.21964076607226e+75
0.0858	0.1504	-8.22068345261505e+75
0.088	0.1504	-9.89323562617263e+75
0.0902	0.1504	-1.24684961829322e+76
0.0924	0.1504	-1.3500417736629e+76
0.0946	0.1504	-1.59678523676473e+76
0.0968	0.1504	-1.83973979074907e+76
0.099	0.1504	-2.14522999221068e+76
0.1012	0.1504	-2.45365437035929e+76
0.1034	0.1504	-2.82530415849835e+76
0.1056	0.1504	-3.21699526030655e+76
0.1078	0.1504	-3.64864526680582e+76
0.11	0.1504	-4.13092353506275e+76
0	0.1536	1.31515363315115e+61
0.0022	0.1536	-4.96278353912553e+60
0.0044	0.1536	4.51926356223142e+60
0.0066	0.1536	-4.45460266771582e+59
0.0088	0.1536	-3.33603107359899e+60
0.011	0.1536	1.14216166604205e+61
0.0132	0.1536	-1.41784396895025e+61
0.0154	0.1536	1.76588724669944e+61
0.0176	0.1536	-2.67590292313075e+61
0.0198	0.1536	2.53666140043971e+61
0.022	0.1536	-2.24775068126755e+61
0.0242	0.1536	2.08435908736231e+61
0.0264	0.1536	-2.87505783336067e+60
0.0286	0.1536	-4.26756317066546e+61
0.0308	0.1536	1.70711394074734e+62
0.033	0.1536	-6.5403622814771e+62
0.0352	0.1536	2.99843954737203e+63
0.0374	0.1536	-1.54087865126718e+64
0.0396	0.1536	8.25815204265972e+64
0.0418	0.1536	-4.44449131183776e+65
0.044	0.1536	2.35763413064213e+66
0.0462	0.1536	-1.22404083199297e+67
0.0484	0.1536	6.19609334819367e+67
0.0506	0.1536	-3.04733265377496e+68
0.0528	0.1536	1.45040724713618e+69
0.055	0.1536	-6.64988944012751e+69
0.0572	0.1536	2.92073249916273e+70
0.0594	0.1536	-1.22077767539893e+71
0.0616	0.1536	4.81686614257988e+71
0.0638	0.1536	-1.77692226376812e+72
0.066	0.1536	6.05788410904207e+72
0.0682	0.1536	-1.88325867986569e+73
0.0704	0.1536	5.26299426612239e+73
0.0726	0.1536	-1.30516137322847e+74
0.0748	0.1536	2.83845817153787e+74
0.077	0.1536	6.71891614947114e+74
0.0792	0.1536	8.56587240211341e+74
0.0814	0.1536	1.30981993000324e+75
0.0836	0.1536	1.6073608910979e+75
0.0858	0.1536	2.14715062035876e+75
0.088	0.1536	2.60583304675068e+75
0.0902	0.1536	3.30456076471209e+75
0.0924	0.1536	3.60279081741687e+75
0.0946	0.1536	4.27983147562545e+75
0.0968	0.1536	4.95592397211674e+75
0.099	0.1536	5.79860289416308e+75
0.1012	0.1536	6.65963032755091e+75
0.1034	0.1536	7.69035294299053e+75
0.1056	0.1536	8.78629177677978e+75
0.1078	0.1536	9.99218940835891e+75
0.11	0.1536	1.13453682763471e+76
0	0.1568	-2.77162120928368e+60
0.0022	0.1568	1.06984243074401e+60
0.0044	0.1568	-9.48243151322213e+59
0.0066	0.1568	7.66710710827891e+58
0.0088	0.1568	8.73306714086244e+59
0.011	0.1568	-2.49459574065312e+60
0.0132	0.1568	3.18880761043926e+60
0.0154	0.1568	-4.03156734748376e+60
0.0176	0.1568	5.77993376755e+60
0.0198	0.1568	-5.59305392915198e+60
0.022	0.1568	4.96505444861532e+60
0.0242	0.1568	-4.20929128969092e+60
0.0264	0.1568	-3.42920303303756e+59
0.0286	0.1568	1.30803184513963e+61
0.0308	0.1568	-5.5201097521079e+61
0.033	0.1568	2.3633348547065e+62
0.0352	0.1568	-1.1495459171019e+63
0.0374	0.1568	5.97172685548632e+63
0.0396	0.1568	-3.15690792065068e+64
0.0418	0.1568	1.6584539934346e+65
0.044	0.1568	-8.55860120932269e+65
0.0462	0.1568	4.31633001025791e+66
0.0484	0.1568	-2.1199627978134e+67
0.0506	0.1568	1.01051527409447e+68
0.0528	0.1568	-4.65638663334101e+68
0.055	0.1568	2.0646204374184e+69
0.0572	0.1568	-8.76072060400599e+69
0.0594	0.1568	3.53440210203503e+70
0.0616	0.1568	-1.34519058966995e+71
0.0638	0.1568	4.7852590215857e+71
0.066	0.1568	-1.57367439681728e+72
0.0682	0.1568	4.72409144917325e+72
0.0704	0.1568	-1.27631625615766e+73
0.0726	0.1568	3.05059506825995e+73
0.0748	0.1568	-6.2248648242976e+73
0.077	0.1568	-1.71919099703281e+74
0.0792	0.1568	-2.25253953093085e+74
0.0814	0.1568	-3.54370838715703e+74
0.0836	0.1568	-4.4112411071893e+74
0.0858	0.1568	-5.96171984842652e+74
0.088	0.1568	-7.30119389687291e+74
0.0902	0.1568	-9.32100488199035e+74
0.0924	0.1568	-1.02365862982846e+75
0.0946	0.1568	-1.22180876350416e+75
0.0968	0.1568	-1.42231725538516e+75
0.099	0.1568	-1.67016614344018e+75
0.1012	0.1568	-1.9264704663601e+75
0.1034	0.1568	-2.2313926197417e+75
0.1056	0.1568	-2.55863037738734e+75
0.1078	0.1568	-2.91807643091758e+75
0.11	0.1568	-3.32323221193788e+75
0	0.16	1.03483402178343e+60
0.0022	0.16	-5.44930635068503e+59
0.0044	0.16	3.66912287718818e+59
0.0066	0.16	-5.38920988368678e+58
0.0088	0.16	-4.12146444605378e+59
0.011	0.16	1.03345001608181e+60
0.0132	0.16	-1.32028189320251e+60
0.0154	0.16	1.671847630067e+60
0.0176	0.16	-2.30204395859798e+60
0.0198	0.16	2.26083441540121e+60
0.022	0.16	-2.00277672802138e+60
0.0242	0.16	1.56012094469147e+60
0.0264	0.16	5.64392669925667e+59
0.0286	0.16	-7.08532841125294e+60
0.0308	0.16	3.12931185715392e+61
0.033	0.16	-1.4257259193518e+62
0.0352	0.16	7.11155696006565e+62
0.0374	0.16	-3.69308878775106e+63
0.0396	0.16	1.92880485401917e+64
0.0418	0.16	-9.96016549321466e+64
0.044	0.16	5.04242548031601e+65
0.0462	0.16	-2.49180418067353e+66
0.0484	0.16	1.19795898029762e+67
0.0506	0.16	-5.58373633403559e+67
0.0528	0.16	2.51331919127273e+68
0.055	0.16	-1.08743845700863e+69
0.0572	0.16	4.49816264364871e+69
0.0594	0.16	-1.76744614050203e+70
0.0616	0.16	6.54676780448097e+70
0.0638	0.16	-2.26547319087913e+71
0.066	0.16	7.24646590683056e+71
0.0682	0.16	-2.11578380996629e+72
0.0704	0.16	5.54903694517083e+72
0.0726	0.16	-1.26956863587074e+73
0.0748	0.16	2.27141142438021e+73
0.077	0.16	7.7743044332855e+73
0.0792	0.16	1.04980615356381e+74
0.0814	0.16	1.70187645631573e+74
0.0836	0.16	2.14884393786776e+74
0.0858	0.16	2.93835347089218e+74
0.088	0.16	3.63009090456782e+74
0.0902	0.16	4.66336991428799e+74
0.0924	0.16	5.15338217108343e+74
0.0946	0.16	6.17482816781379e+74
0.0968	0.16	7.22079700996478e+74
0.099	0.16	8.50449086663408e+74
0.1012	0.16	9.84386074933343e+74
0.1034	0.16	1.14300332589377e+75
0.1056	0.16	1.31432105777196e+75
0.1078	0.16	1.50237222013381e+75
0.11	0.16	1.71499881689366e+75
