0	0	3.17915731044254e+41
0.0022	0	-2.08010149564725e+40
0.0044	0	1.39785318720608e+41
0.0066	0	-7.59866083245214e+41
0.0088	0	1.91530588353819e+42
0.011	0	-9.95161166105826e+41
0.0132	0	7.68244537936495e+41
0.0154	0	-9.53523207029489e+41
0.0176	0	7.53801738733217e+42
0.0198	0	-6.74632146730877e+42
0.022	0	4.9767482850141e+42
0.0242	0	-5.50054524808336e+42
0.0264	0	-7.92854751852762e+41
0.0286	0	1.96062062214519e+43
0.0308	0	-4.62009877416713e+43
0.033	0	6.4053931737303e+43
0.0352	0	-9.01485047831857e+43
0.0374	0	1.34483819652947e+44
0.0396	0	-1.15861888359949e+44
0.0418	0	-6.90348918785067e+42
0.044	0	3.56144729741823e+44
0.0462	0	-1.46323317806161e+45
0.0484	0	5.04951629824804e+45
0.0506	0	-1.50106923418638e+46
0.0528	0	3.29124089904442e+46
0.055	0	-5.59880753665224e+45
0.0572	0	-5.08091215153362e+47
0.0594	0	4.06230220533311e+48
0.0616	0	-2.32727389966335e+49
0.0638	0	1.14767743849046e+50
0.066	0	-5.17311855154858e+50
0.0682	0	2.20106440703596e+51
0.0704	0	-9.06501050550475e+51
0.0726	0	3.71758521018129e+52
0.0748	0	-1.57910409603236e+53
0.077	0	-1.43007244790671e+53
0.0792	0	-1.23402215551434e+53
0.0814	0	1.22689960377926e+53
0.0836	0	-2.50049944059078e+52
0.0858	0	4.87714228744951e+52
0.088	0	7.68437612758799e+53
0.0902	0	1.42027461387067e+53
0.0924	0	-5.85118410925824e+53
0.0946	0	-5.18321085962331e+53
0.0968	0	-3.70500262203203e+53
0.099	0	-2.70553576805209e+53
0.1012	0	-1.87592909431072e+53
0.1034	0	-1.34649255902772e+53
0.1056	0	-1.00498390923062e+53
0.1078	0	-7.28440022189386e+52
0.11	0	-4.28196873670527e+52
0	0.0032	1.02772541039461e+41
0.0022	0.0032	6.19348323038128e+41
0.0044	0.0032	-1.93527385383564e+41
0.0066	0.0032	1.72605282913274e+42
0.0088	0.0032	-5.10608612383407e+42
0.011	0.0032	2.33924713001529e+42
0.0132	0.0032	-1.75018871424532e+42
0.0154	0.0032	9.63580893800488e+41
0.0176	0.0032	-1.98946748970194e+43
0.0198	0.0032	1.67657794473887e+43
0.022	0.0032	-1.17789663636425e+43
0.0242	0.0032	1.49731330517112e+43
0.0264	0.0032	-9.01041068687204e+41
0.0286	0.0032	-4.60538345234276e+43
0.0308	0.0032	1.14503658288603e+44
0.033	0.0032	-1.54833071379139e+44
0.0352	0.0032	2.16905517507777e+44
0.0374	0.0032	-3.42492855181255e+44
0.0396	0.0032	3.07326194320575e+44
0.0418	0.0032	-3.64968108695086e+43
0.044	0.0032	-6.95760250873641e+44
0.0462	0.0032	3.01826939528843e+45
0.0484	0.0032	-1.09565820556531e+46
0.0506	0.0032	3.52670104258318e+46
0.0528	0.0032	-9.25660658288735e+46
0.055	0.0032	1.31921383543469e+47
0.0572	0.0032	5.22514935446411e+47
0.0594	0.0032	-6.27933903815822e+48
0.0616	0.0032	4.02071986030673e+49
0.0638	0.0032	-2.09350234344569e+50
0.066	0.0032	9.73491490271513e+50
0.0682	0.0032	-4.20981292347613e+51
0.0704	0.0032	1.73667649713087e+52
0.0726	0.0032	-6.98832909581934e+52
0.0748	0.0032	2.83992792777404e+53
0.077	0.0032	2.59273871535633e+53
0.0792	0.0032	2.22329491050582e+53
0.0814	0.0032	-2.66720388362467e+53
0.0836	0.0032	2.81497927342479e+52
0.0858	0.0032	-1.17308625290994e+53
0.088	0.0032	-1.56425765295453e+54
0.0902	0.0032	-3.18627188967019e+53
0.0924	0.0032	1.13926012086652e+54
0.0946	0.0032	1.00789954022644e+54
0.0968	0.0032	7.14203068516338e+53
0.099	0.0032	5.14568802585648e+53
0.1012	0.0032	3.52856483657801e+53
0.1034	0.0032	2.4779193577771e+53
0.1056	0.0032	1.82501861346408e+53
0.1078	0.0032	1.31469093624519e+53
0.11	0.0032	8.86203259620419e+52
0	0.0064	-8.07770173730526e+41
0.0022	0.0064	1.63929903407604e+42
0.0044	0.0064	-8.79591852360192e+41
0.0066	0.0064	-6.54967967404507e+42
0.0088	0.0064	2.57463882370544e+43
0.011	0.0064	-9.82899201998455e+42
0.0132	0.0064	7.55147792986377e+42
0.0154	0.0064	4.61774456494261e+42
0.0176	0.0064	9.8538417270184e+43
0.0198	0.0064	-7.63358249990776e+43
0.022	0.0064	4.96234778420501e+43
0.0242	0.0064	-7.53589904335239e+43
0.0264	0.0064	2.00868709681454e+43
0.0286	0.0064	1.95351036296357e+44
0.0308	0.0064	-5.23972069174949e+44
0.033	0.0064	6.83653850243338e+44
0.0352	0.0064	-9.45485270335829e+44
0.0374	0.0064	1.60935751286944e+45
0.0396	0.0064	-1.49559017902746e+45
0.0418	0.0064	4.04582565708437e+44
0.044	0.0064	2.30645099117958e+45
0.0462	0.0064	-1.07419760448956e+46
0.0484	0.0064	4.1260523009424e+46
0.0506	0.0064	-1.43746335385021e+47
0.0528	0.0064	4.34801486261478e+47
0.055	0.0064	-9.85869848258469e+47
0.0572	0.0064	3.94732260610472e+47
0.0594	0.0064	1.3406061272866e+49
0.0616	0.0064	-1.1050559569591e+50
0.0638	0.0064	6.34660487347014e+50
0.066	0.0064	-3.11001116309051e+51
0.0682	0.0064	1.38587942338359e+52
0.0704	0.0064	-5.79052948550539e+52
0.0726	0.0064	2.30055108936518e+53
0.0748	0.0064	-8.63750277144365e+53
0.077	0.0064	-7.94343468997213e+53
0.0792	0.0064	-6.6768878027078e+53
0.0814	0.0064	1.02963524299811e+54
0.0836	0.0064	1.61892766984736e+52
0.0858	0.0064	5.25282881857478e+53
0.088	0.0064	5.61493945314933e+54
0.0902	0.0064	1.2877280869905e+54
0.0924	0.0064	-3.82731094703101e+54
0.0946	0.0064	-3.38218725994292e+54
0.0968	0.0064	-2.36862986285939e+54
0.099	0.0064	-1.69210996932554e+54
0.1012	0.0064	-1.13897959511464e+54
0.1034	0.0064	-7.81476306794412e+53
0.1056	0.0064	-5.64486947418368e+53
0.1078	0.0064	-3.92279097717866e+53
0.11	0.0064	-2.63095372869524e+53
0	0.0096	-7.7382104480552e+41
0.0022	0.0096	7.07975903995813e+41
0.0044	0.0096	2.61194859630127e+42
0.0066	0.0096	-1.67605999052784e+43
0.0088	0.0096	4.89635829623221e+43
0.011	0.0096	3.75265839888041e+43
0.0132	0.0096	-3.73140695182721e+43
0.0154	0.0096	-7.18039101635067e+43
0.0176	0.0096	-5.11265015186132e+44
0.0198	0.0096	3.60291696267095e+44
0.022	0.0096	-2.10855336097801e+44
0.0242	0.0096	3.88892594225318e+44
0.0264	0.0096	-1.6956929049357e+44
0.0286	0.0096	-8.56166455988555e+44
0.0308	0.0096	2.51097996972895e+45
0.033	0.0096	-3.14372731489421e+45
0.0352	0.0096	4.24570942683207e+45
0.0374	0.0096	-7.85675157079827e+45
0.0396	0.0096	7.45533665726315e+45
0.0418	0.0096	-2.72040413533464e+45
0.044	0.0096	-7.89505189534874e+45
0.0462	0.0096	3.93856837350983e+46
0.0484	0.0096	-1.58398990209357e+47
0.0506	0.0096	5.8548512350018e+47
0.0528	0.0096	-1.93715465932175e+48
0.055	0.0096	5.31411519989417e+48
0.0572	0.0096	-8.90399754072873e+48
0.0594	0.0096	-1.97268467790023e+49
0.0616	0.0096	3.00210900343216e+50
0.0638	0.0096	-1.98801400793009e+51
0.066	0.0096	1.04094311739008e+52
0.0682	0.0096	-4.81809020843437e+52
0.0704	0.0096	2.06414877130794e+53
0.0726	0.0096	-8.38874174961734e+53
0.0748	0.0096	3.27462539986008e+54
0.077	0.0096	3.05389205181279e+54
0.0792	0.0096	2.59092086235624e+54
0.0814	0.0096	-3.69818907443932e+54
0.0836	0.0096	2.37966580866897e+52
0.0858	0.0096	-1.84058829613339e+54
0.088	0.0096	-2.08388375426524e+55
0.0902	0.0096	-4.87427379917292e+54
0.0924	0.0096	1.41747867135091e+55
0.0946	0.0096	1.26061554440492e+55
0.0968	0.0096	8.91200698298229e+54
0.099	0.0096	6.44068465674777e+54
0.1012	0.0096	4.4105305569768e+54
0.1034	0.0096	3.10447712776479e+54
0.1056	0.0096	2.30957140388876e+54
0.1078	0.0096	1.66341938281286e+54
0.11	0.0096	1.19126741786949e+54
0	0.0128	-3.98752402100685e+41
0.0022	0.0128	-3.54847145994401e+41
0.0044	0.0128	5.30833840355717e+42
0.0066	0.0128	-2.09365651694771e+43
0.0088	0.0128	5.13958001645537e+43
0.011	0.0128	5.73657113606614e+43
0.0132	0.0128	2.11125847073257e+44
0.0154	0.0128	6.34566111729283e+44
0.0176	0.0128	2.69010312783478e+45
0.0198	0.0128	-1.6978818417074e+45
0.022	0.0128	8.53454099621609e+44
0.0242	0.0128	-1.99743253416214e+45
0.0264	0.0128	1.17165716503776e+45
0.0286	0.0128	3.70153334290649e+45
0.0308	0.0128	-1.21445398344572e+46
0.033	0.0128	1.44831283377619e+46
0.0352	0.0128	-1.88053806888596e+46
0.0374	0.0128	3.84898611625333e+46
0.0396	0.0128	-3.69477486198186e+46
0.0418	0.0128	1.57620810981287e+46
0.044	0.0128	2.63961498285036e+46
0.0462	0.0128	-1.41480244810336e+47
0.0484	0.0128	5.93302350615621e+47
0.0506	0.0128	-2.30821514509912e+48
0.0528	0.0128	8.18630297242428e+48
0.055	0.0128	-2.52726043338997e+49
0.0572	0.0128	5.94440534139513e+49
0.0594	0.0128	-3.79249424440715e+49
0.0616	0.0128	-6.94688800633156e+50
0.0638	0.0128	5.94948949066169e+51
0.066	0.0128	-3.4209945203422e+52
0.0682	0.0128	1.6626555751684e+53
0.0704	0.0128	-7.33891140919628e+53
0.0726	0.0128	3.0456350315002e+54
0.0748	0.0128	-1.20371185937386e+55
0.077	0.0128	-1.13567349782468e+55
0.0792	0.0128	-9.65714870367284e+54
0.0814	0.0128	1.37371047859153e+55
0.0836	0.0128	6.12156037785049e+51
0.0858	0.0128	6.8389731801194e+54
0.088	0.0128	7.80387349308859e+55
0.0902	0.0128	1.8832246297728e+55
0.0924	0.0128	-5.24236589595717e+55
0.0946	0.0128	-4.69014506875263e+55
0.0968	0.0128	-3.33534702256149e+55
0.099	0.0128	-2.43063707352181e+55
0.1012	0.0128	-1.68450322852893e+55
0.1034	0.0128	-1.20581186563938e+55
0.1056	0.0128	-9.13592936657963e+54
0.1078	0.0128	-6.76019348134545e+54
0.11	0.0128	-5.01589626364851e+54
0	0.016	4.36913169582421e+41
0.0022	0.016	-1.83694688066672e+42
0.0044	0.016	8.08872340036068e+42
0.0066	0.016	-2.54820146446758e+43
0.0088	0.016	5.35609905048498e+43
0.011	0.016	8.35050281503489e+43
0.0132	0.016	1.58054760954508e+44
0.0154	0.016	9.63196350233848e+44
0.0176	0.016	-1.44341599176926e+46
0.0198	0.016	7.9795240963814e+45
0.022	0.016	-3.17255150977983e+45
0.0242	0.016	1.02164837374682e+46
0.0264	0.016	-7.37582662356138e+45
0.0286	0.016	-1.56302899135238e+46
0.0308	0.016	5.92362841086479e+46
0.033	0.016	-6.67950971717886e+46
0.0352	0.016	8.15022878637508e+46
0.0374	0.016	-1.89148821871954e+47
0.0396	0.016	1.82206810833974e+47
0.0418	0.016	-8.47472930755877e+46
0.044	0.016	-8.6092988756628e+46
0.0462	0.016	4.96268753912501e+47
0.0484	0.016	-2.16469313887256e+48
0.0506	0.016	8.82754959148237e+48
0.0528	0.016	-3.32033495854339e+49
0.055	0.016	1.11741702680657e+50
0.0572	0.016	-3.13023297822446e+50
0.0594	0.016	5.52703998983944e+50
0.0616	0.016	9.53344095324059e+50
0.0638	0.016	-1.6360062554928e+52
0.066	0.016	1.08831367824706e+53
0.0682	0.016	-5.64608498649362e+53
0.0704	0.016	2.58675953510281e+54
0.0726	0.016	-1.10439891865072e+55
0.0748	0.016	4.49829635533817e+55
0.077	0.016	4.29431569036413e+55
0.0792	0.016	3.66782966819865e+55
0.0814	0.016	-5.04372535605856e+55
0.0836	0.016	1.88908748682765e+53
0.0858	0.016	-2.49411528109165e+55
0.088	0.016	-2.91919257935486e+56
0.0902	0.016	-7.24254658039296e+55
0.0924	0.016	1.9412495451432e+56
0.0946	0.016	1.74651790446151e+56
0.0968	0.016	1.24919167006747e+56
0.099	0.016	9.17309465766399e+55
0.1012	0.016	6.42748713558322e+55
0.1034	0.016	4.66654557118576e+55
0.1056	0.016	3.59395784178017e+55
0.1078	0.016	2.71736307637656e+55
0.11	0.016	2.07348618965918e+55
0	0.0192	1.91809094200455e+40
0.0022	0.0192	-1.06773435379343e+42
0.0044	0.0192	5.23782532685898e+42
0.0066	0.0192	-1.27950160117007e+43
0.0088	0.0192	6.34617400689561e+42
0.011	0.0192	2.46979120290618e+44
0.0132	0.0192	-2.92833024478176e+44
0.0154	0.0192	2.36423682010635e+45
0.0176	0.0192	-1.94618516298711e+46
0.0198	0.0192	-3.48912808913317e+46
0.022	0.0192	9.81621938163434e+45
0.0242	0.0192	-5.21000413983805e+46
0.0264	0.0192	4.39183176175763e+46
0.0286	0.0192	6.35764721322457e+46
0.0308	0.0192	-2.91601797540894e+47
0.033	0.0192	3.08851040271637e+47
0.0352	0.0192	-3.42105122940942e+47
0.0374	0.0192	9.33449532719991e+47
0.0396	0.0192	-8.9543603467391e+47
0.0418	0.0192	4.35844783775477e+47
0.044	0.0192	2.76903379355071e+47
0.0462	0.0192	-1.69873344298886e+48
0.0484	0.0192	7.69204320872426e+48
0.0506	0.0192	-3.28127284155405e+49
0.0528	0.0192	1.30098708347112e+50
0.055	0.0192	-4.69356079141171e+50
0.0572	0.0192	1.47483226292478e+51
0.0594	0.0192	-3.54976428884996e+51
0.0616	0.0192	2.69642722877732e+51
0.0638	0.0192	3.78477910252535e+52
0.066	0.0192	-3.29029809916721e+53
0.0682	0.0192	1.87032300906655e+54
0.0704	0.0192	-8.95309134922534e+54
0.0726	0.0192	3.93057835434949e+55
0.0748	0.0192	-1.64868452219638e+56
0.077	0.0192	-1.59246404671431e+56
0.0792	0.0192	-1.36231014730492e+56
0.0814	0.0192	1.88028821924114e+56
0.0836	0.0192	1.28575730587517e+54
0.0858	0.0192	9.35417310236885e+55
0.088	0.0192	1.09452142696533e+57
0.0902	0.0192	2.80641983621214e+56
0.0924	0.0192	-7.16503871196708e+56
0.0946	0.0192	-6.48162587688309e+56
0.0968	0.0192	-4.65747404970652e+56
0.099	0.0192	-3.44196113773711e+56
0.1012	0.0192	-2.43285286833413e+56
0.1034	0.0192	-1.78680642430756e+56
0.1056	0.0192	-1.39408415800744e+56
0.1078	0.0192	-1.07291898759554e+56
0.11	0.0192	-8.36767760565545e+55
0	0.0224	2.98128767320557e+41
0.0022	0.0224	-1.67783682541903e+42
0.0044	0.0224	6.36538097633423e+42
0.0066	0.0224	-1.40992182942849e+43
0.0088	0.0224	5.24619860661925e+42
0.011	0.0224	2.62087907333059e+44
0.0132	0.0224	-2.26868096787011e+44
0.0154	0.0224	2.13513133816762e+45
0.0176	0.0224	-1.78501072911257e+46
0.0198	0.0224	-4.53978273730336e+46
0.022	0.0224	-1.29847532752162e+46
0.0242	0.0224	2.65264689647413e+47
0.0264	0.0224	-2.51877121547154e+47
0.0286	0.0224	-2.42498916609377e+47
0.0308	0.0224	1.44967874081348e+48
0.033	0.0224	-1.43503504075061e+48
0.0352	0.0224	1.36527205033017e+48
0.0374	0.0224	-4.63144736605749e+48
0.0396	0.0224	4.38960292990167e+48
0.0418	0.0224	-2.17871508280791e+48
0.044	0.0224	-9.04903837422586e+47
0.0462	0.0224	5.66935916516763e+48
0.0484	0.0224	-2.65925578624555e+49
0.0506	0.0224	1.18608490829317e+50
0.0528	0.0224	-4.94088465027354e+50
0.055	0.0224	1.89267401357913e+51
0.0572	0.0224	-6.48504633186239e+51
0.0594	0.0224	1.84734809149081e+52
0.0616	0.0224	-3.35020999592756e+52
0.0638	0.0224	-5.02377810278272e+52
0.066	0.0224	9.17184013423592e+53
0.0682	0.0224	-6.0131512599608e+54
0.0704	0.0224	3.04511383881019e+55
0.0726	0.0224	-1.37534439050108e+56
0.0748	0.0224	5.95208187619129e+56
0.077	0.0224	5.81723053067198e+56
0.0792	0.0224	4.97209042380171e+56
0.0814	0.0224	-7.09637281956049e+56
0.0836	0.0224	-2.08494707511909e+55
0.0858	0.0224	-3.59367428132879e+56
0.088	0.0224	-4.11216237141983e+57
0.0902	0.0224	-1.09455833930123e+57
0.0924	0.0224	2.63559691610336e+57
0.0946	0.0224	2.39674378133959e+57
0.0968	0.0224	1.72795326381656e+57
0.099	0.0224	1.28303467082634e+57
0.1012	0.0224	9.12413503672874e+56
0.1034	0.0224	6.75547647342524e+56
0.1056	0.0224	5.31970119968294e+56
0.1078	0.0224	4.14455339618967e+56
0.11	0.0224	3.27945764960466e+56
0	0.0256	1.17858859612919e+42
0.0022	0.0256	-1.87259382358734e+42
0.0044	0.0256	4.31564062652693e+42
0.0066	0.0256	-2.97699891723665e+42
0.0088	0.0256	-3.55555781178022e+43
0.011	0.0256	3.94579464819475e+44
0.0132	0.0256	-5.42470439133391e+44
0.0154	0.0256	3.05454720221413e+45
0.0176	0.0256	-2.11597205152162e+46
0.0198	0.0256	-4.18092508990703e+46
0.022	0.0256	-3.05962800980066e+46
0.0242	0.0256	3.28291753408285e+47
0.0264	0.0256	1.36550259795733e+48
0.0286	0.0256	8.14910731773678e+47
0.0308	0.0256	-7.28135192176019e+48
0.033	0.0256	6.72112921011881e+48
0.0352	0.0256	-4.98270693665514e+48
0.0374	0.0256	2.31314430496174e+49
0.0396	0.0256	-2.14763939265716e+49
0.0418	0.0256	1.06906832237639e+49
0.044	0.0256	3.19583828243345e+48
0.0462	0.0256	-1.84227691609224e+49
0.0484	0.0256	8.92548944435066e+49
0.0506	0.0256	-4.16669399248298e+50
0.0528	0.0256	1.82136250505807e+51
0.055	0.0256	-7.36672318268345e+51
0.0572	0.0256	2.7113639090179e+52
0.0594	0.0256	-8.66254045177571e+52
0.0616	0.0256	2.11079824927144e+53
0.0638	0.0256	-1.65886873743845e+53
0.066	0.0256	-2.17753574699664e+54
0.0682	0.0256	1.85516469938131e+55
0.0704	0.0256	-1.01645420283685e+56
0.0726	0.0256	4.71793136105525e+56
0.0748	0.0256	-2.09927103400508e+57
0.077	0.0256	-2.0771179334488e+57
0.0792	0.0256	-1.76688867886596e+57
0.0814	0.0256	2.72450362850786e+57
0.0836	0.0256	1.84225833429887e+56
0.0858	0.0256	1.42589850824079e+57
0.088	0.0256	1.54952257381427e+58
0.0902	0.0256	4.30797087614437e+57
0.0924	0.0256	-9.64517353747603e+57
0.0946	0.0256	-8.81390107480559e+57
0.0968	0.0256	-6.3627227101577e+57
0.099	0.0256	-4.73506021142821e+57
0.1012	0.0256	-3.37457936293982e+57
0.1034	0.0256	-2.50688335960882e+57
0.1056	0.0256	-1.98282987135131e+57
0.1078	0.0256	-1.55365143356623e+57
0.11	0.0256	-1.23746858341184e+57
0	0.0288	-6.57031488722786e+41
0.0022	0.0288	6.0352481270911e+41
0.0044	0.0288	-4.27449211932808e+41
0.0066	0.0288	8.33267929543858e+42
0.0088	0.0288	-6.31806012971534e+43
0.011	0.0288	4.62894490731304e+44
0.0132	0.0288	-5.62974184282427e+44
0.0154	0.0288	2.97365242493839e+45
0.0176	0.0288	-1.97557031605076e+46
0.0198	0.0288	-5.26894831110009e+46
0.022	0.0288	-9.41998842344852e+45
0.0242	0.0288	2.56649161395314e+47
0.0264	0.0288	1.69675909530037e+48
0.0286	0.0288	-2.12565930530933e+48
0.0308	0.0288	3.69576454658396e+49
0.033	0.0288	-3.18604516969643e+49
0.0352	0.0288	1.49492645025196e+49
0.0374	0.0288	-1.16433756732477e+50
0.0396	0.0288	1.04875961938819e+50
0.0418	0.0288	-5.18411897642539e+49
0.044	0.0288	-1.32268744962883e+49
0.0462	0.0288	5.81646211577113e+49
0.0484	0.0288	-2.89820989699129e+50
0.0506	0.0288	1.42003096577228e+51
0.0528	0.0288	-6.51757257632448e+51
0.055	0.0288	2.77436656082567e+52
0.0572	0.0288	-1.08764617435007e+53
0.0594	0.0288	3.79935403640093e+53
0.0616	0.0288	-1.09507010114464e+54
0.0638	0.0288	1.97540778713739e+54
0.066	0.0288	3.14112999058077e+54
0.0682	0.0288	-5.36887894406781e+55
0.0704	0.0288	3.32966283559646e+56
0.0726	0.0288	-1.58511142723777e+57
0.0748	0.0288	7.12231550778228e+57
0.077	0.0288	7.14517799473106e+57
0.0792	0.0288	6.00649831631449e+57
0.0814	0.0288	-1.07076587146451e+58
0.0836	0.0288	-1.34036247170159e+57
0.0858	0.0288	-5.89330371513718e+57
0.088	0.0288	-5.86386055500243e+58
0.0902	0.0288	-1.71679321998669e+58
0.0924	0.0288	3.50228675263399e+58
0.0946	0.0288	3.21435831148564e+58
0.0968	0.0288	2.31626017320142e+58
0.099	0.0288	1.72111621424458e+58
0.1012	0.0288	1.22197633729894e+58
0.1034	0.0288	9.04393164665983e+57
0.1056	0.0288	7.13393797106259e+57
0.1078	0.0288	5.56927736900533e+57
0.11	0.0288	4.41636563595738e+57
0	0.032	1.0359449825195e+42
0.0022	0.032	-1.77762389460412e+42
0.0044	0.032	3.74335951130645e+42
0.0066	0.032	3.10188277633065e+41
0.0088	0.032	-4.22033581797156e+43
0.011	0.032	3.91402114915756e+44
0.0132	0.032	-1.92103303345355e+44
0.0154	0.032	1.68181657693088e+45
0.0176	0.032	-1.58606305324023e+46
0.0198	0.032	-7.279431269393e+46
0.022	0.032	4.80306483827629e+46
0.0242	0.032	7.32056215404676e+46
0.0264	0.032	2.40674855329228e+48
0.0286	0.032	-4.63864520119936e+48
0.0308	0.032	4.68401032825178e+49
0.033	0.032	1.48186948934175e+50
0.0352	0.032	-2.01093558423549e+49
0.0374	0.032	5.91392171917734e+50
0.0396	0.032	-5.10986295872255e+50
0.0418	0.032	2.4970690050126e+50
0.044	0.032	6.63423025366521e+49
0.0462	0.032	-1.77690696319113e+50
0.0484	0.032	9.05352747001037e+50
0.0506	0.032	-4.67995413304871e+51
0.0528	0.032	2.26180956501575e+52
0.055	0.032	-1.0115373295097e+53
0.0572	0.032	4.20361909768263e+53
0.0594	0.032	-1.58425465693838e+54
0.0616	0.032	5.14179628616519e+54
0.0638	0.032	-1.24957910054505e+55
0.066	0.032	8.27776866873828e+54
0.0682	0.032	1.37775451933071e+56
0.0704	0.032	-1.07242222827829e+57
0.0726	0.032	5.25082319866624e+57
0.0748	0.032	-2.25226810903817e+58
0.077	0.032	-2.30011079059379e+58
0.0792	0.032	-1.88198481875264e+58
0.0814	0.032	4.33780463928933e+58
0.0836	0.032	8.84309473039256e+57
0.0858	0.032	2.55338948615703e+58
0.088	0.032	2.23271796505189e+59
0.0902	0.032	6.95591222548708e+58
0.0924	0.032	-1.25644854738897e+59
0.0946	0.032	-1.15725192722543e+59
0.0968	0.032	-8.28286833201638e+58
0.099	0.032	-6.10779189806582e+58
0.1012	0.032	-4.2773879067044e+58
0.1034	0.032	-3.11591331754661e+58
0.1056	0.032	-2.42074073290184e+58
0.1078	0.032	-1.85124103570256e+58
0.11	0.032	-1.43174548778921e+58
0	0.0352	-9.83770267531902e+41
0.0022	0.0352	1.79791010791892e+42
0.0044	0.0352	-4.87598566935744e+42
0.0066	0.0352	2.25110045584859e+43
0.0088	0.0352	-9.97552487985905e+43
0.011	0.0352	5.47624129572542e+44
0.0132	0.0352	-4.79513321581045e+44
0.0154	0.0352	2.55088100454716e+45
0.0176	0.0352	-1.79241389928831e+46
0.0198	0.0352	-7.13878075337348e+46
0.022	0.0352	2.18095367460346e+46
0.0242	0.0352	1.76538164675418e+47
0.0264	0.0352	2.09626849510858e+48
0.0286	0.0352	-2.72083654646784e+48
0.0308	0.0352	3.87719302054768e+49
0.033	0.0352	1.93934248626679e+50
0.0352	0.0352	-2.20509015549122e+50
0.0374	0.0352	-3.03430802564091e+51
0.0396	0.0352	2.48194169977662e+51
0.0418	0.0352	-1.19990166079911e+51
0.044	0.0352	-3.82795014968306e+50
0.0462	0.0352	5.20014430557057e+50
0.0484	0.0352	-2.6960643859721e+51
0.0506	0.0352	1.48348091987263e+52
0.0528	0.0352	-7.59789646706423e+52
0.055	0.0352	3.56741699679373e+53
0.0572	0.0352	-1.56726854926451e+54
0.0594	0.0352	6.32657987928557e+54
0.0616	0.0352	-2.25954919630116e+55
0.0638	0.0352	6.55116396799587e+55
0.066	0.0352	-1.11327570046664e+56
0.0682	0.0352	-2.5540614542891e+56
0.0704	0.0352	3.40376218581925e+57
0.0726	0.0352	-1.76326288127559e+58
0.0748	0.0352	6.12023780512794e+58
0.077	0.0352	6.44403755183462e+58
0.0792	0.0352	4.9068449661418e+58
0.0814	0.0352	-1.82391072409663e+59
0.0836	0.0352	-5.51060520234686e+58
0.0858	0.0352	-1.16289305431456e+59
0.088	0.0352	-8.57595267022358e+59
0.0902	0.0352	-2.87928350777069e+59
0.0924	0.0352	4.42118333529404e+59
0.0946	0.0352	4.08146180431734e+59
0.0968	0.0352	2.87675203653717e+59
0.099	0.0352	2.08212647621659e+59
0.1012	0.0352	1.41113818272153e+59
0.1034	0.0352	9.86620589716475e+58
0.1056	0.0352	7.33889684308771e+58
0.1078	0.0352	5.26887222843746e+58
0.11	0.0352	3.74524876693098e+58
0	0.0384	-7.00689202542898e+41
0.0022	0.0384	-6.86947943232661e+41
0.0044	0.0384	2.67925335836993e+42
0.0066	0.0384	8.79686757123963e+41
0.0088	0.0384	-3.00923793945941e+43
0.011	0.0384	3.09071026006311e+44
0.0132	0.0384	4.62136793311918e+44
0.0154	0.0384	-5.61374767466413e+44
0.0176	0.0384	-8.12773084016801e+45
0.0198	0.0384	-1.10917045090528e+47
0.022	0.0384	1.40228539220435e+47
0.0242	0.0384	-2.08393489268579e+47
0.0264	0.0384	3.49478867524033e+48
0.0286	0.0384	-7.72408595987984e+48
0.0308	0.0384	5.80266078710273e+49
0.033	0.0384	1.39667589152724e+50
0.0352	0.0384	8.25523514169215e+48
0.0374	0.0384	-4.23164000640446e+51
0.0396	0.0384	-1.15391010762737e+52
0.0418	0.0384	5.76468896059541e+51
0.044	0.0384	2.35218648449572e+51
0.0462	0.0384	-1.41512568379107e+51
0.0484	0.0384	7.53398528214594e+51
0.0506	0.0384	-4.48050985617698e+52
0.0528	0.0384	2.46380970785822e+53
0.055	0.0384	-1.21449858625104e+54
0.0572	0.0384	5.63277918101069e+54
0.0594	0.0384	-2.42569892460004e+55
0.0616	0.0384	9.4222861615038e+55
0.0638	0.0384	-3.11179438605316e+56
0.066	0.0384	7.37837658077742e+56
0.0682	0.0384	-1.6674550021447e+56
0.0704	0.0384	-1.05541475671595e+58
0.0726	0.0384	6.4448184158114e+58
0.0748	0.0384	-1.00214389500177e+59
0.077	0.0384	-1.17605561059694e+59
0.0792	0.0384	-6.09647001731611e+58
0.0814	0.0384	8.00447233655927e+59
0.0836	0.0384	3.31508680781604e+59
0.0858	0.0384	5.5582517365358e+59
0.088	0.0384	3.33499036909929e+60
0.0902	0.0384	1.22410978119457e+60
0.0924	0.0384	-1.50595038814264e+60
0.0946	0.0384	-1.39036567749436e+60
0.0968	0.0384	-9.49236039605082e+59
0.099	0.0384	-6.59001224616634e+59
0.1012	0.0384	-4.13077698544445e+59
0.1034	0.0384	-2.57972758913622e+59
0.1056	0.0384	-1.66161377094487e+59
0.1078	0.0384	-9.09877692996048e+58
0.11	0.0384	-3.57162314654315e+58
0	0.0416	1.9832592710127e+42
0.0022	0.0416	-2.77500786286236e+42
0.0044	0.0416	1.99289124294396e+42
0.0066	0.0416	8.23700972751992e+42
0.0088	0.0416	-5.50522014295097e+43
0.011	0.0416	3.92676196647406e+44
0.0132	0.0416	3.33927372762145e+44
0.0154	0.0416	1.08686807735627e+44
0.0176	0.0416	-1.04785164689581e+46
0.0198	0.0416	-1.06250377088791e+47
0.022	0.0416	9.24932576605112e+46
0.0242	0.0416	-6.72855131014621e+45
0.0264	0.0416	2.77622498158034e+48
0.0286	0.0416	-4.00256679050412e+48
0.0308	0.0416	4.22015060591238e+49
0.033	0.0416	2.1975051957097e+50
0.0352	0.0416	-2.2095965451886e+50
0.0374	0.0416	-3.34516150776314e+51
0.0396	0.0416	-1.71591377418898e+52
0.0418	0.0416	-2.64033567408831e+52
0.044	0.0416	-1.46817873647591e+52
0.0462	0.0416	3.2103908553529e+51
0.0484	0.0416	-1.91752072906415e+52
0.0506	0.0416	1.26598188118996e+53
0.0528	0.0416	-7.68467092643235e+53
0.055	0.0416	3.97887845586078e+54
0.0572	0.0416	-1.94692425262276e+55
0.0594	0.0416	8.92480472694757e+55
0.0616	0.0416	-3.74656874710745e+56
0.0638	0.0416	1.3799380475105e+57
0.066	0.0416	-4.01897375713872e+57
0.0682	0.0416	5.69388305448796e+57
0.0704	0.0416	3.12758674288804e+58
0.0726	0.0416	-3.41452992221242e+59
0.0748	0.0416	1.9632985587532e+60
0.077	0.0416	2.0040500670139e+60
0.0792	0.0416	1.67376551797617e+60
0.0814	0.0416	-3.54451308697918e+60
0.0836	0.0416	-6.66598127270621e+59
0.0858	0.0416	-2.15582858060082e+60
0.088	0.0416	-1.96722992950297e+61
0.0902	0.0416	-6.12285597150536e+60
0.0924	0.0416	1.15899307014948e+61
0.0946	0.0416	1.07694536542272e+61
0.0968	0.0416	7.7618433877182e+60
0.099	0.0416	5.73770669784599e+60
0.1012	0.0416	3.99743972036851e+60
0.1034	0.0416	2.87307450126915e+60
0.1056	0.0416	2.1901019191572e+60
0.1078	0.0416	1.61756716340944e+60
0.11	0.0416	1.18881392664516e+60
0	0.0448	-3.22078269170851e+41
0.0022	0.0448	1.34968153460758e+42
0.0044	0.0448	-5.79186957672854e+42
0.0066	0.0448	2.48930510402088e+43
0.0088	0.0448	-8.77363973346596e+43
0.011	0.0448	4.4803797673825e+44
0.0132	0.0448	3.95467941674642e+44
0.0154	0.0448	-1.47687851872318e+44
0.0176	0.0448	-1.00492104979073e+46
0.0198	0.0448	-1.14867692049313e+47
0.022	0.0448	1.04236045730032e+47
0.0242	0.0448	-3.18938970353925e+46
0.0264	0.0448	2.95363067741941e+48
0.0286	0.0448	-4.48966364331324e+48
0.0308	0.0448	4.49013723777103e+49
0.033	0.0448	2.266125495397e+50
0.0352	0.0448	-2.01970320490111e+50
0.0374	0.0448	-3.79157305945672e+51
0.0396	0.0448	-1.77650376730645e+52
0.0418	0.0448	-3.29681795026815e+52
0.044	0.0448	-2.36939112634499e+52
0.0462	0.0448	1.37074986899975e+50
0.0484	0.0448	4.15604915758097e+52
0.0506	0.0448	-3.20752372708039e+53
0.0528	0.0448	2.29503967738908e+54
0.055	0.0448	-1.24916622919257e+55
0.0572	0.0448	6.44777490332405e+55
0.0594	0.0448	-3.14241815371314e+56
0.0616	0.0448	1.42029778826922e+57
0.0638	0.0448	-5.77049891815697e+57
0.066	0.0448	1.97546764798229e+58
0.0682	0.0448	-4.67741295884127e+58
0.0704	0.0448	-1.43980608396611e+58
0.0726	0.0448	1.00460309605345e+60
0.0748	0.0448	-7.21597290795034e+60
0.077	0.0448	-7.58495576467675e+60
0.0792	0.0448	-6.29643635827006e+60
0.0814	0.0448	1.45953345604057e+61
0.0836	0.0448	3.3091190459822e+60
0.0858	0.0448	9.15477263292424e+60
0.088	0.0448	8.03775686177683e+61
0.0902	0.0448	2.66052359117026e+61
0.0924	0.0448	-4.51365585178674e+61
0.0946	0.0448	-4.25105249184388e+61
0.0968	0.0448	-3.08919866597227e+61
0.099	0.0448	-2.31001093517464e+61
0.1012	0.0448	-1.63303926740845e+61
0.1034	0.0448	-1.19675493953483e+61
0.1056	0.0448	-9.33100655249648e+60
0.1078	0.0448	-7.10859949477089e+60
0.11	0.0448	-5.43138993640541e+60
0	0.048	4.02270900547324e+41
0.0022	0.048	-2.5177467369679e+41
0.0044	0.048	-4.3349128891633e+42
0.0066	0.048	1.97225221637301e+43
0.0088	0.048	-6.37743237865659e+43
0.011	0.048	3.63337579956829e+44
0.0132	0.048	8.32211809150394e+44
0.0154	0.048	-1.24181898380754e+45
0.0176	0.048	-6.79392180924213e+45
0.0198	0.048	-1.28855252193725e+47
0.022	0.048	1.15589990556923e+47
0.0242	0.048	-2.85519370140998e+46
0.0264	0.048	2.92755346840027e+48
0.0286	0.048	-3.34710742344798e+48
0.0308	0.048	3.90411186094754e+49
0.033	0.048	2.68631151625069e+50
0.0352	0.048	-2.69742522006013e+50
0.0374	0.048	-3.58024818282035e+51
0.0396	0.048	-2.09413413253185e+52
0.0418	0.048	-3.4278984360005e+52
0.044	0.048	-2.92709391794256e+52
0.0462	0.048	5.37253474575427e+51
0.0484	0.048	-6.55113102187365e+52
0.0506	0.048	6.37191130820815e+53
0.0528	0.048	-6.52868711592265e+54
0.055	0.048	3.73782401042041e+55
0.0572	0.048	-2.03568711767103e+56
0.0594	0.048	1.05405741671072e+57
0.0616	0.048	-5.11365712716507e+57
0.0638	0.048	2.26970096926978e+58
0.066	0.048	-8.81965471151041e+58
0.0682	0.048	2.70075046719847e+59
0.0704	0.048	-4.04103613660783e+59
0.0726	0.048	-2.17448342285534e+60
0.0748	0.048	2.39210667880866e+61
0.077	0.048	2.63841723637733e+61
0.0792	0.048	2.14637138231028e+61
0.0814	0.048	-6.06126477629583e+61
0.0836	0.048	-1.74291907280955e+61
0.0858	0.048	-3.97565363718522e+61
0.088	0.048	-3.24204593398513e+62
0.0902	0.048	-1.1589866415914e+62
0.0924	0.048	1.68828769014917e+62
0.0946	0.048	1.61704080081328e+62
0.0968	0.048	1.18335246287519e+62
0.099	0.048	8.9436701084084e+61
0.1012	0.048	6.40100706535817e+61
0.1034	0.048	4.7714212284944e+61
0.1056	0.048	3.79629765400041e+61
0.1078	0.048	2.97018526818149e+61
0.11	0.048	2.34197377920837e+61
0	0.0512	7.09955002851138e+41
0.0022	0.0512	1.43320339662219e+42
0.0044	0.0512	-7.55657858975342e+42
0.0066	0.0512	2.42303574716346e+43
0.0088	0.0512	-6.12974446758355e+43
0.011	0.0512	3.20043053026226e+44
0.0132	0.0512	1.177855961784e+45
0.0154	0.0512	-2.19099780880047e+45
0.0176	0.0512	-4.59779809220119e+45
0.0198	0.0512	-1.42300534687883e+47
0.022	0.0512	1.37093849732037e+47
0.0242	0.0512	-7.97627200432836e+46
0.0264	0.0512	3.1900249870764e+48
0.0286	0.0512	-4.09521656623984e+48
0.0308	0.0512	4.28696820515501e+49
0.033	0.0512	2.70880051896936e+50
0.0352	0.0512	-2.14074617813386e+50
0.0374	0.0512	-4.19613791969564e+51
0.0396	0.0512	-2.10672124791225e+52
0.0418	0.0512	-4.57790133101809e+52
0.044	0.0512	-2.2767573589528e+52
0.0462	0.0512	-5.39295172314482e+52
0.0484	0.0512	2.03441329062915e+53
0.0506	0.0512	-1.94518054901517e+54
0.0528	0.0512	1.7639570102855e+55
0.055	0.0512	-1.0586024449673e+56
0.0572	0.0512	6.08785923385845e+56
0.0594	0.0512	-3.34986315106182e+57
0.0616	0.0512	1.74223866985259e+58
0.0638	0.0512	-8.40355539052382e+58
0.066	0.0512	3.63945029956309e+59
0.0682	0.0512	-1.32454129162041e+60
0.0704	0.0512	3.32749974912466e+60
0.0726	0.0512	7.49494485302019e+59
0.0748	0.0512	-7.15581218952952e+61
0.077	0.0512	-8.56403962020288e+61
0.0792	0.0512	-6.67783651622827e+61
0.0814	0.0512	2.57204147466198e+62
0.0836	0.0512	9.19805860480252e+61
0.0858	0.0512	1.77437566699063e+62
0.088	0.0512	1.32044464229601e+63
0.0902	0.0512	5.12082499978073e+62
0.0924	0.0512	-6.2346335168501e+62
0.0946	0.0512	-6.09271424327342e+62
0.0968	0.0512	-4.48219568537108e+62
0.099	0.0512	-3.41871187306064e+62
0.1012	0.0512	-2.46886201403072e+62
0.1034	0.0512	-1.86533418560741e+62
0.1056	0.0512	-1.50971791358889e+62
0.1078	0.0512	-1.2070862741082e+62
0.11	0.0512	-9.75391908779151e+61
0	0.0544	-1.3768559367155e+42
0.0022	0.0544	3.29631705671377e+42
0.0044	0.0544	-1.15955005572998e+43
0.0066	0.0544	2.86246996638677e+43
0.0088	0.0544	-5.82498028460034e+43
0.011	0.0544	2.97212774513453e+44
0.0132	0.0544	1.40842969903207e+45
0.0154	0.0544	-2.4344003479898e+45
0.0176	0.0544	-4.59428427671475e+45
0.0198	0.0544	-1.44854602751876e+47
0.022	0.0544	1.04585250699085e+47
0.0242	0.0544	7.78012585683968e+46
0.0264	0.0544	2.63042135409099e+48
0.0286	0.0544	-9.24829474820965e+47
0.0308	0.0544	2.94531347759771e+49
0.033	0.0544	3.42198203558699e+50
0.0352	0.0544	-3.81417838085484e+50
0.0374	0.0544	-3.62341881432981e+51
0.0396	0.0544	-2.60357941800266e+52
0.0418	0.0544	-4.20592829657369e+52
0.044	0.0544	-6.09727665005917e+52
0.0462	0.0544	8.81059637237384e+52
0.0484	0.0544	-5.34812959283743e+53
0.0506	0.0544	4.98884912649883e+54
0.0528	0.0544	-4.45749641765715e+55
0.055	0.0544	2.81071014321518e+56
0.0572	0.0544	-1.70927700681736e+57
0.0594	0.0544	1.00069738172193e+58
0.0616	0.0544	-5.58192063565145e+58
0.0638	0.0544	2.92080511447635e+59
0.066	0.0544	-1.3981854470228e+60
0.0682	0.0544	5.84584339205775e+60
0.0704	0.0544	-1.91283927943091e+61
0.0726	0.0544	2.99383240172615e+61
0.0748	0.0544	1.69914326521474e+62
0.077	0.0544	2.44470220272841e+62
0.0792	0.0544	1.71464596646383e+62
0.0814	0.0544	-1.11821092922098e+63
0.0836	0.0544	-4.84702224644651e+62
0.0858	0.0544	-8.14024240869265e+62
0.088	0.0544	-5.45235604911607e+63
0.0902	0.0544	-2.30091080844565e+63
0.0924	0.0544	2.26565161637794e+63
0.0946	0.0544	2.27012646692536e+63
0.0968	0.0544	1.67428318421722e+63
0.099	0.0544	1.28579447326283e+63
0.1012	0.0544	9.32413230812388e+62
0.1034	0.0544	7.10772032454597e+62
0.1056	0.0544	5.83242614210306e+62
0.1078	0.0544	4.74324882362473e+62
0.11	0.0544	3.90481246723639e+62
0	0.0576	2.63181966977425e+42
0.0022	0.0576	7.75447155998931e+40
0.0044	0.0576	-3.11761820284037e+42
0.0066	0.0576	1.18656440161391e+42
0.0088	0.0576	3.45972049953356e+43
0.011	0.0576	-3.81994979871055e+42
0.0132	0.0576	2.51883089923104e+45
0.0154	0.0576	-5.57863878265692e+45
0.0176	0.0576	4.27985591671417e+45
0.0198	0.0576	-1.79694517321071e+47
0.022	0.0576	1.92504301095507e+47
0.0242	0.0576	-1.97168651632001e+47
0.0264	0.0576	3.68140862954892e+48
0.0286	0.0576	-4.63197437935009e+48
0.0308	0.0576	4.49329868289052e+49
0.033	0.0576	2.98432528679075e+50
0.0352	0.0576	-1.23307189644623e+50
0.0374	0.0576	-5.07248841788983e+51
0.0396	0.0576	-2.30285240027319e+52
0.0418	0.0576	-6.99022257976595e+52
0.044	0.0576	7.20253473028887e+51
0.0462	0.0576	-2.64938181230936e+53
0.0484	0.0576	1.25609931648458e+54
0.0506	0.0576	-1.17034730532785e+55
0.0528	0.0576	1.0400552331756e+56
0.055	0.0576	-6.90448464767268e+56
0.0572	0.0576	4.44881946760634e+57
0.0594	0.0576	-2.77681448969024e+58
0.0616	0.0576	1.66426086012675e+59
0.0638	0.0576	-9.4552499627107e+59
0.066	0.0576	4.99110533164363e+60
0.0682	0.0576	-2.36458131447989e+61
0.0704	0.0576	9.36016697119513e+61
0.0726	0.0576	-2.49716203938965e+62
0.0748	0.0576	-1.19233643347766e+62
0.077	0.0576	-4.97177983960299e+62
0.0792	0.0576	-2.09924000940404e+62
0.0814	0.0576	4.98445064963274e+63
0.0836	0.0576	2.54860470444209e+63
0.0858	0.0576	3.83252669136392e+63
0.088	0.0576	2.29026314032672e+64
0.0902	0.0576	1.05391169399978e+64
0.0924	0.0576	-8.02887074810932e+63
0.0946	0.0576	-8.31774659714237e+63
0.0968	0.0576	-6.12398145637739e+63
0.099	0.0576	-4.71942165484082e+63
0.1012	0.0576	-3.41164279130036e+63
0.1034	0.0576	-2.60726310555372e+63
0.1056	0.0576	-2.16137554137385e+63
0.1078	0.0576	-1.77979138887676e+63
0.11	0.0576	-1.48499620131034e+63
0	0.0608	-5.14860468629432e+42
0.0022	0.0608	9.92660239727535e+42
0.0044	0.0608	-2.34797420493054e+43
0.0066	0.0608	4.72436402835616e+43
0.0088	0.0608	-8.56724572972666e+43
0.011	0.0608	3.7041651355538e+44
0.0132	0.0608	1.43493698920088e+45
0.0154	0.0608	-1.26737134216514e+45
0.0176	0.0608	-1.13660386589075e+46
0.0198	0.0608	-1.29094826248136e+47
0.022	0.0608	-2.55304203756549e+46
0.0242	0.0608	5.97345311090221e+47
0.0264	0.0608	9.15333196448608e+47
0.0286	0.0608	6.8298727116435e+48
0.0308	0.0608	2.07318858279364e+47
0.033	0.0608	4.90124679726519e+50
0.0352	0.0608	-7.4254997822912e+50
0.0374	0.0608	-2.74365387989021e+51
0.0396	0.0608	-3.54585452611478e+52
0.0418	0.0608	-3.81014683147619e+52
0.044	0.0608	-1.66143316929129e+53
0.0462	0.0608	4.81778665506278e+53
0.0484	0.0608	-2.69561669504645e+54
0.0506	0.0608	2.49036861475395e+55
0.0528	0.0608	-2.19785647068936e+56
0.055	0.0608	1.53941310824718e+57
0.0572	0.0608	-1.05353152273496e+58
0.0594	0.0608	7.03044965985316e+58
0.0616	0.0608	-4.54138324135819e+59
0.0638	0.0608	2.80972263149963e+60
0.066	0.0608	-1.63833600094858e+61
0.0682	0.0608	8.76584913691823e+61
0.0704	0.0608	-4.09057930256692e+62
0.0726	0.0608	1.47015608175021e+63
0.0748	0.0608	-2.19622822984346e+63
0.077	0.0608	-3.31393471965555e+62
0.0792	0.0608	-1.49287234744433e+63
0.0814	0.0608	-2.27720527470714e+64
0.0836	0.0608	-1.33698051723566e+64
0.0858	0.0608	-1.84777632939676e+64
0.088	0.0608	-9.83039198135952e+64
0.0902	0.0608	-4.93676100336347e+64
0.0924	0.0608	2.72824006535679e+64
0.0946	0.0608	2.96927273583417e+64
0.0968	0.0608	2.16708789076314e+64
0.099	0.0608	1.66713333292919e+64
0.1012	0.0608	1.18665330814622e+64
0.1034	0.0608	8.99868678210855e+63
0.1056	0.0608	7.50361595843924e+63
0.1078	0.0608	6.22540139208566e+63
0.11	0.0608	5.23719482683151e+63
0	0.064	4.50163743228201e+42
0.0022	0.064	-3.99480394464558e+42
0.0044	0.064	1.30964080467988e+43
0.0066	0.064	-5.90019587498255e+43
0.0088	0.064	2.37660340797026e+44
0.011	0.064	-6.27111223725895e+44
0.0132	0.064	4.73825171888223e+45
0.0154	0.064	-1.13691303419538e+46
0.0176	0.064	2.04341211790125e+46
0.0198	0.064	-2.41561235423434e+47
0.022	0.064	3.24826499460785e+47
0.0242	0.064	-5.90640139771871e+47
0.0264	0.064	5.21527606044593e+48
0.0286	0.064	-9.29839375932516e+48
0.0308	0.064	6.42673629818018e+49
0.033	0.064	2.54770414108902e+50
0.0352	0.064	2.99691106047928e+50
0.0374	0.064	-7.37315668284635e+51
0.0396	0.064	-1.97218941284931e+52
0.0418	0.064	-1.23180422807167e+53
0.044	0.064	1.39161644024409e+53
0.0462	0.064	-9.94859118759987e+53
0.0484	0.064	5.09197543464916e+54
0.0506	0.064	-4.68168779193944e+55
0.0528	0.064	4.08371976440793e+56
0.055	0.064	-3.02484300179167e+57
0.0572	0.064	2.20506635649448e+58
0.0594	0.064	-1.5788269392785e+59
0.0616	0.064	1.10392511584534e+60
0.0638	0.064	-7.47490056540565e+60
0.066	0.064	4.83983588275613e+61
0.0682	0.064	-2.93548174313482e+62
0.0704	0.064	1.60685365071739e+63
0.0726	0.064	-7.3176397441426e+63
0.0748	0.064	2.11691279313214e+64
0.077	0.064	1.21478224783705e+64
0.0792	0.064	1.70569955450722e+64
0.0814	0.064	1.06549423964348e+65
0.0836	0.064	7.00113051907724e+64
0.0858	0.064	9.1105887363695e+64
0.088	0.064	4.34099721481524e+65
0.0902	0.064	2.37702916952752e+65
0.0924	0.064	-8.58063049859734e+64
0.0946	0.064	-1.01638880668693e+65
0.0968	0.064	-7.26022368066699e+64
0.099	0.064	-5.52525563444181e+64
0.1012	0.064	-3.77769949943364e+64
0.1034	0.064	-2.78398306763668e+64
0.1056	0.064	-2.32043085625594e+64
0.1078	0.064	-1.92722314842381e+64
0.11	0.064	-1.62446264928727e+64
0	0.0672	-3.01555948678552e+42
0.0022	0.0672	1.13877774503474e+43
0.0044	0.0672	-2.67559957683253e+43
0.0066	0.0672	5.34116026094431e+43
0.0088	0.0672	-1.10369005341273e+44
0.011	0.0672	5.34237544356825e+44
0.0132	0.0672	9.45123010929947e+44
0.0154	0.0672	2.42297593522828e+45
0.0176	0.0672	-2.81063678730014e+46
0.0198	0.0672	-7.74494275213421e+46
0.022	0.0672	-2.90979374671161e+47
0.0242	0.0672	1.58833117193101e+48
0.0264	0.0672	-2.42901274804495e+48
0.0286	0.0672	2.07598159772498e+49
0.0308	0.0672	-5.21272044047377e+49
0.033	0.0672	7.2709400765744e+50
0.0352	0.0672	-1.41640631135703e+51
0.0374	0.0672	-6.3137128819051e+50
0.0396	0.0672	-5.08547814034954e+52
0.0418	0.0672	-1.49760892995694e+52
0.044	0.0672	-3.92802062288537e+53
0.0462	0.0672	1.4390057191607e+54
0.0484	0.0672	-8.20560145386549e+54
0.0506	0.0672	7.43750140131595e+55
0.0528	0.0672	-6.34719866464421e+56
0.055	0.0672	4.98420861384915e+57
0.0572	0.0672	-3.8828444781799e+58
0.0594	0.0672	2.9956348080157e+59
0.0616	0.0672	-2.27992060934764e+60
0.0638	0.0672	1.70177916814463e+61
0.066	0.0672	-1.23453604462668e+62
0.0682	0.0672	8.57592216881937e+62
0.0704	0.0672	-5.55578677715244e+63
0.0726	0.0672	3.17814485521738e+64
0.0748	0.0672	-1.38063640798599e+65
0.077	0.0672	-9.5443519236848e+64
0.0792	0.0672	-1.17702166844539e+65
0.0814	0.0672	-5.11363260999097e+65
0.0836	0.0672	-3.66917916752796e+65
0.0858	0.0672	-4.60758765480798e+65
0.088	0.0672	-1.99671793774118e+66
0.0902	0.0672	-1.1881926599748e+66
0.0924	0.0672	2.27164458415422e+65
0.0946	0.0672	3.24060558907639e+65
0.0968	0.0672	2.20624682473967e+65
0.099	0.0672	1.63127302052936e+65
0.1012	0.0672	1.00420181337522e+65
0.1034	0.0672	6.76668934275436e+64
0.1056	0.0672	5.56993908669293e+64
0.1078	0.0672	4.58494882260153e+64
0.11	0.0672	3.8359772366263e+64
0	0.0704	-1.07826455266907e+43
0.0022	0.0704	9.28486605748501e+42
0.0044	0.0704	6.32698617659732e+41
0.0066	0.0704	-5.17661145788953e+43
0.0088	0.0704	2.50751001973334e+44
0.011	0.0704	-6.68508280299669e+44
0.0132	0.0704	5.15970005729898e+45
0.0154	0.0704	-1.12566509536284e+46
0.0176	0.0704	1.78325555759503e+46
0.0198	0.0704	-2.45349751726204e+47
0.022	0.0704	2.68401614731756e+47
0.0242	0.0704	-3.98822703012166e+47
0.0264	0.0704	4.94159950600933e+48
0.0286	0.0704	-7.89634858401453e+48
0.0308	0.0704	6.40765733774906e+49
0.033	0.0704	2.73370137207662e+50
0.0352	0.0704	5.71029194830476e+50
0.0374	0.0704	-9.31377492658077e+51
0.0396	0.0704	-1.78576678643124e+52
0.0418	0.0704	-1.81630818361867e+53
0.044	0.0704	2.75611252040989e+53
0.0462	0.0704	-1.8972242840484e+54
0.0484	0.0704	1.03926344505399e+55
0.0506	0.0704	-9.17258377301851e+55
0.0528	0.0704	7.46295667769888e+56
0.055	0.0704	-6.23407415498313e+57
0.0572	0.0704	5.21070370894088e+58
0.0594	0.0704	-4.35364053735182e+59
0.0616	0.0704	3.63200586947992e+60
0.0638	0.0704	-3.01840231581271e+61
0.066	0.0704	2.48805717737153e+62
0.0682	0.0704	-2.0179432724912e+63
0.0704	0.0704	1.58579171125964e+64
0.0726	0.0704	-1.16895022026762e+65
0.0748	0.0704	7.43015898346681e+65
0.077	0.0704	5.53725231127731e+65
0.0792	0.0704	6.65877549014469e+65
0.0814	0.0704	2.55962553667256e+66
0.0836	0.0704	1.94768962597909e+66
0.0858	0.0704	2.44076083009875e+66
0.088	0.0704	9.85147850871448e+66
0.0902	0.0704	6.30847537609843e+66
0.0924	0.0704	-3.26217908407857e+65
0.0946	0.0704	-9.2504624293926e+65
0.0968	0.0704	-5.64553065018811e+65
0.099	0.0704	-3.90296359699675e+65
0.1012	0.0704	-1.66548057575553e+65
0.1034	0.0704	-6.73965105438563e+64
0.1056	0.0704	-5.26220702749047e+64
0.1078	0.0704	-4.2993831377375e+64
0.11	0.0704	-3.5669589975135e+64
0	0.0736	2.13250208609528e+43
0.0022	0.0736	-2.51617275412262e+43
0.0044	0.0736	5.20312459941848e+43
0.0066	0.0736	-1.41139240832404e+44
0.0088	0.0736	4.0095613159192e+44
0.011	0.0736	-8.24816334434228e+44
0.0132	0.0736	5.04011916718343e+45
0.0154	0.0736	-7.92851408951471e+45
0.0176	0.0736	1.95648978876619e+44
0.0198	0.0736	-1.75258592210595e+47
0.022	0.0736	-6.18208940890245e+46
0.0242	0.0736	8.89945341654356e+47
0.0264	0.0736	1.30721745982331e+47
0.0286	0.0736	1.25554423486151e+49
0.0308	0.0736	-1.9832037341673e+49
0.033	0.0736	6.40312629221337e+50
0.0352	0.0736	-8.06251195250117e+50
0.0374	0.0736	-3.49526641442336e+51
0.0396	0.0736	-4.78925269619975e+52
0.0418	0.0736	-7.1163918364356e+52
0.044	0.0736	-3.45525465762816e+53
0.0462	0.0736	1.22980836235325e+54
0.0484	0.0736	-8.66907093919224e+54
0.0506	0.0736	6.98746991987209e+55
0.0528	0.0736	-4.84051527335074e+56
0.055	0.0736	4.38447724548533e+57
0.0572	0.0736	-3.98856966219844e+58
0.0594	0.0736	3.64708894619767e+59
0.0616	0.0736	-3.36968731080444e+60
0.0638	0.0736	3.16386501157369e+61
0.066	0.0736	-3.03673010337955e+62
0.0682	0.0736	2.99674214827423e+63
0.0704	0.0736	-3.05540672667704e+64
0.0726	0.0736	3.22911346461591e+65
0.0748	0.0736	-3.5413196348444e+66
0.077	0.0736	-2.83407550124847e+66
0.0792	0.0736	-3.51276269343754e+66
0.0814	0.0736	-1.49613883315747e+67
0.0836	0.0736	-1.09520950694197e+67
0.0858	0.0736	-1.51630240739258e+67
0.088	0.0736	-5.74978637433899e+67
0.0902	0.0736	-3.74176514581629e+67
0.0924	0.0736	-1.39620768965136e+65
0.0946	0.0736	3.7228360903295e+66
0.0968	0.0736	2.16098641660572e+66
0.099	0.0736	1.47635413634924e+66
0.1012	0.0736	4.21378829281945e+65
0.1034	0.0736	8.26836212261908e+63
0.1056	0.0736	2.07382585540283e+64
0.1078	0.0736	4.33078630107232e+64
0.11	0.0736	5.24392617766283e+64
0	0.0768	-2.90936655616964e+43
0.0022	0.0768	4.28394438537757e+43
0.0044	0.0768	-8.135555439583e+43
0.0066	0.0768	1.79416548250634e+44
0.0088	0.0768	-4.56108862179216e+44
0.011	0.0768	1.62853869478622e+45
0.0132	0.0768	-2.04347522385402e+45
0.0154	0.0768	1.42729524184839e+46
0.0176	0.0768	-6.93226772419019e+46
0.0198	0.0768	3.27351774437709e+46
0.022	0.0768	-7.45296348621061e+47
0.0242	0.0768	3.03388806717606e+48
0.0264	0.0768	-6.47487624841227e+48
0.0286	0.0768	3.50249206047719e+49
0.0308	0.0768	-9.22610352136826e+49
0.033	0.0768	8.87142609524401e+50
0.0352	0.0768	-1.41310717772585e+51
0.0374	0.0768	-2.43026490183856e+51
0.0396	0.0768	-5.22563365872133e+52
0.0418	0.0768	-9.99313684040626e+52
0.044	0.0768	-2.28858674013597e+53
0.0462	0.0768	6.0261195427807e+50
0.0484	0.0768	1.17945133317959e+54
0.0506	0.0768	7.02697397719575e+54
0.0528	0.0768	-2.46637450525327e+56
0.055	0.0768	1.7435633151101e+57
0.0572	0.0768	-1.26732179283416e+58
0.0594	0.0768	1.00062509807597e+59
0.0616	0.0768	-8.95221876375398e+59
0.0638	0.0768	9.20269485215578e+60
0.066	0.0768	-1.05968123297021e+62
0.0682	0.0768	1.31048618288173e+63
0.0704	0.0768	-1.68243161267434e+64
0.0726	0.0768	2.19878586610576e+65
0.0748	0.0768	-2.89840520451708e+66
0.077	0.0768	-2.83751091839159e+66
0.0792	0.0768	-2.71635257128117e+66
0.0814	0.0768	-1.2680436342451e+67
0.0836	0.0768	-1.06792836250482e+67
0.0858	0.0768	-1.04908701189442e+67
0.088	0.0768	-4.44792757648629e+67
0.0902	0.0768	-3.71787316482264e+67
0.0924	0.0768	-6.05947662460574e+66
0.0946	0.0768	3.36888470128016e+66
0.0968	0.0768	1.51343913345662e+66
0.099	0.0768	4.40638574650036e+65
0.1012	0.0768	-3.053576246792e+65
0.1034	0.0768	-1.06078085070835e+63
0.1056	0.0768	3.91646687960751e+64
0.1078	0.0768	5.73036093859973e+64
0.11	0.0768	6.50095489213527e+64
0	0.08	2.39891392277365e+43
0.0022	0.08	-4.9270550481549e+43
0.0044	0.08	1.27944266730094e+44
0.0066	0.08	-3.66572135936243e+44
0.0088	0.08	1.08310552353166e+45
0.011	0.08	-2.90823341024417e+45
0.0132	0.08	1.20364073593441e+46
0.0154	0.08	-2.91385244568799e+46
0.0176	0.08	6.95982556243101e+46
0.0198	0.08	-4.28357287368992e+47
0.022	0.08	7.36653818441625e+47
0.0242	0.08	-1.92018913698809e+48
0.0264	0.08	1.05769894442521e+49
0.0286	0.08	-2.70183827524364e+49
0.0308	0.08	1.39367458619899e+50
0.033	0.08	3.84371298521404e+49
0.0352	0.08	1.95420821328771e+51
0.0374	0.08	-1.52434131829394e+52
0.0396	0.08	-8.79434497576531e+51
0.0418	0.08	-2.91439988316339e+53
0.044	0.08	3.78449772852856e+53
0.0462	0.08	-2.31368328379837e+54
0.0484	0.08	9.2037552660258e+54
0.0506	0.08	-1.04765091336079e+56
0.0528	0.08	1.04615818051195e+57
0.055	0.08	-7.96484738605169e+57
0.0572	0.08	6.02696395143607e+58
0.0594	0.08	-4.52859363764282e+59
0.0616	0.08	3.34465589006315e+60
0.0638	0.08	-2.37241741109889e+61
0.066	0.08	1.52360567675957e+62
0.0682	0.08	-7.17226881120946e+62
0.0704	0.08	-1.27070607608287e+63
0.0726	0.08	1.09563705257753e+65
0.0748	0.08	-2.28801550105345e+66
0.077	0.08	-3.55602907439884e+66
0.0792	0.08	-4.21400835855134e+66
0.0814	0.08	-1.30080141106507e+67
0.0836	0.08	-9.46721957809073e+66
0.0858	0.08	-1.46766662445077e+67
0.088	0.08	-4.78523695606076e+67
0.0902	0.08	-2.87089954843168e+67
0.0924	0.08	2.83570471344125e+65
0.0946	0.08	2.22595751449996e+66
0.0968	0.08	1.25321471580055e+66
0.099	0.08	1.56150130477723e+65
0.1012	0.08	1.62627723501486e+65
0.1034	0.08	4.00360535295596e+64
0.1056	0.08	2.93182042094419e+64
0.1078	0.08	6.02697481670562e+64
0.11	0.08	6.67559011412637e+64
0	0.0832	-1.05712783722451e+43
0.0022	0.0832	2.9374629413451e+43
0.0044	0.0832	-9.19276132560431e+43
0.0066	0.0832	2.8094518492146e+44
0.0088	0.0832	-8.9982805932631e+44
0.011	0.0832	3.36262768147938e+45
0.0132	0.0832	-7.97543280264122e+45
0.0154	0.0832	3.72816525684201e+46
0.0176	0.0832	-1.51508975538208e+47
0.0198	0.0832	3.01843874039473e+47
0.022	0.0832	-1.76239709291997e+48
0.0242	0.0832	6.5493941616849e+48
0.0264	0.0832	-1.83999439708053e+49
0.0286	0.0832	8.08887361268395e+49
0.0308	0.0832	-2.63767603041184e+50
0.033	0.0832	1.58094542350469e+51
0.0352	0.0832	-3.77174124819111e+51
0.0374	0.0832	6.47125906237601e+51
0.0396	0.0832	-9.86340044579754e+52
0.0418	0.0832	3.51112550894029e+52
0.044	0.0832	-1.09210529232385e+54
0.0462	0.0832	3.79708806055142e+54
0.0484	0.0832	-2.06684692576218e+55
0.0506	0.0832	2.04770022975104e+56
0.0528	0.0832	-1.81267779035597e+57
0.055	0.0832	1.40899709694266e+58
0.0572	0.0832	-1.0997590646258e+59
0.0594	0.0832	8.68852214066024e+59
0.0616	0.0832	-7.02251567501786e+60
0.0638	0.0832	5.90397159500335e+61
0.066	0.0832	-5.27556046440401e+62
0.0682	0.0832	5.1143764875266e+63
0.0704	0.0832	-5.43069379729846e+64
0.0726	0.0832	6.26921837649483e+65
0.0748	0.0832	-7.71292644958284e+66
0.077	0.0832	-9.73306824038061e+66
0.0792	0.0832	-1.04159286885842e+67
0.0814	0.0832	-1.105853677265e+67
0.0836	0.0832	-9.3236622142422e+66
0.0858	0.0832	-9.58679662909684e+66
0.088	0.0832	-3.48586725956503e+67
0.0902	0.0832	-3.0079222685303e+67
0.0924	0.0832	-6.60409217146316e+66
0.0946	0.0832	2.41132714140954e+66
0.0968	0.0832	6.65631190554019e+65
0.099	0.0832	8.33618685274984e+64
0.1012	0.0832	-1.03055201673661e+65
0.1034	0.0832	-6.91782397334345e+63
0.1056	0.0832	5.603649926432e+64
0.1078	0.0832	7.39420057013356e+64
0.11	0.0832	8.11827893758739e+64
0	0.0864	-2.07621864649837e+42
0.0022	0.0864	-2.17095186576789e+43
0.0044	0.0864	8.07601606080275e+43
0.0066	0.0864	-2.79475891206767e+44
0.0088	0.0864	9.2736866561018e+44
0.011	0.0864	-2.64675466853056e+45
0.0132	0.0864	1.23199274653548e+46
0.0154	0.0864	-3.03333587369668e+46
0.0176	0.0864	7.92731663221289e+46
0.0198	0.0864	-5.02505276278463e+47
0.022	0.0864	9.81584359364578e+47
0.0242	0.0864	-3.03505273385274e+48
0.0264	0.0864	1.57547368196922e+49
0.0286	0.0864	-4.88099120777759e+49
0.0308	0.0864	2.39339312921097e+50
0.033	0.0864	-3.66714018792249e+50
0.0352	0.0864	4.11750117591628e+51
0.0374	0.0864	-2.5115093352697e+52
0.0396	0.0864	2.36037034164188e+52
0.0418	0.0864	-5.04262541238287e+53
0.044	0.0864	1.054631305674e+54
0.0462	0.0864	-6.10955761487606e+54
0.0484	0.0864	3.02267729671593e+55
0.0506	0.0864	-2.79724973164637e+56
0.0528	0.0864	2.31261091584239e+57
0.055	0.0864	-1.76751156834722e+58
0.0572	0.0864	1.3226120788143e+59
0.0594	0.0864	-9.52830972332769e+59
0.0616	0.0864	6.35997084439933e+60
0.0638	0.0864	-3.53413527957678e+61
0.066	0.0864	8.85756294126257e+61
0.0682	0.0864	1.73965350201854e+63
0.0704	0.0864	-4.49657587441646e+64
0.0726	0.0864	7.55003346723822e+65
0.0748	0.0864	-1.10869198747069e+67
0.077	0.0864	-1.30100347856465e+67
0.0792	0.0864	-1.34714957965573e+67
0.0814	0.0864	-1.58459748302644e+67
0.0836	0.0864	-1.73790404827686e+67
0.0858	0.0864	-2.01138704327849e+67
0.088	0.0864	-3.84678881387283e+67
0.0902	0.0864	-2.23083781228791e+67
0.0924	0.0864	1.20237108540879e+66
0.0946	0.0864	1.08288763027239e+66
0.0968	0.0864	8.27725666669491e+65
0.099	0.0864	1.24877610307757e+64
0.1012	0.0864	6.24031339025274e+64
0.1034	0.0864	5.43477903579441e+64
0.1056	0.0864	4.89154647133388e+64
0.1078	0.0864	8.07721643569007e+64
0.11	0.0864	8.52249846569563e+64
0	0.0896	4.51211344845384e+43
0.0022	0.0896	-3.26714520923783e+43
0.0044	0.0896	2.16605091373492e+42
0.0066	0.0896	9.85325490678282e+43
0.0088	0.0896	-5.00895463088055e+44
0.011	0.0896	2.48507954701205e+45
0.0132	0.0896	-5.53133420331062e+45
0.0154	0.0896	3.33267695001549e+46
0.0176	0.0896	-1.444831090135e+47
0.0198	0.0896	2.71177918300963e+47
0.022	0.0896	-1.77790624314238e+48
0.0242	0.0896	6.66064534607534e+48
0.0264	0.0896	-1.85738882007174e+49
0.0286	0.0896	8.33004720445398e+49
0.0308	0.0896	-2.72733685902115e+50
0.033	0.0896	1.66897475545054e+51
0.0352	0.0896	-3.83248716620213e+51
0.0374	0.0896	6.89712565365731e+51
0.0396	0.0896	-1.15271766044975e+53
0.0418	0.0896	5.18267104149652e+52
0.044	0.0896	-1.60488192630547e+54
0.0462	0.0896	6.23077352491051e+54
0.0484	0.0896	-3.82139352818253e+55
0.0506	0.0896	3.3711890298287e+56
0.0528	0.0896	-2.71952366595095e+57
0.055	0.0896	2.25300424530616e+58
0.0572	0.0896	-1.9055867387921e+59
0.0594	0.0896	1.65431758921913e+60
0.0616	0.0896	-1.48315065783102e+61
0.0638	0.0896	1.38130124425476e+62
0.066	0.0896	-1.34245428495811e+63
0.0682	0.0896	1.36431095293975e+64
0.0704	0.0896	-1.44842849077312e+65
0.0726	0.0896	1.6003378860892e+66
0.0748	0.0896	-1.82994622777055e+67
0.077	0.0896	-2.11115545113773e+67
0.0792	0.0896	-2.18142441806246e+67
0.0814	0.0896	-2.46709218468445e+67
0.0836	0.0896	-2.56793652989671e+67
0.0858	0.0896	-2.86900484474613e+67
0.088	0.0896	-2.62322069028707e+67
0.0902	0.0896	-2.47609731644353e+67
0.0924	0.0896	-7.08692612535098e+66
0.0946	0.0896	1.9019871216759e+66
0.0968	0.0896	1.24548563960882e+65
0.099	0.0896	9.93395821652425e+64
0.1012	0.0896	-3.6624791164733e+64
0.1034	0.0896	1.57010913030877e+64
0.1056	0.0896	7.62235971172105e+64
0.1078	0.0896	9.72511436184655e+64
0.11	0.0896	1.0078098418827e+65
0	0.0928	-5.56986126805935e+43
0.0022	0.0928	8.78105579213676e+43
0.0044	0.0928	-1.69312044113966e+44
0.0066	0.0928	3.40242863552104e+44
0.0088	0.0928	-7.28255901472625e+44
0.011	0.0928	2.06646035542177e+45
0.0132	0.0928	-1.04672219769643e+45
0.0154	0.0928	1.19046606925099e+46
0.0176	0.0928	-5.08469279305886e+46
0.0198	0.0928	-1.20822937616645e+47
0.022	0.0928	-2.94037223859421e+47
0.0242	0.0928	9.40676488304624e+47
0.0264	0.0928	3.5511712587357e+48
0.0286	0.0928	-6.18175837873176e+48
0.0308	0.0928	9.78000116651775e+49
0.033	0.0928	1.46096182084193e+50
0.0352	0.0928	2.79556541359271e+51
0.0374	0.0928	-2.13363409949469e+52
0.0396	0.0928	3.45027785424777e+50
0.0418	0.0928	-5.03713733603839e+53
0.044	0.0928	7.62862728803052e+53
0.0462	0.0928	-5.97037019843624e+54
0.0484	0.0928	3.19706266806489e+55
0.0506	0.0928	-2.62279887748095e+56
0.0528	0.0928	1.79987246600524e+57
0.055	0.0928	-1.38623556993025e+58
0.0572	0.0928	1.06198345725072e+59
0.0594	0.0928	-8.01148552891391e+59
0.0616	0.0928	5.85593099718607e+60
0.0638	0.0928	-4.00437734884301e+61
0.066	0.0928	2.32908791750005e+62
0.0682	0.0928	-7.13898126441303e+62
0.0704	0.0928	-9.54354924353683e+63
0.0726	0.0928	2.79417657762777e+65
0.0748	0.0928	-4.9381880311491e+66
0.077	0.0928	-5.35421724414568e+66
0.0792	0.0928	-5.39419256943072e+66
0.0814	0.0928	-5.81734558977964e+66
0.0836	0.0928	-5.91962756361104e+66
0.0858	0.0928	-6.34116425659048e+66
0.088	0.0928	-7.43834154142384e+66
0.0902	0.0928	-9.05099324659598e+66
0.0924	0.0928	-1.43555409820099e+64
0.0946	0.0928	8.72954533517539e+65
0.0968	0.0928	5.4766423280887e+65
0.099	0.0928	-6.1581841685348e+64
0.1012	0.0928	4.06384693223166e+64
0.1034	0.0928	7.46834066695451e+64
0.1056	0.0928	7.77632996145873e+64
0.1078	0.0928	1.07616554058546e+65
0.11	0.0928	1.07901412023379e+65
0	0.096	4.01824098718445e+43
0.0022	0.096	-6.26681594993259e+43
0.0044	0.096	1.36036265430626e+44
0.0066	0.096	-3.63632704097134e+44
0.0088	0.096	1.01037137434354e+45
0.011	0.096	-2.38301751308231e+45
0.0132	0.096	1.08871122303709e+46
0.0154	0.096	-1.86721351613524e+46
0.0176	0.096	2.9054173062346e+46
0.0198	0.096	-3.38754907553918e+47
0.022	0.096	2.10651719416837e+47
0.0242	0.096	-2.22119261275532e+47
0.0264	0.096	5.97860086063794e+48
0.0286	0.096	-8.11958603180553e+48
0.0308	0.096	7.91367837039499e+49
0.033	0.096	3.62771892584325e+50
0.0352	0.096	1.58132485848795e+51
0.0374	0.096	-1.41146131769987e+52
0.0396	0.096	-4.82452392910348e+52
0.0418	0.096	-2.83498742700709e+53
0.044	0.096	-7.34839561429061e+53
0.0462	0.096	2.18440157091795e+54
0.0484	0.096	-2.26822251929291e+55
0.0506	0.096	1.36898036491115e+56
0.0528	0.096	-6.91540324379431e+56
0.055	0.096	4.40076411776285e+57
0.0572	0.096	-2.54353964927355e+58
0.0594	0.096	1.15381474239854e+59
0.0616	0.096	-1.21709175157023e+59
0.0638	0.096	-6.30524149352861e+60
0.066	0.096	1.15516733893524e+62
0.0682	0.096	-1.48305200515021e+63
0.0704	0.096	1.62571679335642e+64
0.0726	0.096	-1.57589639300918e+65
0.0748	0.096	1.30637747346782e+66
0.077	0.096	1.46393849036799e+66
0.0792	0.096	1.49636766250528e+66
0.0814	0.096	1.66075569372484e+66
0.0836	0.096	1.71954166017554e+66
0.0858	0.096	1.89048850471399e+66
0.088	0.096	2.20974285784518e+66
0.0902	0.096	2.69424035937722e+66
0.0924	0.096	5.09308495508118e+65
0.0946	0.096	3.17603034672594e+65
0.0968	0.096	2.13787115157899e+65
0.099	0.096	2.34146518659911e+64
0.1012	0.096	1.01459259315813e+64
0.1034	0.096	5.88367072033542e+64
0.1056	0.096	1.05746690285634e+65
0.1078	0.096	1.28377421244711e+65
0.11	0.096	1.24841115862874e+65
0	0.0992	-3.98214366268609e+43
0.0022	0.0992	8.21443807184441e+43
0.0044	0.0992	-1.89676942769363e+44
0.0066	0.0992	4.39597982490265e+44
0.0088	0.0992	-1.11289276083954e+45
0.011	0.0992	3.52481394248029e+45
0.0132	0.0992	-5.75830986648351e+45
0.0154	0.0992	3.11663780269743e+46
0.0176	0.0992	-1.18413577958692e+47
0.0198	0.0992	8.94375408535916e+46
0.022	0.0992	-1.12034987065465e+48
0.0242	0.0992	3.74727241298341e+48
0.0264	0.0992	-5.7623248516847e+48
0.0286	0.0992	3.02112370028879e+49
0.0308	0.0992	-3.85365652875012e+49
0.033	0.0992	7.22609528642115e+50
0.0352	0.0992	9.06508945827466e+50
0.0374	0.0992	-1.35960608274333e+52
0.0396	0.0992	-4.7944041334388e+52
0.0418	0.0992	-3.80113084133824e+53
0.044	0.0992	-3.16414214895941e+53
0.0462	0.0992	-1.84912674845161e+54
0.0484	0.0992	7.61474792743969e+54
0.0506	0.0992	-4.78483730511923e+55
0.0528	0.0992	6.91880429339007e+55
0.055	0.0992	2.10937434022145e+56
0.0572	0.0992	-7.47375063320214e+57
0.0594	0.0992	1.04065321805287e+59
0.0616	0.0992	-1.15766338175732e+60
0.0638	0.0992	1.14688303221142e+61
0.066	0.0992	-1.04402058283575e+62
0.0682	0.0992	8.76140431645899e+62
0.0704	0.0992	-6.65038701231088e+63
0.0726	0.0992	4.30213525296476e+64
0.0748	0.0992	-1.91732397025565e+65
0.077	0.0992	-2.28817783492527e+65
0.0792	0.0992	-2.39442068724287e+65
0.0814	0.0992	-2.79368928722138e+65
0.0836	0.0992	-2.97751150207022e+65
0.0858	0.0992	-3.40782237237619e+65
0.088	0.0992	-4.26284493061809e+65
0.0902	0.0992	-5.51796945824812e+65
0.0924	0.0992	-1.06224361203507e+64
0.0946	0.0992	4.62044148795287e+64
0.0968	0.0992	7.28822165519478e+64
0.099	0.0992	8.19234589430871e+64
0.1012	0.0992	8.83335749998842e+64
0.1034	0.0992	1.1744091022385e+65
0.1056	0.0992	1.17619950742106e+65
0.1078	0.0992	1.43479611363586e+65
0.11	0.0992	1.35224805201497e+65
0	0.1024	9.45306428378532e+42
0.0022	0.1024	-5.0991679361089e+43
0.0044	0.1024	1.71649079120438e+44
0.0066	0.1024	-5.59486541323711e+44
0.0088	0.1024	1.73511269416953e+45
0.011	0.1024	-4.81730481129423e+45
0.0132	0.1024	1.96286599303993e+46
0.0154	0.1024	-4.54442217502798e+46
0.0176	0.1024	1.20108590787273e+47
0.0198	0.1024	-6.7701770083126e+47
0.022	0.1024	1.27818519415061e+48
0.0242	0.1024	-3.99983734641621e+48
0.0264	0.1024	1.98637279609122e+49
0.0286	0.1024	-5.95839827009639e+49
0.0308	0.1024	2.7992541125663e+50
0.033	0.1024	-3.6283958720106e+50
0.0352	0.1024	4.79087085001742e+51
0.0374	0.1024	-2.63850087319866e+52
0.0396	0.1024	-1.75685901880684e+52
0.0418	0.1024	-4.89686296620026e+53
0.044	0.1024	-4.82026911948901e+53
0.0462	0.1024	4.95441733759052e+52
0.0484	0.1024	-1.42431830193178e+55
0.0506	0.1024	-4.93393067665397e+54
0.0528	0.1024	1.30647694552195e+56
0.055	0.1024	-1.32449549418448e+57
0.0572	0.1024	1.23115494552233e+58
0.0594	0.1024	-1.08070207020705e+59
0.0616	0.1024	9.03722888256169e+59
0.0638	0.1024	-7.21433363492749e+60
0.066	0.1024	5.48680531709328e+61
0.0682	0.1024	-3.95948367483477e+62
0.0704	0.1024	2.70725425685715e+63
0.0726	0.1024	-1.78370663217699e+64
0.0748	0.1024	1.22552775266818e+65
0.077	0.1024	1.3925117401942e+65
0.0792	0.1024	1.43735896099989e+65
0.0814	0.1024	1.6148011150556e+65
0.0836	0.1024	1.6893259089405e+65
0.0858	0.1024	1.87948623107299e+65
0.088	0.1024	2.13536203781754e+65
0.0902	0.1024	2.54521099234445e+65
0.0924	0.1024	1.22800969679624e+65
0.0946	0.1024	1.15105273764275e+65
0.0968	0.1024	1.12543976234201e+65
0.099	0.1024	1.17010037156559e+65
0.1012	0.1024	1.20061179535771e+65
0.1034	0.1024	1.30901652551025e+65
0.1056	0.1024	1.48918958183037e+65
0.1078	0.1024	1.69909248625192e+65
0.11	0.1024	1.53974827280379e+65
0	0.1056	2.81999845770247e+43
0.0022	0.1056	-5.51460990692108e+42
0.0044	0.1056	-5.30596466865614e+43
0.0066	0.1056	1.96278945968876e+44
0.0088	0.1056	-6.86661641591665e+44
0.011	0.1056	2.95251702716624e+45
0.0132	0.1056	-5.10639361175858e+45
0.0154	0.1056	3.63741424489085e+46
0.0176	0.1056	-1.47161478204474e+47
0.0198	0.1056	1.89824983816459e+47
0.022	0.1056	-1.65049958491215e+48
0.0242	0.1056	5.72616264484266e+48
0.0264	0.1056	-1.27772390127596e+49
0.0286	0.1056	6.03612423004418e+49
0.0308	0.1056	-1.60094866447249e+50
0.033	0.1056	1.28409465144529e+51
0.0352	0.1056	-1.04918765141094e+51
0.0374	0.1056	-4.73981248654461e+51
0.0396	0.1056	-1.05596263264602e+53
0.0418	0.1056	-2.23324335176909e+53
0.044	0.1056	-1.69525837694315e+54
0.0462	0.1056	3.06198227465931e+54
0.0484	0.1056	6.78113106183293e+53
0.0506	0.1056	1.49874099590481e+55
0.0528	0.1056	-1.37341301094694e+56
0.055	0.1056	1.11505013165329e+57
0.0572	0.1056	-8.70614253775927e+57
0.0594	0.1056	6.52590690053492e+58
0.0616	0.1056	-4.65262628036313e+59
0.0638	0.1056	3.09350335669029e+60
0.066	0.1056	-1.83272133936078e+61
0.0682	0.1056	8.39275816962586e+61
0.0704	0.1056	-7.18126508011977e+61
0.0726	0.1056	-5.18587491164542e+63
0.0748	0.1056	9.86978161345645e+64
0.077	0.1056	1.030266219205e+65
0.0792	0.1056	1.0308463989678e+65
0.0814	0.1056	1.07106240980792e+65
0.0836	0.1056	1.07013153673223e+65
0.0858	0.1056	1.10708141301997e+65
0.088	0.1056	1.06560400883626e+65
0.0902	0.1056	1.04588393088728e+65
0.0924	0.1056	1.41022465443918e+65
0.0946	0.1056	1.52282260480613e+65
0.0968	0.1056	1.56911129515302e+65
0.099	0.1056	1.65387900770319e+65
0.1012	0.1056	1.6934045698761e+65
0.1034	0.1056	1.76509592715028e+65
0.1056	0.1056	1.77646484670257e+65
0.1078	0.1056	1.90308538858946e+65
0.11	0.1056	1.68324721586004e+65
0	0.1088	-3.20469971701466e+43
0.0022	0.1088	3.78961207764013e+43
0.0044	0.1088	-3.02578022315237e+43
0.0066	0.1088	-6.23936304081445e+43
0.0088	0.1088	3.87959606898926e+44
0.011	0.1088	-8.93413477891067e+44
0.0132	0.1088	8.50452828846975e+45
0.0154	0.1088	-8.43204414505519e+45
0.0176	0.1088	5.2226225933696e+45
0.0198	0.1088	-3.43344020478481e+47
0.022	0.1088	1.11710044614048e+47
0.0242	0.1088	-3.32236775840654e+47
0.0264	0.1088	8.47644039567115e+48
0.0286	0.1088	-1.81481564718916e+49
0.0308	0.1088	1.36317770537607e+50
0.033	0.1088	1.9891038035966e+50
0.0352	0.1088	3.21970369940671e+51
0.0374	0.1088	-2.05290723719203e+52
0.0396	0.1088	-5.71169736413205e+52
0.0418	0.1088	-4.50659538958903e+53
0.044	0.1088	4.0967107702705e+53
0.0462	0.1088	-7.24360625831131e+53
0.0484	0.1088	1.24446796747312e+54
0.0506	0.1088	-1.29980107093622e+55
0.0528	0.1088	1.02277277534935e+56
0.055	0.1088	-7.73908791111308e+56
0.0572	0.1088	5.75076525021168e+57
0.0594	0.1088	-4.21047936637167e+58
0.0616	0.1088	3.05460580699907e+59
0.0638	0.1088	-2.22087709055954e+60
0.066	0.1088	1.65186457602499e+61
0.0682	0.1088	-1.2968846151619e+62
0.0704	0.1088	1.11307291889555e+63
0.0726	0.1088	-1.06604376602194e+64
0.0748	0.1088	1.13042088276824e+65
0.077	0.1088	1.21256504232615e+65
0.0792	0.1088	1.22833131737274e+65
0.0814	0.1088	1.31197932732213e+65
0.0836	0.1088	1.33580727815081e+65
0.0858	0.1088	1.42174943084354e+65
0.088	0.1088	1.46370400062482e+65
0.0902	0.1088	1.56657249372248e+65
0.0924	0.1088	1.51259155179014e+65
0.0946	0.1088	1.58267660589257e+65
0.0968	0.1088	1.61681143721369e+65
0.099	0.1088	1.69706559931983e+65
0.1012	0.1088	1.74062822256388e+65
0.1034	0.1088	1.8280378613722e+65
0.1056	0.1088	1.8868763299233e+65
0.1078	0.1088	1.96484773788389e+65
0.11	0.1088	2.03661554138346e+65
0	0.112	3.04148620063355e+43
0.0022	0.112	-3.52556056591408e+43
0.0044	0.112	4.21438515686624e+43
0.0066	0.112	-7.92603826881335e+43
0.0088	0.112	9.19461409431038e+43
0.011	0.112	7.40347338657241e+44
0.0132	0.112	2.17927019261048e+45
0.0154	0.112	1.69239456295328e+46
0.0176	0.112	-8.41225347583051e+46
0.0198	0.112	-4.74979666958662e+46
0.022	0.112	-9.68834098926506e+47
0.0242	0.112	3.31768962983631e+48
0.0264	0.112	-3.79301627169725e+48
0.0286	0.112	2.8150494762217e+49
0.0308	0.112	-3.46339996906115e+49
0.033	0.112	8.61726046464621e+50
0.0352	0.112	1.01560739802578e+51
0.0374	0.112	-1.21950258641594e+52
0.0396	0.112	-9.6981624640171e+52
0.0418	0.112	9.95342656440946e+52
0.044	0.112	-1.04346173166884e+53
0.0462	0.112	2.52246876703858e+53
0.0484	0.112	-1.12394606085215e+54
0.0506	0.112	8.93601314581628e+54
0.0528	0.112	-6.65198647336138e+55
0.055	0.112	4.87422257592724e+56
0.0572	0.112	-3.54313314463413e+57
0.0594	0.112	2.56321492524181e+58
0.0616	0.112	-1.8526507530091e+59
0.0638	0.112	1.34370168609698e+60
0.066	0.112	-9.81087452108579e+60
0.0682	0.112	7.20194801489583e+61
0.0704	0.112	-5.25281968246008e+62
0.0726	0.112	3.67734498323316e+63
0.0748	0.112	-2.24376263575766e+64
0.077	0.112	-2.47620717980649e+64
0.0792	0.112	-2.5344189430355e+64
0.0814	0.112	-2.77484473269385e+64
0.0836	0.112	-2.86008661123202e+64
0.0858	0.112	-3.11143399156594e+64
0.088	0.112	-3.2503168786766e+64
0.0902	0.112	-3.55173777456613e+64
0.0924	0.112	-3.4520861873571e+64
0.0946	0.112	-3.67201667404898e+64
0.0968	0.112	-3.80431011614405e+64
0.099	0.112	-4.05715686663365e+64
0.1012	0.112	-4.22185626913811e+64
0.1034	0.112	-4.50116790455913e+64
0.1056	0.112	-4.71452278443869e+64
0.1078	0.112	-4.97914376356067e+64
0.11	0.112	-5.23576896099508e+64
0	0.1152	-2.33462580902426e+43
0.0022	0.1152	4.89011435868231e+43
0.0044	0.1152	-8.43731756967054e+43
0.0066	0.1152	1.00133909281465e+44
0.0088	0.1152	-1.12203267776708e+44
0.011	0.1152	7.02722275543644e+44
0.0132	0.1152	4.23154164726251e+45
0.0154	0.1152	8.27240058822031e+45
0.0176	0.1152	-4.57561685256514e+46
0.0198	0.1152	-2.15926992982464e+47
0.022	0.1152	-3.99613963062258e+47
0.0242	0.1152	1.17941620594335e+48
0.0264	0.1152	4.30539037059826e+48
0.0286	0.1152	-2.41634998792308e+48
0.0308	0.1152	8.54632628212748e+49
0.033	0.1152	4.31123075725624e+50
0.0352	0.1152	2.86850444708972e+51
0.0374	0.1152	-1.8815845826068e+52
0.0396	0.1152	2.11422831937375e+52
0.0418	0.1152	-2.23584768233299e+52
0.044	0.1152	3.1861255665685e+52
0.0462	0.1152	-1.19772952667415e+53
0.0484	0.1152	7.34437528762607e+53
0.0506	0.1152	-5.40063344484545e+54
0.0528	0.1152	3.8819581429397e+55
0.055	0.1152	-2.76309487501422e+56
0.0572	0.1152	1.95213452109689e+57
0.0594	0.1152	-1.36936094035357e+58
0.0616	0.1152	9.53103550407286e+58
0.0638	0.1152	-6.56602218868024e+59
0.066	0.1152	4.45050425242051e+60
0.0682	0.1152	-2.93141112517577e+61
0.0704	0.1152	1.83073577140571e+62
0.0726	0.1152	-1.02969064843171e+63
0.0748	0.1152	4.56486108844332e+63
0.077	0.1152	5.20935056760139e+63
0.0792	0.1152	5.39717758049511e+63
0.0814	0.1152	6.07279451018674e+63
0.0836	0.1152	6.34627576807259e+63
0.0858	0.1152	7.06312845368671e+63
0.088	0.1152	7.49303245929233e+63
0.0902	0.1152	8.35620461517462e+63
0.0924	0.1152	8.19187142747907e+63
0.0946	0.1152	8.85346910989405e+63
0.0968	0.1152	9.30247323841461e+63
0.099	0.1152	1.00675414440355e+64
0.1012	0.1152	1.06222430958844e+64
0.1034	0.1152	1.14778239554261e+64
0.1056	0.1152	1.218368092682e+64
0.1078	0.1152	1.30279088321211e+64
0.11	0.1152	1.38733307176953e+64
0	0.1184	1.35365345658153e+43
0.0022	0.1184	-2.6362173551783e+43
0.0044	0.1184	6.31067277899184e+43
0.0066	0.1184	-1.89799684329732e+44
0.0088	0.1184	4.55999148860091e+44
0.011	0.1184	-3.63077624176053e+44
0.0132	0.1184	6.45135898065357e+45
0.0154	0.1184	6.64174030955829e+45
0.0176	0.1184	-4.76992024870659e+46
0.0198	0.1184	-2.06560248017647e+47
0.022	0.1184	-5.43678935123536e+47
0.0242	0.1184	1.71496545590166e+48
0.0264	0.1184	2.56622216978457e+48
0.0286	0.1184	5.65067600970004e+48
0.0308	0.1184	5.48973378768863e+49
0.033	0.1184	5.79347635337601e+50
0.0352	0.1184	-8.72758550177083e+50
0.0374	0.1184	3.83286543448683e+51
0.0396	0.1184	-4.55571095375179e+51
0.0418	0.1184	5.48674304411846e+51
0.044	0.1184	-1.213687717516e+52
0.0462	0.1184	6.26252102854738e+52
0.0484	0.1184	-4.17693354770137e+53
0.0506	0.1184	2.94363773384273e+54
0.0528	0.1184	-2.04703001120312e+55
0.055	0.1184	1.40865412930929e+56
0.0572	0.1184	-9.58654130367772e+56
0.0594	0.1184	6.43806549892922e+57
0.0616	0.1184	-4.25071580926875e+58
0.0638	0.1184	2.74207855873148e+59
0.066	0.1184	-1.71058029019486e+60
0.0682	0.1184	1.0143439683884e+61
0.0704	0.1184	-5.54809680815855e+61
0.0726	0.1184	2.64078560492078e+62
0.0748	0.1184	-9.51184200966492e+62
0.077	0.1184	-1.12753752755693e+63
0.0792	0.1184	-1.18435122238511e+63
0.0814	0.1184	-1.37144916424036e+63
0.0836	0.1184	-1.45444575738111e+63
0.0858	0.1184	-1.65559415916447e+63
0.088	0.1184	-1.78368009834997e+63
0.0902	0.1184	-2.02714932856377e+63
0.0924	0.1184	-2.00697525752581e+63
0.0946	0.1184	-2.20083152425211e+63
0.0968	0.1184	-2.34342701801378e+63
0.099	0.1184	-2.56907779286055e+63
0.1012	0.1184	-2.74494761008686e+63
0.1034	0.1184	-3.00007281531114e+63
0.1056	0.1184	-3.22198787831935e+63
0.1078	0.1184	-3.48144465114106e+63
0.11	0.1184	-3.7471489971895e+63
0	0.1216	-5.55932821782543e+42
0.0022	0.1216	2.80937671058153e+43
0.0044	0.1216	-6.13873241426066e+43
0.0066	0.1216	7.87637062067629e+43
0.0088	0.1216	-1.49914877909663e+44
0.011	0.1216	1.04781559963232e+45
0.0132	0.1216	3.61488659221375e+45
0.0154	0.1216	1.46477411882271e+46
0.0176	0.1216	-6.46202403541066e+46
0.0198	0.1216	-1.90888494767903e+47
0.022	0.1216	-6.03154461416976e+47
0.0242	0.1216	1.70548814635671e+48
0.0264	0.1216	3.32132609738291e+48
0.0286	0.1216	2.64985801808608e+48
0.0308	0.1216	7.061148206938e+49
0.033	0.1216	-1.30726737628676e+50
0.0352	0.1216	2.29560404997032e+50
0.0374	0.1216	-7.92332819829081e+50
0.0396	0.1216	1.01619616697677e+51
0.0418	0.1216	-1.56525805746364e+51
0.044	0.1216	5.35050776223936e+51
0.0462	0.1216	-3.20952911174223e+52
0.0484	0.1216	2.15545019758057e+53
0.0506	0.1216	-1.46623109184788e+54
0.0528	0.1216	9.8474027204816e+54
0.055	0.1216	-6.52499769413322e+55
0.0572	0.1216	4.25548667392853e+56
0.0594	0.1216	-2.7212873100181e+57
0.0616	0.1216	1.69676277139253e+58
0.0638	0.1216	-1.02301246246764e+59
0.066	0.1216	5.88981931949735e+59
0.0682	0.1216	-3.17512331884016e+60
0.0704	0.1216	1.55139878098725e+61
0.0726	0.1216	-6.47316019787526e+61
0.0748	0.1216	2.02641669496031e+62
0.077	0.1216	2.50466625237189e+62
0.0792	0.1216	2.6703411325712e+62
0.0814	0.1216	3.18332131617058e+62
0.0836	0.1216	3.42707082956447e+62
0.0858	0.1216	3.98522733850441e+62
0.088	0.1216	4.35774362654358e+62
0.0902	0.1216	5.03726574773869e+62
0.0924	0.1216	5.0394495578936e+62
0.0946	0.1216	5.59751036785961e+62
0.0968	0.1216	6.03288689204538e+62
0.099	0.1216	6.68690709519523e+62
0.1012	0.1216	7.22439443581952e+62
0.1034	0.1216	7.97121880375595e+62
0.1056	0.1216	8.64678202792936e+62
0.1078	0.1216	9.42457332338517e+62
0.11	0.1216	1.02346333142242e+63
0	0.1248	2.82941273278969e+42
0.0022	0.1248	-9.63503666962776e+42
0.0044	0.1248	4.63981834413278e+43
0.0066	0.1248	-1.76746675159616e+44
0.0088	0.1248	4.32726144160992e+44
0.011	0.1248	-2.76115392789025e+44
0.0132	0.1248	7.12272881729498e+45
0.0154	0.1248	8.2692670170668e+45
0.0176	0.1248	-4.86767649183038e+46
0.0198	0.1248	-2.46578843866008e+47
0.022	0.1248	-5.27592548369254e+47
0.0242	0.1248	1.47243280938514e+48
0.0264	0.1248	4.27695282567233e+48
0.0286	0.1248	3.18140737552811e+47
0.0308	0.1248	-1.51809997580011e+49
0.033	0.1248	2.94470399321501e+49
0.0352	0.1248	-5.69210738504161e+49
0.0374	0.1248	1.67573329050004e+50
0.0396	0.1248	-2.43385997677268e+50
0.0418	0.1248	5.31521880195573e+50
0.044	0.1248	-2.46745203916996e+51
0.0462	0.1248	1.55714933339423e+52
0.0484	0.1248	-1.02691535984933e+53
0.0506	0.1248	6.74959429645661e+53
0.0528	0.1248	-4.37129244823844e+54
0.055	0.1248	2.7831490104456e+55
0.0572	0.1248	-1.73601088831887e+56
0.0594	0.1248	1.05570088137027e+57
0.0616	0.1248	-6.21676745410099e+57
0.0638	0.1248	3.51138616223033e+58
0.066	0.1248	-1.87618712643983e+59
0.0682	0.1248	9.28772802912267e+59
0.0704	0.1248	-4.1205773570323e+60
0.0726	0.1248	1.547037129126e+61
0.0748	0.1248	-4.40246630811016e+61
0.077	0.1248	-5.69121245351226e+61
0.0792	0.1248	-6.16341703887124e+61
0.0814	0.1248	-7.55992535724037e+61
0.0836	0.1248	-8.26077610630287e+61
0.0858	0.1248	-9.79723261223944e+61
0.088	0.1248	-1.08630285558114e+62
0.0902	0.1248	-1.27450378864742e+62
0.0924	0.1248	-1.28850018683488e+62
0.0946	0.1248	-1.44714025873984e+62
0.0968	0.1248	-1.57668688466984e+62
0.099	0.1248	-1.76387337064843e+62
0.1012	0.1248	-1.92415948438868e+62
0.1034	0.1248	-2.13985956628821e+62
0.1056	0.1248	-2.34102448599237e+62
0.1078	0.1248	-2.5700970019174e+62
0.11	0.1248	-2.81188272253644e+62
0	0.128	3.26052867129244e+42
0.0022	0.128	1.19306344812543e+43
0.0044	0.128	-3.36537704833114e+43
0.0066	0.128	3.96052838242732e+43
0.0088	0.128	-1.40767189890037e+44
0.011	0.128	1.23691339653508e+45
0.0132	0.128	3.65088312554793e+45
0.0154	0.128	1.93122279505769e+46
0.0176	0.128	-7.63969397790016e+46
0.0198	0.128	-1.9383517467011e+47
0.022	0.128	-7.25551869367187e+47
0.0242	0.128	1.93781479163948e+48
0.0264	0.128	-9.33868912649089e+47
0.0286	0.128	-2.52989863754006e+47
0.0308	0.128	3.30791970776637e+48
0.033	0.128	-6.69456505996882e+48
0.0352	0.128	1.37396001318797e+49
0.0374	0.128	-3.6873776973128e+49
0.0396	0.128	6.54042191129019e+49
0.0418	0.128	-2.05332447842861e+50
0.044	0.128	1.1220874913527e+51
0.0462	0.128	-7.11523364284161e+51
0.0484	0.128	4.56828491227211e+52
0.0506	0.128	-2.90108896016715e+53
0.0528	0.128	1.81055918744397e+54
0.055	0.128	-1.10701032245136e+55
0.0572	0.128	6.60333446971429e+55
0.0594	0.128	-3.82141214980718e+56
0.0616	0.128	2.12948793465912e+57
0.0638	0.128	-1.1309588590874e+58
0.066	0.128	5.64199490240592e+58
0.0682	0.128	-2.58824219060715e+59
0.0704	0.128	1.05683536263544e+60
0.0726	0.128	-3.64354642760955e+60
0.0748	0.128	9.72254274761543e+60
0.077	0.128	1.31792391468816e+61
0.0792	0.128	1.45047132220896e+61
0.0814	0.128	1.82866007038459e+61
0.0836	0.128	2.02725992797368e+61
0.0858	0.128	2.44769696779891e+61
0.088	0.128	2.74907724560037e+61
0.0902	0.128	3.2673020511028e+61
0.0924	0.128	3.3370872980783e+61
0.0946	0.128	3.78384995487586e+61
0.0968	0.128	4.16241196866455e+61
0.099	0.128	4.69310006546485e+61
0.1012	0.128	5.16282913488063e+61
0.1034	0.128	5.77950971190549e+61
0.1056	0.128	6.36899490258528e+61
0.1078	0.128	7.03479494310164e+61
0.11	0.128	7.74530948946571e+61
0	0.1312	2.90262458745934e+41
0.0022	0.1312	8.88084675886353e+41
0.0044	0.1312	2.91986629995391e+43
0.0066	0.1312	-1.36912415116581e+44
0.0088	0.1312	3.01438437892845e+44
0.011	0.1312	1.3510394378306e+44
0.0132	0.1312	6.97681358704793e+45
0.0154	0.1312	1.27981299341969e+46
0.0176	0.1312	-5.70574440367823e+46
0.0198	0.1312	-2.68157027832138e+47
0.022	0.1312	1.8627745324607e+47
0.0242	0.1312	-3.79370958893781e+47
0.0264	0.1312	1.87813158811439e+47
0.0286	0.1312	9.07464962152767e+46
0.0308	0.1312	-7.29880340161835e+47
0.033	0.1312	1.53563477220252e+48
0.0352	0.1312	-3.30731313504871e+48
0.0374	0.1312	8.67709036186509e+48
0.0396	0.1312	-2.0171305988847e+49
0.0418	0.1312	8.40474964238191e+49
0.044	0.1312	-4.9171641649668e+50
0.0462	0.1312	3.07248692267674e+51
0.0484	0.1312	-1.91460861388373e+52
0.0506	0.1312	1.1748637225213e+53
0.0528	0.1312	-7.06615837372748e+53
0.055	0.1312	4.15039919715375e+54
0.0572	0.1312	-2.36964418000124e+55
0.0594	0.1312	1.30717140214573e+56
0.0616	0.1312	-6.91151901293738e+56
0.0638	0.1312	3.46534970768963e+57
0.066	0.1312	-1.62338924583115e+58
0.0682	0.1312	6.95733578882949e+58
0.0704	0.1312	-2.64437871948368e+59
0.0726	0.1312	8.50817376370395e+59
0.0748	0.1312	-2.17488216919784e+60
0.077	0.1312	-3.09879876101575e+60
0.0792	0.1312	-3.46689136397538e+60
0.0814	0.1312	-4.48699118939785e+60
0.0836	0.1312	-5.04387968312847e+60
0.0858	0.1312	-6.18913275871123e+60
0.088	0.1312	-7.03395486826779e+60
0.0902	0.1312	-8.4544978142371e+60
0.0924	0.1312	-8.71978714875724e+60
0.0946	0.1312	-9.96892448105556e+60
0.0968	0.1312	-1.10605307176237e+61
0.099	0.1312	-1.25540072499172e+61
0.1012	0.1312	-1.39127946417795e+61
0.1034	0.1312	-1.56618592421528e+61
0.1056	0.1312	-1.73683980003604e+61
0.1078	0.1312	-1.92838486100653e+61
0.11	0.1312	-2.13469983385076e+61
0	0.1344	6.89557735334979e+42
0.0022	0.1344	3.71450477206331e+42
0.0044	0.1344	-1.3635337377691e+43
0.0066	0.1344	1.59346217205248e+43
0.0088	0.1344	-1.65419034289127e+44
0.011	0.1344	1.45864841611886e+45
0.0132	0.1344	3.88967215117378e+45
0.0154	0.1344	2.35039185503876e+46
0.0176	0.1344	-8.43130282711858e+46
0.0198	0.1344	6.00204273624721e+46
0.022	0.1344	-4.39523126681154e+46
0.0242	0.1344	7.47766623688567e+46
0.0264	0.1344	-3.69815491273309e+46
0.0286	0.1344	-2.68951023553529e+46
0.0308	0.1344	1.63124650231563e+47
0.033	0.1344	-3.56952368958531e+47
0.0352	0.1344	8.13712896412342e+47
0.0374	0.1344	-2.25350708652534e+48
0.0396	0.1344	6.98806931000882e+48
0.0418	0.1344	-3.46379998787277e+49
0.044	0.1344	2.06402140807411e+50
0.0462	0.1344	-1.26056907811221e+51
0.0484	0.1344	7.61672737592386e+51
0.0506	0.1344	-4.51791989975221e+52
0.0528	0.1344	2.62010784297958e+53
0.055	0.1344	-1.479738820859e+54
0.0572	0.1344	8.09781167508882e+54
0.0594	0.1344	-4.26674954507674e+55
0.0616	0.1344	2.14675182727622e+56
0.0638	0.1344	-1.02016901556304e+57
0.066	0.1344	4.51173775968658e+57
0.0682	0.1344	-1.81928928573244e+58
0.0704	0.1344	6.49873281274386e+58
0.0726	0.1344	-1.97672950460613e+59
0.0748	0.1344	4.90955564877141e+59
0.077	0.1344	7.37233394477739e+59
0.0792	0.1344	8.38658347853549e+59
0.0814	0.1344	1.11295868168993e+60
0.0836	0.1344	1.26789021673824e+60
0.0858	0.1344	1.57873546197083e+60
0.088	0.1344	1.81396818308777e+60
0.0902	0.1344	2.20196507450232e+60
0.0924	0.1344	2.29216003068227e+60
0.0946	0.1344	2.63942841911226e+60
0.0968	0.1344	2.95101081339697e+60
0.099	0.1344	3.3688352753478e+60
0.1012	0.1344	3.75796365404988e+60
0.1034	0.1344	4.25087045980576e+60
0.1056	0.1344	4.74023001297401e+60
0.1078	0.1344	5.2868146594773e+60
0.11	0.1344	5.88027828119766e+60
0	0.1376	-3.49519229714981e+41
0.0022	0.1376	8.82914511579689e+42
0.0044	0.1376	1.20451229773451e+43
0.0066	0.1376	-7.96044487546375e+43
0.0088	0.1376	1.05317326974963e+44
0.011	0.1376	6.9919741039117e+44
0.0132	0.1376	6.62931479214632e+45
0.0154	0.1376	-6.2089699481542e+45
0.0176	0.1376	1.67696016896908e+46
0.0198	0.1376	-1.28622185886162e+46
0.022	0.1376	1.00448428146012e+46
0.0242	0.1376	-1.48193045276277e+46
0.0264	0.1376	7.12343914425927e+45
0.0286	0.1376	7.35115236153023e+45
0.0308	0.1376	-3.70171122543914e+46
0.033	0.1376	8.48817360233838e+46
0.0352	0.1376	-2.10116029825014e+47
0.0374	0.1376	6.56905391134287e+47
0.0396	0.1376	-2.59100961501901e+48
0.0418	0.1376	1.40112902131255e+49
0.044	0.1376	-8.30398387087627e+49
0.0462	0.1376	4.94056345712911e+50
0.0484	0.1376	-2.89449375572942e+51
0.0506	0.1376	1.66064590381242e+52
0.0528	0.1376	-9.29427999237792e+52
0.055	0.1376	5.05313094649992e+53
0.0572	0.1376	-2.65486676664757e+54
0.0594	0.1376	1.33906661097177e+55
0.0616	0.1376	-6.42952535271365e+55
0.0638	0.1376	2.9067491533766e+56
0.066	0.1376	-1.21947296316434e+57
0.0682	0.1376	4.65569886392278e+57
0.0704	0.1376	-1.57575865705166e+58
0.0726	0.1376	4.5775854226268e+58
0.0748	0.1376	-1.11413702288471e+59
0.077	0.1376	-1.76919841199353e+59
0.0792	0.1376	-2.04702302998862e+59
0.0814	0.1376	-2.7827755284805e+59
0.0836	0.1376	-3.21119853094874e+59
0.0858	0.1376	-4.05246564648543e+59
0.088	0.1376	-4.70397841388142e+59
0.0902	0.1376	-5.76062697830435e+59
0.0924	0.1376	-6.0491899916421e+59
0.0946	0.1376	-7.01016635644012e+59
0.0968	0.1376	-7.89242551076427e+59
0.099	0.1376	-9.05573044476813e+59
0.1012	0.1376	-1.01612544318852e+60
0.1034	0.1376	-1.15430185623149e+60
0.1056	0.1376	-1.29356014465977e+60
0.1078	0.1376	-1.44849795924597e+60
0.11	0.1376	-1.61790978706235e+60
0	0.1408	1.18361964831894e+43
0.0022	0.1408	-2.92866918857905e+42
0.0044	0.1408	7.49046644289913e+42
0.0066	0.1408	-1.27483570597103e+43
0.0088	0.1408	-1.5155900633394e+44
0.011	0.1408	1.44000307311439e+45
0.0132	0.1408	-1.45662916332703e+45
0.0154	0.1408	1.49745968674825e+45
0.0176	0.1408	-3.36642835942002e+45
0.0198	0.1408	2.74810677230734e+45
0.022	0.1408	-2.24741520202432e+45
0.0242	0.1408	2.94823619376167e+45
0.0264	0.1408	-1.33650412088665e+45
0.0286	0.1408	-1.93314652434769e+45
0.0308	0.1408	8.57609160707642e+45
0.033	0.1408	-2.09501294195466e+46
0.0352	0.1408	5.82406905777748e+46
0.0374	0.1408	-2.12173808453779e+47
0.0396	0.1408	9.84186632340161e+47
0.0418	0.1408	-5.50764575442859e+48
0.044	0.1408	3.21112128730564e+49
0.0462	0.1408	-1.85894412811844e+50
0.0484	0.1408	1.05640259730759e+51
0.0506	0.1408	-5.86697208412176e+51
0.0528	0.1408	3.17219268966146e+52
0.055	0.1408	-1.66251304360534e+53
0.0572	0.1408	8.40029046957069e+53
0.0594	0.1408	-4.06475317926656e+54
0.0616	0.1408	1.86767846562991e+55
0.0638	0.1408	-8.06075925804484e+55
0.066	0.1408	3.22201010994253e+56
0.0682	0.1408	-1.17105511608583e+57
0.0704	0.1408	3.7811780772197e+57
0.0726	0.1408	-1.05722138794195e+58
0.0748	0.1408	2.53172480451807e+58
0.077	0.1408	4.27103921790583e+58
0.0792	0.1408	5.02858984194704e+58
0.0814	0.1408	6.99809883750145e+58
0.0836	0.1408	8.1771008468579e+58
0.0858	0.1408	1.04485090425645e+59
0.088	0.1408	1.22452314664597e+59
0.0902	0.1408	1.51158718570766e+59
0.0924	0.1408	1.60046000241294e+59
0.0946	0.1408	1.86537249859219e+59
0.0968	0.1408	2.11357674157438e+59
0.099	0.1408	2.4361655222624e+59
0.1012	0.1408	2.7482177874202e+59
0.1034	0.1408	3.13386367690316e+59
0.1056	0.1408	3.52767810107245e+59
0.1078	0.1408	3.96445597671323e+59
0.11	0.1408	4.44502770488955e+59
0	0.144	-7.86894919220833e+42
0.0022	0.144	2.51383466518994e+43
0.0044	0.144	-2.06919898795129e+43
0.0066	0.144	2.78747352607555e+43
0.0088	0.144	4.69297315047675e+43
0.011	0.144	-2.87434156351998e+44
0.0132	0.144	3.12985457023599e+44
0.0154	0.144	-3.4799981633044e+44
0.0176	0.144	6.81756553812947e+44
0.0198	0.144	-5.85679545834673e+44
0.022	0.144	4.95069331076279e+44
0.0242	0.144	-5.87816624415488e+44
0.0264	0.144	2.41748771626943e+44
0.0286	0.144	5.00840454656216e+44
0.0308	0.144	-2.04729964811334e+45
0.033	0.144	5.45728366534792e+45
0.0352	0.144	-1.7476826090861e+46
0.0374	0.144	7.33514633771346e+46
0.0396	0.144	-3.72776929577837e+47
0.0418	0.144	2.09834174659382e+48
0.044	0.144	-1.19754606725382e+49
0.0462	0.144	6.74415644304363e+49
0.0484	0.144	-3.71986488007491e+50
0.0506	0.144	2.00162209224818e+51
0.0528	0.144	-1.04669729451745e+52
0.055	0.144	5.29532305740273e+52
0.0572	0.144	-2.57761185297035e+53
0.0594	0.144	1.19911156201815e+54
0.0616	0.144	-5.28627656483573e+54
0.0638	0.144	2.18502138039115e+55
0.066	0.144	-8.35397625041553e+55
0.0682	0.144	2.90439351557335e+56
0.0704	0.144	-8.99686869324623e+56
0.0726	0.144	2.43446294990113e+57
0.0748	0.144	-5.73688997450844e+57
0.077	0.144	-1.03484050561224e+58
0.0792	0.144	-1.24065625374136e+58
0.0814	0.144	-1.7669833299326e+58
0.0836	0.144	-2.09017925037456e+58
0.0858	0.144	-2.70224692459871e+58
0.088	0.144	-3.19599053991818e+58
0.0902	0.144	-3.97427856080636e+58
0.0924	0.144	-4.24098114799431e+58
0.0946	0.144	-4.9689322146681e+58
0.0968	0.144	-5.66349167980834e+58
0.099	0.144	-6.55500897119587e+58
0.1012	0.144	-7.43110937315606e+58
0.1034	0.144	-8.50341537082039e+58
0.1056	0.144	-9.61128794368698e+58
0.1078	0.144	-1.08368688655232e+59
0.11	0.144	-1.21929250736167e+59
0	0.1472	4.5011418522545e+42
0.0022	0.1472	-6.63137975993531e+42
0.0044	0.1472	2.57206828385409e+43
0.0066	0.1472	-5.38380854263958e+42
0.0088	0.1472	-1.32400638829066e+43
0.011	0.1472	5.843370397746e+43
0.0132	0.1472	-6.72934875941733e+43
0.0154	0.1472	7.89546312182477e+43
0.0176	0.1472	-1.39129158698835e+44
0.0198	0.1472	1.24559948526871e+44
0.022	0.1472	-1.07762266450223e+44
0.0242	0.1472	1.17228902067151e+44
0.0264	0.1472	-4.11732517859752e+43
0.0286	0.1472	-1.30115022431491e+44
0.0308	0.1472	5.09826877787214e+44
0.033	0.1472	-1.51953299125102e+45
0.0352	0.1472	5.62081485302304e+45
0.0374	0.1472	-2.61947915283306e+46
0.0396	0.1472	1.38928227666517e+47
0.0418	0.1472	-7.75283785823967e+47
0.044	0.1472	4.32182167592248e+48
0.0462	0.1472	-2.36827863936442e+49
0.0484	0.1472	1.2687726895271e+50
0.0506	0.1472	-6.62092083760834e+50
0.0528	0.1472	3.35234297488214e+51
0.055	0.1472	-1.63941341062793e+52
0.0572	0.1472	7.70082532133373e+52
0.0594	0.1472	-3.45110381613499e+53
0.0616	0.1472	1.46326955673103e+54
0.0638	0.1472	-5.80934672951061e+54
0.066	0.1472	2.13188778829634e+55
0.0682	0.1472	-7.11890593285001e+55
0.0704	0.1472	2.12500417749948e+56
0.0726	0.1472	-5.58308248805084e+56
0.0748	0.1472	1.29048674281132e+57
0.077	0.1472	2.51168716188827e+57
0.0792	0.1472	3.06922619244214e+57
0.0814	0.1472	4.47377176656139e+57
0.0836	0.1472	5.35690583221717e+57
0.0858	0.1472	7.00350973616874e+57
0.088	0.1472	8.3563503093611e+57
0.0902	0.1472	1.04628075273619e+58
0.0924	0.1472	1.12483434255754e+58
0.0946	0.1472	1.32432677018691e+58
0.0968	0.1472	1.51783202191655e+58
0.099	0.1472	1.76350548864161e+58
0.1012	0.1472	2.00837493588418e+58
0.1034	0.1472	2.30558540960033e+58
0.1056	0.1472	2.61588558735534e+58
0.1078	0.1472	2.95842200482661e+58
0.11	0.1472	3.33936789778391e+58
0	0.1504	-8.04095437221803e+41
0.0022	0.1504	4.72995717857002e+42
0.0044	0.1504	-5.07090621579124e+42
0.0066	0.1504	1.00575647501504e+42
0.0088	0.1504	3.40036620168632e+42
0.011	0.1504	-1.20076777024961e+43
0.0132	0.1504	1.4479974549001e+43
0.0154	0.1504	-1.76220694506276e+43
0.0176	0.1504	2.85809334062936e+43
0.0198	0.1504	-2.64451556947851e+43
0.022	0.1504	2.32344181817534e+43
0.0242	0.1504	-2.33282478770965e+43
0.0264	0.1504	6.20267394783514e+42
0.0286	0.1504	3.44394152681744e+43
0.0308	0.1504	-1.34166471370193e+44
0.033	0.1504	4.53480992273184e+44
0.0352	0.1504	-1.89721594430044e+45
0.0374	0.1504	9.43221074868126e+45
0.0396	0.1504	-5.07120257018854e+46
0.0418	0.1504	2.78511727385019e+47
0.044	0.1504	-1.5151340907411e+48
0.0462	0.1504	8.08186510813588e+48
0.0484	0.1504	-4.20838606347951e+49
0.0506	0.1504	2.13163369786833e+50
0.0528	0.1504	-1.04616254945201e+51
0.055	0.1504	4.95187353888275e+51
0.0572	0.1504	-2.24809963733765e+52
0.0594	0.1504	9.72340989584874e+52
0.0616	0.1504	-3.97388764566815e+53
0.0638	0.1504	1.51929644924725e+54
0.066	0.1504	-5.36769514331809e+54
0.0682	0.1504	1.72730446797119e+55
0.0704	0.1504	-4.9837035986006e+55
0.0726	0.1504	1.27200865737879e+56
0.0748	0.1504	-2.85728596263226e+56
0.077	0.1504	-6.08869135986989e+56
0.0792	0.1504	-7.59593963537613e+56
0.0814	0.1504	-1.13408709637063e+57
0.0836	0.1504	-1.37485560402288e+57
0.0858	0.1504	-1.81736244292661e+57
0.088	0.1504	-2.18726040084225e+57
0.0902	0.1504	-2.75676143815485e+57
0.0924	0.1504	-2.98504439574269e+57
0.0946	0.1504	-3.5307382948807e+57
0.0968	0.1504	-4.06810019190366e+57
0.099	0.1504	-4.74375522143295e+57
0.1012	0.1504	-5.42588387583782e+57
0.1034	0.1504	-6.24780211084998e+57
0.1056	0.1504	-7.11407893506578e+57
0.1078	0.1504	-8.06866574422109e+57
0.11	0.1504	-9.13523470455336e+57
0	0.1536	3.0092249071588e+41
0.0022	0.1536	-9.18777084563341e+41
0.0044	0.1536	9.91294532421794e+41
0.0066	0.1536	-1.75169292962977e+41
0.0088	0.1536	-8.28794183135443e+41
0.011	0.1536	2.49320445615625e+42
0.0132	0.1536	-3.12253432245571e+42
0.0154	0.1536	3.89496740616866e+42
0.0176	0.1536	-5.91373162151708e+42
0.0198	0.1536	5.61544180278948e+42
0.022	0.1536	-4.97748890068965e+42
0.0242	0.1536	4.62058746455817e+42
0.0264	0.1536	-6.4059444605377e+41
0.0286	0.1536	-9.46866769509629e+42
0.0308	0.1536	3.78564807646723e+43
0.033	0.1536	-1.44777540372621e+44
0.0352	0.1536	6.63013747236996e+44
0.0374	0.1536	-3.40688350306048e+45
0.0396	0.1536	1.82616203678676e+46
0.0418	0.1536	-9.8289372351897e+46
0.044	0.1536	5.21383838661543e+47
0.0462	0.1536	-2.70688722469492e+48
0.0484	0.1536	1.37021785698025e+49
0.0506	0.1536	-6.73893411335775e+49
0.0528	0.1536	3.20746119852059e+50
0.055	0.1536	-1.47057065940907e+51
0.0572	0.1536	6.45896708161885e+51
0.0594	0.1536	-2.69964985869531e+52
0.0616	0.1536	1.06520814457064e+53
0.0638	0.1536	-3.92948543260104e+53
0.066	0.1536	1.3396138368356e+54
0.0682	0.1536	-4.16426312074915e+54
0.0704	0.1536	1.16344576070128e+55
0.0726	0.1536	-2.88217127301037e+55
0.0748	0.1536	6.24066215297643e+55
0.077	0.1536	1.48226799922879e+56
0.0792	0.1536	1.89082430397005e+56
0.0814	0.1536	2.89270324710406e+56
0.0836	0.1536	3.55092024363572e+56
0.0858	0.1536	4.74403318640662e+56
0.088	0.1536	5.75835724723264e+56
0.0902	0.1536	7.30353007143127e+56
0.0924	0.1536	7.96379075274131e+56
0.0946	0.1536	9.46084415666311e+56
0.0968	0.1536	1.09565086183114e+57
0.099	0.1536	1.28201066344859e+57
0.1012	0.1536	1.4724530960142e+57
0.1034	0.1536	1.7004023124025e+57
0.1056	0.1536	1.94281640155548e+57
0.1078	0.1536	2.20951044258605e+57
0.11	0.1536	2.50882130359907e+57
0	0.1568	-8.75846854595359e+40
0.0022	0.1568	1.95797505641309e+41
0.0044	0.1568	-2.05147589988432e+41
0.0066	0.1568	2.80777909393025e+40
0.0088	0.1568	2.05525841925299e+41
0.011	0.1568	-5.43332696157011e+41
0.0132	0.1568	7.01602753833964e+41
0.0154	0.1568	-8.89692122354975e+41
0.0176	0.1568	1.27781812991311e+42
0.0198	0.1568	-1.23873238146123e+42
0.022	0.1568	1.10080078964142e+42
0.0242	0.1568	-9.34552608969159e+41
0.0264	0.1568	-7.71507142401736e+40
0.0286	0.1568	2.91149503187389e+42
0.0308	0.1568	-1.22489365163737e+43
0.033	0.1568	5.22818870339865e+43
0.0352	0.1568	-2.54075184524276e+44
0.0374	0.1568	1.32022631798982e+45
0.0396	0.1568	-6.98125764716672e+45
0.0418	0.1568	3.66779691723408e+46
0.044	0.1568	-1.89273720154586e+47
0.0462	0.1568	9.54524925973751e+47
0.0484	0.1568	-4.68807710192521e+48
0.0506	0.1568	2.23463646648007e+49
0.0528	0.1568	-1.02969869751553e+50
0.055	0.1568	4.56558204578236e+50
0.0572	0.1568	-1.93725119003658e+51
0.0594	0.1568	7.81526313641004e+51
0.0616	0.1568	-2.97423523077005e+52
0.0638	0.1568	1.05784201055935e+53
0.066	0.1568	-3.47740028198885e+53
0.0682	0.1568	1.04282040692125e+54
0.0704	0.1568	-2.80897848899109e+54
0.0726	0.1568	6.64586130662337e+54
0.0748	0.1568	-1.2980298224751e+55
0.077	0.1568	-3.72171402110177e+55
0.0792	0.1568	-4.90338506659857e+55
0.0814	0.1568	-7.75701313213548e+55
0.0836	0.1568	-9.67664178131505e+55
0.0858	0.1568	-1.31043991845673e+56
0.088	0.1568	-1.60721770345067e+56
0.0902	0.1568	-2.05433625518391e+56
0.0924	0.1568	-2.25783114118284e+56
0.0946	0.1568	-2.69586975722166e+56
0.0968	0.1568	-3.14023913869723e+56
0.099	0.1568	-3.6884580080359e+56
0.1012	0.1568	-4.25575628740679e+56
0.1034	0.1568	-4.93049101782601e+56
0.1056	0.1568	-5.65463430435049e+56
0.1078	0.1568	-6.44996297608607e+56
0.11	0.1568	-7.34737268026506e+56
0	0.16	3.92915147011716e+40
0.0022	0.16	-8.49091843592305e+40
0.0044	0.16	7.7377495834863e+40
0.0066	0.16	-9.20968656196456e+39
0.0088	0.16	-9.1286017311914e+40
0.011	0.16	2.20599156933645e+41
0.0132	0.16	-2.88867895148571e+41
0.0154	0.16	3.69129097857078e+41
0.0176	0.16	-5.09708085348544e+41
0.0198	0.16	5.01078950528239e+41
0.022	0.16	-4.44347725667553e+41
0.0242	0.16	3.45986150440122e+41
0.0264	0.16	1.28649966857411e+41
0.0286	0.16	-1.58203802682071e+42
0.0308	0.16	6.94150953494467e+42
0.033	0.16	-3.15106285128381e+43
0.0352	0.16	1.57121893440569e+44
0.0374	0.16	-8.16443581535722e+44
0.0396	0.16	4.26559011311143e+45
0.0418	0.16	-2.20282594274446e+46
0.044	0.16	1.11513957313086e+47
0.0462	0.16	-5.51039683735893e+47
0.0484	0.16	2.64911679949618e+48
0.0506	0.16	-1.23474633371003e+49
0.0528	0.16	5.55765813416688e+49
0.055	0.16	-2.40454941792866e+50
0.0572	0.16	9.94572236597523e+50
0.0594	0.16	-3.9074678041387e+51
0.0616	0.16	1.44702368592772e+52
0.0638	0.16	-5.00498606236358e+52
0.066	0.16	1.5993045733737e+53
0.0682	0.16	-4.65901966291204e+53
0.0704	0.16	1.21568185123057e+54
0.0726	0.16	-2.75196700041655e+54
0.0748	0.16	4.88449103933686e+54
0.077	0.16	1.70344820363835e+55
0.0792	0.16	2.30599926661965e+55
0.0814	0.16	3.74601015581684e+55
0.0836	0.16	4.7331760420474e+55
0.0858	0.16	6.47686460414048e+55
0.088	0.16	8.00649479089404e+55
0.0902	0.16	1.02917979726434e+56
0.0924	0.16	1.13776469261404e+56
0.0946	0.16	1.36364181525476e+56
0.0968	0.16	1.59524945005163e+56
0.099	0.16	1.87947648998305e+56
0.1012	0.16	2.17601974729369e+56
0.1034	0.16	2.52700884329642e+56
0.1056	0.16	2.90624095386624e+56
0.1078	0.16	3.32228379966354e+56
0.11	0.16	3.79291630285368e+56
