0	0	7.31513291457524e+60
0.0022	0	-4.95797756836971e+59
0.0044	0	2.2650612239406e+60
0.0066	0	-1.87053503445141e+61
0.0088	0	4.57781151503981e+61
0.011	0	-2.36428266711748e+61
0.0132	0	1.67965463433233e+61
0.0154	0	-2.22896331412217e+61
0.0176	0	1.77043032854725e+62
0.0198	0	-1.58794938658068e+62
0.022	0	1.17505648043602e+62
0.0242	0	-1.30019306009498e+62
0.0264	0	-1.99795360278781e+61
0.0286	0	4.63211240055792e+62
0.0308	0	-1.08997121887363e+63
0.033	0	1.51097913237435e+63
0.0352	0	-2.12665357722331e+63
0.0374	0	3.17275254604016e+63
0.0396	0	-2.73374936796873e+63
0.0418	0	-1.62223667153741e+62
0.044	0	8.40019075957357e+63
0.0462	0	-3.45087020187073e+64
0.0484	0	1.1905565197981e+65
0.0506	0	-3.5373164085136e+65
0.0528	0	7.74505917269244e+65
0.055	0	-1.24047957740485e+65
0.0572	0	-1.20076481893384e+67
0.0594	0	9.57790491379862e+67
0.0616	0	-5.47563905187752e+68
0.0638	0	2.6921759633881e+69
0.066	0	-1.20787446416761e+70
0.0682	0	5.10130133245213e+70
0.0704	0	-2.07720480638684e+71
0.0726	0	8.36640183595138e+71
0.0748	0	-3.43062751825777e+72
0.077	0	-3.12704995156712e+72
0.0792	0	-2.62498323461372e+72
0.0814	0	3.18957250949889e+72
0.0836	0	-2.44769004494265e+71
0.0858	0	1.58175425955399e+72
0.088	0	1.86664016734274e+73
0.0902	0	3.93321413858392e+72
0.0924	0	-1.31556358599202e+73
0.0946	0	-1.15197968480358e+73
0.0968	0	-8.04967001289314e+72
0.099	0	-5.74472900584439e+72
0.1012	0	-3.79655117882787e+72
0.1034	0	-2.62386247672648e+72
0.1056	0	-1.90685755818465e+72
0.1078	0	-1.38198889737396e+72
0.11	0	-8.90496171758575e+71
0	0.0032	1.33073534737327e+60
0.0022	0.0032	1.47838266952141e+61
0.0044	0.0032	-2.02567119284093e+60
0.0066	0.0032	4.26611344473812e+61
0.0088	0.0032	-1.22516880856323e+62
0.011	0.0032	5.66527752170909e+61
0.0132	0.0032	-3.7953808263742e+61
0.0154	0.0032	2.23057584575933e+61
0.0176	0.0032	-4.6871722135651e+62
0.0198	0.0032	3.94665748654397e+62
0.022	0.0032	-2.77783629411379e+62
0.0242	0.0032	3.53820987140552e+62
0.0264	0.0032	-1.84261720518936e+61
0.0286	0.0032	-1.08808165760485e+63
0.0308	0.0032	2.70151988704184e+63
0.033	0.0032	-3.6524930076652e+63
0.0352	0.0032	5.11721070588257e+63
0.0374	0.0032	-8.08044927178097e+63
0.0396	0.0032	7.25131162079298e+63
0.0418	0.0032	-8.61924857861098e+62
0.044	0.0032	-1.64134344564101e+64
0.0462	0.0032	7.11998016087915e+64
0.0484	0.0032	-2.58427632272423e+65
0.0506	0.0032	8.31616360021082e+65
0.0528	0.0032	-2.18146813431077e+66
0.055	0.0032	3.09994566889637e+66
0.0572	0.0032	1.23862873058587e+67
0.0594	0.0032	-1.48402484863698e+68
0.0616	0.0032	9.49689238507431e+68
0.0638	0.0032	-4.94535721317746e+69
0.066	0.0032	2.30245037314878e+70
0.0682	0.0032	-1.00010044233709e+71
0.0704	0.0032	4.17986589294783e+71
0.0726	0.0032	-1.74172798020232e+72
0.0748	0.0032	7.69911735241953e+72
0.077	0.0032	7.08650211037756e+72
0.0792	0.0032	6.11969812762494e+72
0.0814	0.0032	-5.49285809692182e+72
0.0836	0.0032	1.33937951696207e+72
0.0858	0.0032	-2.26180152839339e+72
0.088	0.0032	-3.65014192621478e+73
0.0902	0.0032	-7.20396391332313e+72
0.0924	0.0032	2.70996157031181e+73
0.0946	0.0032	2.38949919240439e+73
0.0968	0.0032	1.68707202790616e+73
0.099	0.0032	1.22138007796388e+73
0.1012	0.0032	8.35369674354852e+72
0.1034	0.0032	5.86163102730043e+72
0.1056	0.0032	4.29253491144098e+72
0.1078	0.0032	3.04717793504851e+72
0.11	0.0032	2.04820877755604e+72
0	0.0064	-1.6880146252616e+61
0.0022	0.0064	3.41622788041445e+61
0.0044	0.0064	-9.0784428365614e+60
0.0066	0.0064	-1.64186326275985e+62
0.0088	0.0064	6.2567969485797e+62
0.011	0.0064	-2.45228297115827e+62
0.0132	0.0064	1.62408878234786e+62
0.0154	0.0064	1.13017309356067e+62
0.0176	0.0064	2.33051354215327e+63
0.0198	0.0064	-1.79562927156609e+63
0.022	0.0064	1.16820666653384e+63
0.0242	0.0064	-1.77891625855932e+63
0.0264	0.0064	4.63820512343218e+62
0.0286	0.0064	4.61551580027625e+63
0.0308	0.0064	-1.23633115369261e+64
0.033	0.0064	1.61281744718738e+64
0.0352	0.0064	-2.23072459172181e+64
0.0374	0.0064	3.79715242981869e+64
0.0396	0.0064	-3.52886372713677e+64
0.0418	0.0064	9.54750555579006e+63
0.044	0.0064	5.44178009674815e+64
0.0462	0.0064	-2.53441068128866e+65
0.0484	0.0064	9.73427267565214e+65
0.0506	0.0064	-3.39091463632519e+66
0.0528	0.0064	1.02541556031082e+67
0.055	0.0064	-2.32307113515111e+67
0.0572	0.0064	9.12353010178821e+66
0.0594	0.0064	3.17506591651886e+68
0.0616	0.0064	-2.61512727966179e+69
0.0638	0.0064	1.50280913897648e+70
0.066	0.0064	-7.37729505978642e+70
0.0682	0.0064	3.3011372441735e+71
0.0704	0.0064	-1.39254020685433e+72
0.0726	0.0064	5.65968210350749e+72
0.0748	0.0064	-2.24934520902759e+73
0.077	0.0064	-2.0745134241118e+73
0.0792	0.0064	-1.76907988867267e+73
0.0814	0.0064	2.24519632854531e+73
0.0836	0.0064	-1.45869763017405e+72
0.0858	0.0064	1.06240628968948e+73
0.088	0.0064	1.30705181229795e+74
0.0902	0.0064	2.87163352376137e+73
0.0924	0.0064	-9.19445036965771e+73
0.0946	0.0064	-8.13279087781697e+73
0.0968	0.0064	-5.73609057224509e+73
0.099	0.0064	-4.12087354819507e+73
0.1012	0.0064	-2.79636298514274e+73
0.1034	0.0064	-1.92663530297279e+73
0.1056	0.0064	-1.39282123126767e+73
0.1078	0.0064	-9.56981055733832e+72
0.11	0.0064	-6.38960045348189e+72
0	0.0096	-9.74079875529611e+60
0.0022	0.0096	4.90427191828736e+60
0.0044	0.0096	7.98176097933501e+61
0.0066	0.0096	-4.12066760992109e+62
0.0088	0.0096	1.1837335665514e+63
0.011	0.0096	9.10412494139037e+62
0.0132	0.0096	-8.2990402176246e+62
0.0154	0.0096	-1.72551062004856e+63
0.0176	0.0096	-1.21113691767357e+64
0.0198	0.0096	8.4676450097495e+63
0.022	0.0096	-4.95888974598332e+63
0.0242	0.0096	9.16954654026754e+63
0.0264	0.0096	-3.96629546446834e+63
0.0286	0.0096	-2.0227644212115e+64
0.0308	0.0096	5.92504591541717e+64
0.033	0.0096	-7.41675635356167e+64
0.0352	0.0096	1.00174967119495e+65
0.0374	0.0096	-1.85379911263328e+65
0.0396	0.0096	1.75911886810558e+65
0.0418	0.0096	-6.41914932615264e+64
0.044	0.0096	-1.86285232103189e+65
0.0462	0.0096	9.29320454198063e+65
0.0484	0.0096	-3.73744522774059e+66
0.0506	0.0096	1.38142862238439e+67
0.0528	0.0096	-4.57043545569678e+67
0.055	0.0096	1.2536527593931e+68
0.0572	0.0096	-2.09952608334074e+68
0.0594	0.0096	-4.66268072135412e+68
0.0616	0.0096	7.08797913677239e+69
0.0638	0.0096	-4.69297475309048e+70
0.066	0.0096	2.45698474203824e+71
0.0682	0.0096	-1.13683908457717e+72
0.0704	0.0096	4.86454635435856e+72
0.0726	0.0096	-1.96886250479247e+73
0.0748	0.0096	7.58281730843209e+73
0.077	0.0096	7.0694159041359e+73
0.0792	0.0096	5.97968788697776e+73
0.0814	0.0096	-8.85127365097687e+73
0.0836	0.0096	-5.87759514023212e+71
0.0858	0.0096	-4.44558313745217e+73
0.088	0.0096	-4.9270062060157e+74
0.0902	0.0096	-1.15855057635861e+74
0.0924	0.0096	3.33679526067961e+74
0.0946	0.0096	2.96803241368185e+74
0.0968	0.0096	2.09698191329183e+74
0.099	0.0096	1.51391498482672e+74
0.1012	0.0096	1.03422162773371e+74
0.1034	0.0096	7.26305260874613e+73
0.1056	0.0096	5.3769647560995e+73
0.1078	0.0096	3.84880400664961e+73
0.11	0.0096	2.73511434535135e+73
0	0.0128	-6.16850478727885e+60
0.0022	0.0128	-1.43800610507729e+61
0.0044	0.0128	1.45466787107199e+62
0.0066	0.0128	-5.15066504723757e+62
0.0088	0.0128	1.24638895175078e+63
0.011	0.0128	1.41989535996722e+63
0.0132	0.0128	4.72634326232335e+63
0.0154	0.0128	1.53427416941206e+64
0.0176	0.0128	6.38271752105478e+64
0.0198	0.0128	-3.99103876254213e+64
0.022	0.0128	2.00804569332352e+64
0.0242	0.0128	-4.70529574208692e+64
0.0264	0.0128	2.75450601021858e+64
0.0286	0.0128	8.74444147197635e+64
0.0308	0.0128	-2.86575572595536e+65
0.033	0.0128	3.41702455000451e+65
0.0352	0.0128	-4.43712003522075e+65
0.0374	0.0128	9.08186816862559e+65
0.0396	0.0128	-8.71807117958704e+65
0.0418	0.0128	3.71921358929545e+65
0.044	0.0128	6.22833232972315e+65
0.0462	0.0128	-3.33834948859849e+66
0.0484	0.0128	1.39994714497484e+67
0.0506	0.0128	-5.44640226573751e+67
0.0528	0.0128	1.93160040520889e+68
0.055	0.0128	-5.96309176040261e+68
0.0572	0.0128	1.40251485528735e+69
0.0594	0.0128	-8.94212182120432e+68
0.0616	0.0128	-1.63950596631232e+70
0.0638	0.0128	1.40396283879731e+71
0.066	0.0128	-8.07232349956555e+71
0.0682	0.0128	3.9228449642844e+72
0.0704	0.0128	-1.73123826111082e+73
0.0726	0.0128	7.18369174423548e+73
0.0748	0.0128	-2.84107363531431e+74
0.077	0.0128	-2.6806792836477e+74
0.0792	0.0128	-2.28007141739868e+74
0.0814	0.0128	3.23964397299405e+74
0.0836	0.0128	-3.93545572451453e+70
0.0858	0.0128	1.61264557034505e+74
0.088	0.0128	1.84141256564969e+75
0.0902	0.0128	4.44476209597032e+74
0.0924	0.0128	-1.23685857695154e+75
0.0946	0.0128	-1.10646704954567e+75
0.0968	0.0128	-7.86642941366757e+74
0.099	0.0128	-5.72991008857803e+74
0.1012	0.0128	-3.96892176358092e+74
0.1034	0.0128	-2.83992192678149e+74
0.1056	0.0128	-2.15158986509441e+74
0.1078	0.0128	-1.59082178698141e+74
0.11	0.0128	-1.1809924223498e+74
0	0.016	5.16177702830111e+60
0.0022	0.016	-4.84638918542542e+61
0.0044	0.016	2.10517723206958e+62
0.0066	0.016	-6.2368596509137e+62
0.0088	0.016	1.28740001298297e+63
0.011	0.016	2.0891230758716e+63
0.0132	0.016	3.3258283070298e+63
0.0154	0.016	2.3377619864037e+64
0.0176	0.016	-3.42201186713678e+65
0.0198	0.016	1.8806349430224e+65
0.022	0.016	-7.46440471070627e+64
0.0242	0.016	2.40756328741874e+65
0.0264	0.016	-1.73900027403755e+65
0.0286	0.016	-3.69221925812045e+65
0.0308	0.016	1.39780406665659e+66
0.033	0.016	-1.57596411995222e+66
0.0352	0.016	1.92306712199788e+66
0.0374	0.016	-4.46311447564817e+66
0.0396	0.016	4.29932307398277e+66
0.0418	0.016	-1.99968969139671e+66
0.044	0.016	-2.03142884409126e+66
0.0462	0.016	1.1709957770526e+67
0.0484	0.016	-5.10781934831005e+67
0.0506	0.016	2.0829536314093e+68
0.0528	0.016	-7.8346928881017e+68
0.055	0.016	2.63668169178138e+69
0.0572	0.016	-7.38631769326491e+69
0.0594	0.016	1.3043542464084e+70
0.0616	0.016	2.24787583267397e+70
0.0638	0.016	-3.85898797881028e+71
0.066	0.016	2.56692814473548e+72
0.0682	0.016	-1.33143008721863e+73
0.0704	0.016	6.09743526872496e+73
0.0726	0.016	-2.60111758841578e+74
0.0748	0.016	1.05763590386565e+75
0.077	0.016	1.00971427389926e+75
0.0792	0.016	8.61988723929563e+74
0.0814	0.016	-1.1932378439788e+75
0.0836	0.016	1.45290593041077e+72
0.0858	0.016	-5.91266491488769e+74
0.088	0.016	-6.89097631315226e+75
0.0902	0.016	-1.71148386358946e+75
0.0924	0.016	4.57812845833103e+75
0.0946	0.016	4.11885941763644e+75
0.0968	0.016	2.94546623633807e+75
0.099	0.016	2.1626685590181e+75
0.1012	0.016	1.5149294719879e+75
0.1034	0.016	1.09983354832481e+75
0.1056	0.016	8.46900619594693e+74
0.1078	0.016	6.40476639209949e+74
0.11	0.016	4.89002057313662e+74
0	0.0192	-3.91657528390312e+60
0.0022	0.0192	-3.44527688972168e+61
0.0044	0.0192	1.51705773093943e+62
0.0066	0.0192	-3.18634167673997e+62
0.0088	0.0192	1.43075711684532e+62
0.011	0.0192	5.99868016862511e+63
0.0132	0.0192	-7.50924917537766e+63
0.0154	0.0192	5.69138485560346e+64
0.0176	0.0192	-4.61790342650731e+65
0.0198	0.0192	-8.21213489484816e+65
0.022	0.0192	2.31074737713817e+65
0.0242	0.0192	-1.22788847563898e+66
0.0264	0.0192	1.03613312125446e+66
0.0286	0.0192	1.50190470839184e+66
0.0308	0.0192	-6.8809188903844e+66
0.033	0.0192	7.28733427993693e+66
0.0352	0.0192	-8.07209930862032e+66
0.0374	0.0192	2.20256070835848e+67
0.0396	0.0192	-2.11286531766835e+67
0.0418	0.0192	1.02841665071578e+67
0.044	0.0192	6.53376438051683e+66
0.0462	0.0192	-4.00833354333854e+67
0.0484	0.0192	1.81501768221985e+68
0.0506	0.0192	-7.7425037855263e+68
0.0528	0.0192	3.0698120240522e+69
0.055	0.0192	-1.10749209466615e+70
0.0572	0.0192	3.48000120599647e+70
0.0594	0.0192	-8.37590260516066e+70
0.0616	0.0192	6.36158488244606e+70
0.0638	0.0192	8.93116168226738e+71
0.066	0.0192	-7.76414367582688e+72
0.0682	0.0192	4.41340539372026e+73
0.0704	0.0192	-2.11265568169045e+74
0.0726	0.0192	9.27479804501318e+74
0.0748	0.0192	-3.89008608298899e+75
0.077	0.0192	-3.75744114024439e+75
0.0792	0.0192	-3.21437286450292e+75
0.0814	0.0192	4.43666908273951e+75
0.0836	0.0192	3.02176359284982e+73
0.0858	0.0192	2.20701684480355e+75
0.088	0.0192	2.58261782006257e+76
0.0902	0.0192	6.6216973049995e+75
0.0924	0.0192	-1.69070544423132e+76
0.0946	0.0192	-1.52946900726737e+76
0.0968	0.0192	-1.09904841207471e+76
0.099	0.0192	-8.12230961887877e+75
0.1012	0.0192	-5.74128926758138e+75
0.1034	0.0192	-4.21684327719182e+75
0.1056	0.0192	-3.2900207665971e+75
0.1078	0.0192	-2.5320496465062e+75
0.11	0.0192	-1.97452353999213e+75
0	0.0224	9.98383377398432e+60
0.0022	0.0224	-5.37709478091257e+61
0.0044	0.0224	1.90059400518791e+62
0.0066	0.0224	-3.86378698820022e+62
0.0088	0.0224	1.80015315886053e+62
0.011	0.0224	6.38248428946253e+63
0.0132	0.0224	-6.10417509481272e+63
0.0154	0.0224	5.19985451021651e+64
0.0176	0.0224	-4.24590579553944e+65
0.0198	0.0224	-1.06818671705047e+66
0.022	0.0224	-3.04909083367282e+65
0.0242	0.0224	6.25039483233902e+66
0.0264	0.0224	-5.94490208447376e+66
0.0286	0.0224	-5.72840393313587e+66
0.0308	0.0224	3.42073174886913e+67
0.033	0.0224	-3.38608256892577e+67
0.0352	0.0224	3.22140589632745e+67
0.0374	0.0224	-1.09283430332156e+68
0.0396	0.0224	1.03577016493912e+68
0.0418	0.0224	-5.14088869053784e+67
0.044	0.0224	-2.13520641264403e+67
0.0462	0.0224	1.33774421260186e+68
0.0484	0.0224	-6.27479606789558e+68
0.0506	0.0224	2.79869331393953e+69
0.0528	0.0224	-1.16585410271262e+70
0.055	0.0224	4.46596386066534e+70
0.0572	0.0224	-1.53021417559999e+71
0.0594	0.0224	4.35900260092209e+71
0.0616	0.0224	-7.90508609972544e+71
0.0638	0.0224	-1.18548349439087e+72
0.066	0.0224	2.16424692298986e+73
0.0682	0.0224	-1.41890954602387e+74
0.0704	0.0224	7.1856196756555e+74
0.0726	0.0224	-3.24556904543609e+75
0.0748	0.0224	1.40472169666796e+76
0.077	0.0224	1.37289347133455e+76
0.0792	0.0224	1.17346287368187e+76
0.0814	0.0224	-1.67422658615066e+76
0.0836	0.0224	-4.89646266234322e+74
0.0858	0.0224	-8.47742930058973e+75
0.088	0.0224	-9.70287911028606e+76
0.0902	0.0224	-2.58252642862025e+76
0.0924	0.0224	6.21915295211994e+76
0.0946	0.0224	5.65554962035506e+76
0.0968	0.0224	4.07746749063749e+76
0.099	0.0224	3.02762632665527e+76
0.1012	0.0224	2.15309101827616e+76
0.1034	0.0224	1.59416167584812e+76
0.1056	0.0224	1.2553617225366e+76
0.1078	0.0224	9.78051899972626e+75
0.11	0.0224	7.73887502889191e+75
0	0.0256	3.8247449750588e+61
0.0022	0.0256	-6.16644178588089e+61
0.0044	0.0256	1.50289537601757e+62
0.0066	0.0256	-1.40309487008371e+62
0.0088	0.0256	-7.54847676052018e+62
0.011	0.0256	9.41231176103235e+63
0.0132	0.0256	-1.3503770985874e+64
0.0154	0.0256	7.36884530519663e+64
0.0176	0.0256	-5.03582667998591e+65
0.0198	0.0256	-9.82710467151199e+65
0.022	0.0256	-7.21093923368349e+65
0.0242	0.0256	7.73725290484563e+66
0.0264	0.0256	3.22307244182487e+67
0.0286	0.0256	1.92280626609543e+67
0.0308	0.0256	-1.71810870029081e+68
0.033	0.0256	1.58591387688914e+68
0.0352	0.0256	-1.17567176030513e+68
0.0374	0.0256	5.45808986905781e+68
0.0396	0.0256	-5.06757529603574e+68
0.0418	0.0256	2.5225738753562e+68
0.044	0.0256	7.54091202713916e+67
0.0462	0.0256	-4.34704654421422e+68
0.0484	0.0256	2.10606451549742e+69
0.0506	0.0256	-9.83175949547692e+69
0.0528	0.0256	4.29769905048677e+70
0.055	0.0256	-1.7382565984674e+71
0.0572	0.0256	6.39774884570277e+71
0.0594	0.0256	-2.04401573306345e+72
0.0616	0.0256	4.98062902596857e+72
0.0638	0.0256	-3.91409212835271e+72
0.066	0.0256	-5.1382623836235e+73
0.0682	0.0256	4.37755331115955e+74
0.0704	0.0256	-2.39849592678728e+75
0.0726	0.0256	1.11328706799957e+76
0.0748	0.0256	-4.95369265257497e+76
0.077	0.0256	-4.90141240889212e+76
0.0792	0.0256	-4.16938407150134e+76
0.0814	0.0256	6.42854458332287e+76
0.0836	0.0256	4.34489977430634e+75
0.0858	0.0256	3.36436544805016e+76
0.088	0.0256	3.6562465073942e+77
0.0902	0.0256	1.01649512215407e+77
0.0924	0.0256	-2.27589679479664e+77
0.0946	0.0256	-2.07974688586763e+77
0.0968	0.0256	-1.5013634315472e+77
0.099	0.0256	-1.11729657096565e+77
0.1012	0.0256	-7.96273066680686e+76
0.1034	0.0256	-5.91527972546141e+76
0.1056	0.0256	-4.67869459078112e+76
0.1078	0.0256	-3.66597426795293e+76
0.11	0.0256	-2.9198808575356e+76
0	0.0288	-1.75651154798308e+61
0.0022	0.0288	2.6726008024839e+60
0.0044	0.0288	4.61985109994129e+61
0.0066	0.0288	1.01511596803415e+62
0.0088	0.0288	-1.33123647598973e+63
0.011	0.0288	1.09995236999614e+64
0.0132	0.0288	-1.40543882949301e+64
0.0154	0.0288	7.19766323793547e+64
0.0176	0.0288	-4.70683277796147e+65
0.0198	0.0288	-1.23856892620405e+66
0.022	0.0288	-2.21373479225921e+65
0.0242	0.0288	6.04587123275336e+66
0.0264	0.0288	4.00524329473827e+67
0.0286	0.0288	-5.01578264964435e+67
0.0308	0.0288	8.72052221846799e+68
0.033	0.0288	-7.51785161164841e+68
0.0352	0.0288	3.52726024238604e+68
0.0374	0.0288	-2.74737190340008e+69
0.0396	0.0288	2.47465930876512e+69
0.0418	0.0288	-1.22324648233044e+69
0.044	0.0288	-3.12101966278051e+68
0.0462	0.0288	1.3724559137303e+69
0.0484	0.0288	-6.83863651710486e+69
0.0506	0.0288	3.35071517843139e+70
0.0528	0.0288	-1.53789104214854e+71
0.055	0.0288	6.54641474088043e+71
0.0572	0.0288	-2.56641734489173e+72
0.0594	0.0288	8.96498041699797e+72
0.0616	0.0288	-2.58393346134451e+73
0.0638	0.0288	4.66117412991247e+73
0.066	0.0288	7.41191569499215e+73
0.0682	0.0288	-1.26685012755312e+75
0.0704	0.0288	7.85673456067029e+75
0.0726	0.0288	-3.74026704604138e+76
0.0748	0.0288	1.68060618845623e+77
0.077	0.0288	1.68600028158712e+77
0.0792	0.0288	1.4173158955875e+77
0.0814	0.0288	-2.52656862086572e+77
0.0836	0.0288	-3.1625515390245e+76
0.0858	0.0288	-1.39057053587979e+77
0.088	0.0288	-1.38363906550309e+78
0.0902	0.0288	-4.05094051498193e+77
0.0924	0.0288	8.26403708123066e+77
0.0946	0.0288	7.58463812073898e+77
0.0968	0.0288	5.46547806745427e+77
0.099	0.0288	4.06117056569541e+77
0.1012	0.0288	2.88339404837578e+77
0.1034	0.0288	2.13402101309298e+77
0.1056	0.0288	1.68333536617049e+77
0.1078	0.0288	1.31413524162626e+77
0.11	0.0288	1.04209003499482e+77
0	0.032	2.83979469706501e+61
0.0022	0.032	-5.83009469574767e+61
0.0044	0.032	1.60920744446731e+62
0.0066	0.032	-1.33661510397199e+62
0.0088	0.032	-8.26431317304545e+62
0.011	0.032	9.28869889850487e+63
0.0132	0.032	-5.34104798596751e+63
0.0154	0.032	4.14760116342651e+64
0.0176	0.032	-3.79798783730193e+65
0.0198	0.032	-1.71275594325673e+66
0.022	0.032	1.13457048582914e+66
0.0242	0.032	1.71451957436611e+66
0.0264	0.032	5.68099720004172e+67
0.0286	0.032	-1.09460594145094e+68
0.0308	0.032	1.10524284782781e+69
0.033	0.032	3.49664046054532e+69
0.0352	0.032	-4.74485022134468e+68
0.0374	0.032	1.39545083136826e+70
0.0396	0.032	-1.2057265964871e+70
0.0418	0.032	5.89209754332284e+69
0.044	0.032	1.56541609373259e+69
0.0462	0.032	-4.19280100670178e+69
0.0484	0.032	2.1362767928672e+70
0.0506	0.032	-1.10428533218306e+71
0.0528	0.032	5.33698204285612e+71
0.055	0.032	-2.38683069712491e+72
0.0572	0.032	9.91888942341042e+72
0.0594	0.032	-3.73821838213211e+73
0.0616	0.032	1.21326174269987e+74
0.0638	0.032	-2.94851439539301e+74
0.066	0.032	1.95321806850483e+74
0.0682	0.032	3.25096681705796e+75
0.0704	0.032	-2.53050061025316e+76
0.0726	0.032	1.23899208176948e+77
0.0748	0.032	-5.3144991459904e+77
0.077	0.032	-5.42738770705695e+77
0.0792	0.032	-4.44077396166324e+77
0.0814	0.032	1.023548640485e+78
0.0836	0.032	2.08659501358065e+77
0.0858	0.032	6.02496910060244e+77
0.088	0.032	5.26833472557801e+78
0.0902	0.032	1.6413195104841e+78
0.0924	0.032	-2.96472738321987e+78
0.0946	0.032	-2.73066216092857e+78
0.0968	0.032	-1.95443354030903e+78
0.099	0.032	-1.44120069020817e+78
0.1012	0.032	-1.00929696669814e+78
0.1034	0.032	-7.3523435679682e+77
0.1056	0.032	-5.71200579639561e+77
0.1078	0.032	-4.36820974128123e+77
0.11	0.032	-3.378362366348e+77
0	0.0352	-2.19752137809121e+61
0.0022	0.0352	2.14675504083137e+61
0.0044	0.0352	-2.86140762341103e+61
0.0066	0.0352	3.64087542820574e+62
0.0088	0.0352	-2.09069752681744e+63
0.011	0.0352	1.29456077309906e+64
0.0132	0.0352	-1.22031426737496e+64
0.0154	0.0352	6.22825925060513e+64
0.0176	0.0352	-4.28719666040218e+65
0.0198	0.0352	-1.67789448507676e+66
0.022	0.0352	5.15712512751957e+65
0.0242	0.0352	4.1521717478288e+66
0.0264	0.0352	4.94902613856391e+67
0.0286	0.0352	-6.4210162863492e+67
0.0308	0.0352	9.14866979504022e+68
0.033	0.0352	4.57610774046233e+69
0.0352	0.0352	-5.20322767728986e+69
0.0374	0.0352	-7.15976609218806e+70
0.0396	0.0352	5.85640608424885e+70
0.0418	0.0352	-2.83129471620947e+70
0.044	0.0352	-9.03244728410545e+69
0.0462	0.0352	1.22702960456776e+70
0.0484	0.0352	-6.36165283093625e+70
0.0506	0.0352	3.50043220915934e+71
0.0528	0.0352	-1.79280509516538e+72
0.055	0.0352	8.41770268155102e+72
0.0572	0.0352	-3.698138071418e+73
0.0594	0.0352	1.49282429774733e+74
0.0616	0.0352	-5.33164828319867e+74
0.0638	0.0352	1.54581719632235e+75
0.066	0.0352	-2.62689219120906e+75
0.0682	0.0352	-6.02659027235927e+75
0.0704	0.0352	8.03154811204887e+76
0.0726	0.0352	-4.16061259031171e+77
0.0748	0.0352	1.4441392822845e+78
0.077	0.0352	1.52054306208193e+78
0.0792	0.0352	1.15782587894917e+78
0.0814	0.0352	-4.30370982053062e+78
0.0836	0.0352	-1.30028351288104e+78
0.0858	0.0352	-2.74396812416004e+78
0.088	0.0352	-2.02358768449439e+79
0.0902	0.0352	-6.79397550511088e+78
0.0924	0.0352	1.04322583159724e+79
0.0946	0.0352	9.63064869808139e+78
0.0968	0.0352	6.78800676320017e+78
0.099	0.0352	4.91300234765616e+78
0.1012	0.0352	3.32973331377838e+78
0.1034	0.0352	2.32803833278231e+78
0.1056	0.0352	1.73169233554229e+78
0.1078	0.0352	1.24324753711571e+78
0.11	0.0352	8.8373196565052e+77
0	0.0384	-8.33873729587409e+60
0.0022	0.0384	-3.61530168662541e+61
0.0044	0.0384	1.65173676060948e+62
0.0066	0.0384	-2.07364361356343e+62
0.0088	0.0384	-4.2443898844952e+62
0.011	0.0384	7.27340161084532e+63
0.0132	0.0384	1.00055698292158e+64
0.0154	0.0384	-1.11843007969963e+64
0.0176	0.0384	-1.98625992985504e+65
0.0198	0.0384	-2.61036634709954e+66
0.022	0.0384	3.30989646239718e+66
0.0242	0.0384	-4.9322920420449e+66
0.0264	0.0384	8.24917294148856e+67
0.0286	0.0384	-1.82269520323479e+68
0.0308	0.0384	1.36920152096815e+69
0.033	0.0384	3.29564471590987e+69
0.0352	0.0384	1.94675319228783e+68
0.0374	0.0384	-9.98499809504043e+70
0.0396	0.0384	-2.72277454945863e+71
0.0418	0.0384	1.36024023797873e+71
0.044	0.0384	5.55023149878046e+70
0.0462	0.0384	-3.33914029112248e+70
0.0484	0.0384	1.7777245906463e+71
0.0506	0.0384	-1.05722431527468e+72
0.0528	0.0384	5.81362304519127e+72
0.055	0.0384	-2.86573956584162e+73
0.0572	0.0384	1.32911461021484e+74
0.0594	0.0384	-5.72369654872685e+74
0.0616	0.0384	2.22328938134154e+75
0.0638	0.0384	-7.34261223140541e+75
0.066	0.0384	1.74100695387084e+76
0.0682	0.0384	-3.93453400165867e+75
0.0704	0.0384	-2.49036452703713e+77
0.0726	0.0384	1.52072416044099e+78
0.0748	0.0384	-2.36466709658999e+78
0.077	0.0384	-2.77503034119356e+78
0.0792	0.0384	-1.43852848027589e+78
0.0814	0.0384	1.88874093229692e+79
0.0836	0.0384	7.82230162461745e+78
0.0858	0.0384	1.31152897040804e+79
0.088	0.0384	7.86926709054218e+79
0.0902	0.0384	2.88841812585691e+79
0.0924	0.0384	-3.55345141942303e+79
0.0946	0.0384	-3.28071690348091e+79
0.0968	0.0384	-2.23982423992044e+79
0.099	0.0384	-1.55498408190681e+79
0.1012	0.0384	-9.74701154264833e+78
0.1034	0.0384	-6.0871441768677e+78
0.1056	0.0384	-3.92075606379284e+78
0.1078	0.0384	-2.14695411627608e+78
0.11	0.0384	-8.4276282784326e+77
0	0.0416	4.82701254415477e+61
0.0022	0.0416	-9.10844994082326e+61
0.0044	0.0416	1.64380341355986e+62
0.0066	0.0416	-6.11094315957441e+61
0.0088	0.0416	-9.03131454683895e+62
0.011	0.0416	9.1996778413392e+63
0.0132	0.0416	6.91924470540167e+63
0.0154	0.0416	4.9616792162117e+63
0.0176	0.0416	-2.54284041844058e+65
0.0198	0.0416	-2.49829311330428e+66
0.022	0.0416	2.18342964647319e+66
0.0242	0.0416	-1.741925254494e+65
0.0264	0.0416	6.55415862730741e+67
0.0286	0.0416	-9.44563924131989e+67
0.0308	0.0416	9.95790869813406e+68
0.033	0.0416	5.18530110203806e+69
0.0352	0.0416	-5.21390506353547e+69
0.0374	0.0416	-7.8932587628472e+70
0.0396	0.0416	-4.04888239085898e+71
0.0418	0.0416	-6.23015547068353e+71
0.044	0.0416	-3.46432386715123e+71
0.0462	0.0416	7.57526012957862e+70
0.0484	0.0416	-4.52459577746356e+71
0.0506	0.0416	2.98721991148e+72
0.0528	0.0416	-1.8132804608837e+73
0.055	0.0416	9.38859012972973e+73
0.0572	0.0416	-4.59397642368783e+74
0.0594	0.0416	2.10590332089676e+75
0.0616	0.0416	-8.84043046763108e+75
0.0638	0.0416	3.25611170325844e+76
0.066	0.0416	-9.48319923840927e+76
0.0682	0.0416	1.3435326900306e+77
0.0704	0.0416	7.3798763540682e+77
0.0726	0.0416	-8.05694944294619e+78
0.0748	0.0416	4.63261344803228e+79
0.077	0.0416	4.72877098983382e+79
0.0792	0.0416	3.94942919842732e+79
0.0814	0.0416	-8.36365841631648e+79
0.0836	0.0416	-1.57290964599789e+79
0.0858	0.0416	-5.08690850538626e+79
0.088	0.0416	-4.64188983871894e+80
0.0902	0.0416	-1.44475347860798e+80
0.0924	0.0416	2.73476836334605e+80
0.0946	0.0416	2.54116801055282e+80
0.0968	0.0416	1.83149013529535e+80
0.099	0.0416	1.35387339008983e+80
0.1012	0.0416	9.43238745944387e+79
0.1034	0.0416	6.77932722153039e+79
0.1056	0.0416	5.1677802146764e+79
0.1078	0.0416	3.81682309226574e+79
0.11	0.0416	2.80513387466902e+79
0	0.0448	3.54877284485109e+60
0.0022	0.0448	8.06044334693566e+60
0.0044	0.0448	-4.25219116668384e+60
0.0066	0.0448	2.64234324518901e+62
0.0088	0.0448	-1.64102716567641e+63
0.011	0.0448	1.04632733757484e+64
0.0132	0.0448	8.34631944947844e+63
0.0154	0.0448	-1.06417694216784e+63
0.0176	0.0448	-2.45368538480484e+65
0.0198	0.0448	-2.70140157675619e+66
0.022	0.0448	2.46064345437258e+66
0.0242	0.0448	-7.70204438696064e+65
0.0264	0.0448	6.97298730723298e+67
0.0286	0.0448	-1.05954171714291e+68
0.0308	0.0448	1.05950400737636e+69
0.033	0.0448	5.3472206882607e+69
0.0352	0.0448	-4.76584619311295e+69
0.0374	0.0448	-8.94661313779461e+70
0.0396	0.0448	-4.19185108797e+71
0.0418	0.0448	-7.77919523982093e+71
0.044	0.0448	-5.59083252081604e+71
0.0462	0.0448	3.23440970722692e+69
0.0484	0.0448	9.8066433972696e+71
0.0506	0.0448	-7.5684959367004e+72
0.0528	0.0448	5.41539207818439e+73
0.055	0.0448	-2.94754159184769e+74
0.0572	0.0448	1.52142158966455e+75
0.0594	0.0448	-7.41487240811654e+75
0.0616	0.0448	3.35134484509364e+76
0.0638	0.0448	-1.36161106212472e+77
0.066	0.0448	4.66132762442126e+77
0.0682	0.0448	-1.10368571340583e+78
0.0704	0.0448	-3.3973769348382e+77
0.0726	0.0448	2.37046868107648e+79
0.0748	0.0448	-1.70268614930285e+80
0.077	0.0448	-1.78975160813525e+80
0.0792	0.0448	-1.48571164477287e+80
0.0814	0.0448	3.4439255995434e+80
0.0836	0.0448	7.80822095802741e+79
0.0858	0.0448	2.16016670731309e+80
0.088	0.0448	1.89659487112211e+81
0.0902	0.0448	6.2777905343411e+80
0.0924	0.0448	-1.06504547123979e+81
0.0946	0.0448	-1.0030813942146e+81
0.0968	0.0448	-7.28929532308726e+80
0.099	0.0448	-5.45071836745819e+80
0.1012	0.0448	-3.85333116564676e+80
0.1034	0.0448	-2.82387153835574e+80
0.1056	0.0448	-2.20175099831161e+80
0.1078	0.0448	-1.67735023516046e+80
0.11	0.0448	-1.28159466471319e+80
0	0.048	1.13495463780424e+61
0.0022	0.048	-3.66901493865555e+61
0.0044	0.048	4.77903685583406e+61
0.0066	0.048	1.13511760803104e+62
0.0088	0.048	-9.5433977077968e+62
0.011	0.048	8.4015148823583e+63
0.0132	0.048	1.85925459545314e+64
0.0154	0.048	-2.64874135183693e+64
0.0176	0.048	-1.68672425060025e+65
0.0198	0.048	-3.02959406549461e+66
0.022	0.048	2.72874896675014e+66
0.0242	0.048	-6.92413895241229e+65
0.0264	0.048	6.91206499556497e+67
0.0286	0.048	-7.89955952803434e+67
0.0308	0.048	9.21226039129473e+68
0.033	0.048	6.33869566719846e+69
0.0352	0.048	-6.36500151205011e+69
0.0374	0.048	-8.44797170375012e+70
0.0396	0.048	-4.94133399974306e+71
0.0418	0.048	-8.08849344433552e+71
0.044	0.048	-6.90679307188498e+71
0.0462	0.048	1.26770707272549e+71
0.0484	0.048	-1.5458095615614e+72
0.0506	0.048	1.5035207570396e+73
0.0528	0.048	-1.5405136932019e+74
0.055	0.048	8.81979633822181e+74
0.0572	0.048	-4.803421920308e+75
0.0594	0.048	2.48716143878371e+76
0.0616	0.048	-1.20662220253408e+77
0.0638	0.048	5.35560268216377e+77
0.066	0.048	-2.08109204990315e+78
0.0682	0.048	6.37271016808469e+78
0.0704	0.048	-9.53525784077687e+78
0.0726	0.048	-5.13092668183071e+79
0.0748	0.048	5.6444320776922e+80
0.077	0.048	6.22562823622774e+80
0.0792	0.048	5.06459331064846e+80
0.0814	0.048	-1.4302203811565e+81
0.0836	0.048	-4.11260433126468e+80
0.0858	0.048	-9.38098081553607e+80
0.088	0.048	-7.64995482861895e+81
0.0902	0.048	-2.73475318784552e+81
0.0924	0.048	3.98369573816704e+81
0.0946	0.048	3.81558106769262e+81
0.0968	0.048	2.79224695563956e+81
0.099	0.048	2.1103548114432e+81
0.1012	0.048	1.51038621655167e+81
0.1034	0.048	1.12586797452495e+81
0.1056	0.048	8.95777116687207e+80
0.1078	0.048	7.00847045744084e+80
0.11	0.048	5.52613812322704e+80
0	0.0512	3.25182072316731e+61
0.0022	0.0512	4.31298533173737e+60
0.0044	0.0512	-1.48683212883421e+61
0.0066	0.0512	1.51440176801835e+62
0.0088	0.0512	-8.49575263138102e+62
0.011	0.0512	7.33475491823111e+63
0.0132	0.0512	2.67177062422992e+64
0.0154	0.0512	-4.88439576153255e+64
0.0176	0.0512	-1.18073970202009e+65
0.0198	0.0512	-3.34669953681859e+66
0.022	0.0512	3.23663592656032e+66
0.0242	0.0512	-1.90400752878459e+66
0.0264	0.0512	7.53155468070665e+67
0.0286	0.0512	-9.6650654980257e+67
0.0308	0.0512	1.01156985150551e+69
0.033	0.0512	6.39176193588416e+69
0.0352	0.0512	-5.05146957635355e+69
0.0374	0.0512	-9.90122976048367e+70
0.0396	0.0512	-4.97103446648366e+71
0.0418	0.0512	-1.08020488992457e+72
0.044	0.0512	-5.37225382338204e+71
0.0462	0.0512	-1.27252476867348e+72
0.0484	0.0512	4.80041617579733e+72
0.0506	0.0512	-4.58986197282569e+73
0.0528	0.0512	4.16224560990779e+74
0.055	0.0512	-2.49788592000148e+75
0.0572	0.0512	1.43649563019317e+76
0.0594	0.0512	-7.90436111176211e+76
0.0616	0.0512	4.11099885826673e+77
0.0638	0.0512	-1.98290895580245e+78
0.066	0.0512	8.58767302398951e+78
0.0682	0.0512	-3.12539712954701e+79
0.0704	0.0512	7.85159226830194e+79
0.0726	0.0512	1.76851257097005e+79
0.0748	0.0512	-1.68849057722915e+81
0.077	0.0512	-2.02077693189383e+81
0.0792	0.0512	-1.57570709500038e+81
0.0814	0.0512	6.06900749996763e+81
0.0836	0.0512	2.17038049980161e+81
0.0858	0.0512	4.1868295415172e+81
0.088	0.0512	3.11573064449741e+82
0.0902	0.0512	1.20831353794762e+82
0.0924	0.0512	-1.4711285946675e+82
0.0946	0.0512	-1.43764122128353e+82
0.0968	0.0512	-1.057622107499e+82
0.099	0.0512	-8.06681704794146e+81
0.1012	0.0512	-5.82554450952528e+81
0.1034	0.0512	-4.40145591997758e+81
0.1056	0.0512	-3.56234121464992e+81
0.1078	0.0512	-2.84824942794925e+81
0.11	0.0512	-2.301541742074e+81
0	0.0544	-3.0195777235496e+61
0.0022	0.0544	4.28733528265818e+61
0.0044	0.0544	-9.08060189281188e+61
0.0066	0.0544	2.234291373143e+62
0.0088	0.0544	-6.44190377320043e+62
0.011	0.0544	6.70690648401701e+63
0.0132	0.0544	3.20992087659509e+64
0.0154	0.0544	-5.41308726829634e+64
0.0176	0.0544	-1.18080141906297e+65
0.0198	0.0544	-3.40522559772113e+66
0.022	0.0544	2.46985326222555e+66
0.0242	0.0544	1.81248696530528e+66
0.0264	0.0544	6.21173319269284e+67
0.0286	0.0544	-2.18434173070538e+67
0.0308	0.0544	6.94993469080913e+68
0.033	0.0544	8.07458593563468e+69
0.0352	0.0544	-9.00011290625866e+69
0.0374	0.0544	-8.54983971976353e+70
0.0396	0.0544	-6.14342452840632e+71
0.0418	0.0544	-9.92433850927002e+71
0.044	0.0544	-1.4387179491444e+72
0.0462	0.0544	2.07895463101963e+72
0.0484	0.0544	-1.2619484944182e+73
0.0506	0.0544	1.17717241755117e+74
0.0528	0.0544	-1.05179405101406e+75
0.055	0.0544	6.63217180854211e+75
0.0572	0.0544	-4.03322228185161e+76
0.0594	0.0544	2.36125271750667e+77
0.0616	0.0544	-1.31711399576094e+78
0.0638	0.0544	6.89195269213506e+78
0.066	0.0544	-3.29916840674404e+79
0.0682	0.0544	1.37938939872267e+80
0.0704	0.0544	-4.51354928078675e+80
0.0726	0.0544	7.06426840734681e+80
0.0748	0.0544	4.00931063152631e+81
0.077	0.0544	5.7685368487497e+81
0.0792	0.0544	4.04589091893526e+81
0.0814	0.0544	-2.63853852479374e+82
0.0836	0.0544	-1.14370684383379e+82
0.0858	0.0544	-1.92077743406489e+82
0.088	0.0544	-1.28654184232282e+83
0.0902	0.0544	-5.42924563900734e+82
0.0924	0.0544	5.34604779752527e+82
0.0946	0.0544	5.35660668767807e+82
0.0968	0.0544	3.95065060511386e+82
0.099	0.0544	3.03396985799759e+82
0.1012	0.0544	2.200128944322e+82
0.1034	0.0544	1.67714278424003e+82
0.1056	0.0544	1.37622345455003e+82
0.1078	0.0544	1.11922039346338e+82
0.11	0.0544	9.21382349606702e+81
0	0.0576	8.24663407619824e+61
0.0022	0.0576	-3.44171351008919e+61
0.0044	0.0576	1.22632004328221e+62
0.0066	0.0576	-4.94320891942927e+62
0.0088	0.0576	1.60986969575953e+63
0.011	0.0576	-4.39453047129863e+62
0.0132	0.0576	5.82454273218973e+64
0.0154	0.0576	-1.28230232375706e+65
0.0176	0.0576	9.00337925300695e+64
0.0198	0.0576	-4.22711313087017e+66
0.022	0.0576	4.54490945032514e+66
0.0242	0.0576	-4.67933874185255e+66
0.0264	0.0576	8.691760607747e+67
0.0286	0.0576	-1.09319190351538e+68
0.0308	0.0576	1.06026205058737e+69
0.033	0.0576	7.04188739690756e+69
0.0352	0.0576	-2.90972589121273e+69
0.0374	0.0576	-1.19690746148743e+71
0.0396	0.0576	-5.43382669009671e+71
0.0418	0.0576	-1.64941797843798e+72
0.044	0.0576	1.69951474926859e+71
0.0462	0.0576	-6.25150034999706e+72
0.0484	0.0576	2.96390095268584e+73
0.0506	0.0576	-2.76155989395712e+74
0.0528	0.0576	2.45412178579431e+75
0.055	0.0576	-1.62918714827054e+76
0.0572	0.0576	1.04974663158016e+77
0.0594	0.0576	-6.55219138099669e+77
0.0616	0.0576	3.92700185920887e+78
0.0638	0.0576	-2.23106756119198e+79
0.066	0.0576	1.17770479302795e+80
0.0682	0.0576	-5.57948302571352e+80
0.0704	0.0576	2.20863171084146e+81
0.0726	0.0576	-5.89232145789147e+81
0.0748	0.0576	-2.81344557988016e+81
0.077	0.0576	-1.17314473526254e+82
0.0792	0.0576	-4.9533817724737e+81
0.0814	0.0576	1.17613454870901e+83
0.0836	0.0576	6.01370593217887e+82
0.0858	0.0576	9.04325745599583e+82
0.088	0.0576	5.40412132568732e+83
0.0902	0.0576	2.48681758886356e+83
0.0924	0.0576	-1.89449809791592e+83
0.0946	0.0576	-1.96266145067249e+83
0.0968	0.0576	-1.44501905491987e+83
0.099	0.0576	-1.11359811737419e+83
0.1012	0.0576	-8.05013678951337e+82
0.1034	0.0576	-6.15211671864439e+82
0.1056	0.0576	-5.09999722517302e+82
0.1078	0.0576	-4.19960852273128e+82
0.11	0.0576	-3.50400768433216e+82
0	0.0608	-1.18645142580721e+62
0.0022	0.0608	1.94930223349663e+62
0.0044	0.0608	-3.36219769449528e+62
0.0066	0.0608	5.56235735912432e+62
0.0088	0.0608	-1.08495172604233e+63
0.011	0.0608	8.27720320503914e+63
0.0132	0.0608	3.25919319885636e+64
0.0154	0.0608	-2.59464938917172e+64
0.0176	0.0608	-2.79289432342957e+65
0.0198	0.0608	-3.03144384602728e+66
0.022	0.0608	-5.99787276994073e+65
0.0242	0.0608	1.40667532629724e+67
0.0264	0.0608	2.16547032418222e+67
0.0286	0.0608	1.61134756085191e+68
0.0308	0.0608	4.91303079529955e+66
0.033	0.0608	1.15650606492444e+70
0.0352	0.0608	-1.75214214637495e+70
0.0374	0.0608	-6.47394159216002e+70
0.0396	0.0608	-8.36682345605155e+71
0.0418	0.0608	-8.99044986680641e+71
0.044	0.0608	-3.92032978614687e+72
0.0462	0.0608	1.1368083925093e+73
0.0484	0.0608	-6.36059648161838e+73
0.0506	0.0608	5.87629163954367e+74
0.0528	0.0608	-5.18607788684463e+75
0.055	0.0608	3.63241020795286e+76
0.0572	0.0608	-2.48592053505126e+77
0.0594	0.0608	1.65890994275197e+78
0.0616	0.0608	-1.07158804595911e+79
0.0638	0.0608	6.6298416682545e+79
0.066	0.0608	-3.86582937565758e+80
0.0682	0.0608	2.0683960481398e+81
0.0704	0.0608	-9.6521602563665e+81
0.0726	0.0608	3.46899083445629e+82
0.0748	0.0608	-5.18223589689846e+82
0.077	0.0608	-7.81958424674954e+81
0.0792	0.0608	-3.52259230728748e+82
0.0814	0.0608	-5.37330989286677e+83
0.0836	0.0608	-3.15474881465035e+83
0.0858	0.0608	-4.36002627437047e+83
0.088	0.0608	-2.31958633978979e+84
0.0902	0.0608	-1.16488166569733e+84
0.0924	0.0608	6.43757481726074e+83
0.0946	0.0608	7.00631723597955e+83
0.0968	0.0608	5.11347612298442e+83
0.099	0.0608	3.93377976489546e+83
0.1012	0.0608	2.80003565293174e+83
0.1034	0.0608	2.12333658517969e+83
0.1056	0.0608	1.77055860167644e+83
0.1078	0.0608	1.46895017606285e+83
0.11	0.0608	1.23577224635571e+83
0	0.064	1.3140655831366e+62
0.0022	0.064	-1.38707631303555e+62
0.0044	0.064	5.41225429085663e+62
0.0066	0.064	-2.02384946745152e+63
0.0088	0.064	6.6275057146743e+63
0.011	0.064	-1.53003259847047e+64
0.0132	0.064	1.10448979638557e+65
0.0154	0.064	-2.64144687005786e+65
0.0176	0.064	4.69719024373305e+65
0.0198	0.064	-5.68489519023987e+66
0.022	0.064	7.66755357570812e+66
0.0242	0.064	-1.39684361264404e+67
0.0264	0.064	1.23116737378055e+68
0.0286	0.064	-2.19428891963372e+68
0.0308	0.064	1.51648112219816e+69
0.033	0.064	6.01162363646963e+69
0.0352	0.064	7.07136584408143e+69
0.0374	0.064	-1.73977489030839e+71
0.0396	0.064	-4.65359173903277e+71
0.0418	0.064	-2.90657415124164e+72
0.044	0.064	3.28366811565653e+72
0.0462	0.064	-2.34747671174186e+73
0.0484	0.064	1.20150617415676e+74
0.0506	0.064	-1.10469440804179e+75
0.0528	0.064	9.63597443515239e+75
0.055	0.064	-7.13744123450901e+76
0.0572	0.064	5.20309038480086e+77
0.0594	0.064	-3.7254113660047e+78
0.0616	0.064	2.60482961851916e+79
0.0638	0.064	-1.76378289703129e+80
0.066	0.064	1.14201114522411e+81
0.0682	0.064	-6.92658377041353e+81
0.0704	0.064	3.79154339729631e+82
0.0726	0.064	-1.72667552252998e+83
0.0748	0.064	4.99508261937398e+83
0.077	0.064	2.86640891258341e+83
0.0792	0.064	4.02478090938801e+83
0.0814	0.064	2.51414784751964e+84
0.0836	0.064	1.65199177753449e+84
0.0858	0.064	2.14974105041395e+84
0.088	0.064	1.02430481511233e+85
0.0902	0.064	5.60885507052588e+84
0.0924	0.064	-2.02469172357364e+84
0.0946	0.064	-2.39827831517336e+84
0.0968	0.064	-1.71312758424277e+84
0.099	0.064	-1.30374328067638e+84
0.1012	0.064	-8.9138868182836e+83
0.1034	0.064	-6.56910640699543e+83
0.1056	0.064	-5.47530528518177e+83
0.1078	0.064	-4.54748955886549e+83
0.11	0.064	-3.833093714382e+83
0	0.0672	-6.73669266988141e+61
0.0022	0.0672	2.24806294974401e+62
0.0044	0.0672	-3.75150100906172e+62
0.0066	0.0672	5.85544456660493e+62
0.0088	0.0672	-1.43212490611271e+63
0.011	0.0672	1.19633711338205e+64
0.0132	0.0672	2.08415319611613e+64
0.0154	0.0672	6.19582489330425e+64
0.0176	0.0672	-6.75882236686616e+65
0.0198	0.0672	-1.81077411672557e+66
0.022	0.0672	-6.86339468378313e+66
0.0242	0.0672	3.74458115636561e+67
0.0264	0.0672	-5.72539430251565e+67
0.0286	0.0672	4.89827715208121e+68
0.0308	0.0672	-1.22997401935042e+69
0.033	0.0672	1.7156595782468e+70
0.0352	0.0672	-3.34217874149888e+70
0.0374	0.0672	-1.48978502195815e+70
0.0396	0.0672	-1.19997302395839e+72
0.0418	0.0672	-3.53376879769901e+71
0.044	0.0672	-9.26858577598787e+72
0.0462	0.0672	3.39548821269725e+73
0.0484	0.0672	-1.93619960248864e+74
0.0506	0.0672	1.75495816325088e+75
0.0528	0.0672	-1.49768954764818e+76
0.055	0.0672	1.17607743802673e+77
0.0572	0.0672	-9.16198766924303e+77
0.0594	0.0672	7.06852137046596e+78
0.0616	0.0672	-5.37971701582993e+79
0.0638	0.0672	4.01553032608936e+80
0.066	0.0672	-2.91302010188515e+81
0.0682	0.0672	2.02358074341799e+82
0.0704	0.0672	-1.31094743111329e+83
0.0726	0.0672	7.4991733857626e+83
0.0748	0.0672	-3.25775956664878e+84
0.077	0.0672	-2.25209212264059e+84
0.0792	0.0672	-2.77730876740776e+84
0.0814	0.0672	-1.20661641679314e+85
0.0836	0.0672	-8.65782146937313e+84
0.0858	0.0672	-1.08720968636692e+85
0.088	0.0672	-4.71146996116376e+85
0.0902	0.0672	-2.80366791908336e+85
0.0924	0.0672	5.36018884663758e+84
0.0946	0.0672	7.64655618178119e+84
0.0968	0.0672	5.20587582463326e+84
0.099	0.0672	3.84916351397534e+84
0.1012	0.0672	2.36952179817946e+84
0.1034	0.0672	1.59667286857502e+84
0.1056	0.0672	1.31428682016554e+84
0.1078	0.0672	1.08186781127635e+84
0.11	0.0672	9.05139938886954e+83
0	0.0704	-2.24763374132811e+62
0.0022	0.0704	1.65387973878425e+62
0.0044	0.0704	2.87818012011744e+62
0.0066	0.0704	-1.97488771809626e+63
0.0088	0.0704	7.19754796105655e+63
0.011	0.0704	-1.6459595166141e+64
0.0132	0.0704	1.20173642156414e+65
0.0154	0.0704	-2.60589456087454e+65
0.0176	0.0704	4.0669886478052e+65
0.0198	0.0704	-5.77213105432842e+66
0.022	0.0704	6.3357754673926e+66
0.0242	0.0704	-9.4460813297728e+66
0.0264	0.0704	1.16662980731283e+68
0.0286	0.0704	-1.86343465167551e+68
0.0308	0.0704	1.51197883768064e+69
0.033	0.0704	6.45049362340743e+69
0.0352	0.0704	1.34738801537292e+70
0.0374	0.0704	-2.19768461386141e+71
0.0396	0.0704	-4.2137073097749e+71
0.0418	0.0704	-4.28577388757885e+72
0.044	0.0704	6.50334291317182e+72
0.0462	0.0704	-4.47670402994159e+73
0.0484	0.0704	2.45225347726296e+74
0.0506	0.0704	-2.16436944396012e+75
0.0528	0.0704	1.76096460842e+76
0.055	0.0704	-1.47099660721268e+77
0.0572	0.0704	1.22952138301296e+78
0.0594	0.0704	-1.02728814254717e+79
0.0616	0.0704	8.57010708924754e+79
0.0638	0.0704	-7.12224374469828e+80
0.066	0.0704	5.87083755368319e+81
0.0682	0.0704	-4.76155341323689e+82
0.0704	0.0704	3.74184549105735e+83
0.0726	0.0704	-2.75826332039817e+84
0.0748	0.0704	1.75322564070528e+85
0.077	0.0704	1.30657402522431e+85
0.0792	0.0704	1.57120943857764e+85
0.0814	0.0704	6.03971076715797e+85
0.0836	0.0704	4.59578240513614e+85
0.0858	0.0704	5.75923675334513e+85
0.088	0.0704	2.3245619318324e+86
0.0902	0.0704	1.48855237252849e+86
0.0924	0.0704	-7.69746115286316e+84
0.0946	0.0704	-2.1827457471796e+85
0.0968	0.0704	-1.33212345952569e+85
0.099	0.0704	-9.2094608831728e+84
0.1012	0.0704	-3.92987990632076e+84
0.1034	0.0704	-1.59029289460917e+84
0.1056	0.0704	-1.24167414281021e+84
0.1078	0.0704	-1.01448552751797e+84
0.11	0.0704	-8.41662202298246e+83
0	0.0736	5.08362256132978e+62
0.0022	0.0736	-6.42418549340884e+62
0.0044	0.0736	1.52743794736279e+63
0.0066	0.0736	-4.13791109012383e+63
0.0088	0.0736	1.09078009468825e+64
0.011	0.0736	-2.03194767812001e+64
0.0132	0.0736	1.17227561476738e+65
0.0154	0.0736	-1.81305014787926e+65
0.0176	0.0736	-9.79453477404095e+63
0.0198	0.0736	-4.11654214229092e+66
0.022	0.0736	-1.45699165494213e+66
0.0242	0.0736	2.09634371838734e+67
0.0264	0.0736	3.14852738587778e+66
0.0286	0.0736	2.9624066748077e+68
0.0308	0.0736	-4.67936974151622e+68
0.033	0.0736	1.51088860964308e+70
0.0352	0.0736	-1.90245200613928e+70
0.0374	0.0736	-8.24745229432584e+70
0.0396	0.0736	-1.13007544161485e+72
0.0418	0.0736	-1.67918888621549e+72
0.044	0.0736	-8.15304382287552e+72
0.0462	0.0736	2.90186463511603e+73
0.0484	0.0736	-2.04556019577479e+74
0.0506	0.0736	1.6487684124346e+75
0.0528	0.0736	-1.14217145442941e+76
0.055	0.0736	1.03456439434195e+77
0.0572	0.0736	-9.41145757105306e+77
0.0594	0.0736	8.60569722512141e+78
0.0616	0.0736	-7.95113833730696e+79
0.0638	0.0736	7.46547856433858e+80
0.066	0.0736	-7.16549012342936e+81
0.0682	0.0736	7.07113425783392e+82
0.0704	0.0736	-7.20955961758816e+83
0.0726	0.0736	7.61943928176289e+84
0.0748	0.0736	-8.35612319931292e+85
0.077	0.0736	-6.68730487120148e+85
0.0792	0.0736	-8.28874003563149e+85
0.0814	0.0736	-3.53029991704792e+86
0.0836	0.0736	-2.58426420450599e+86
0.0858	0.0736	-3.57787803138214e+86
0.088	0.0736	-1.35672371513655e+87
0.0902	0.0736	-8.82909586419025e+86
0.0924	0.0736	-3.29450168155295e+84
0.0946	0.0736	8.78443073109524e+85
0.0968	0.0736	5.09907904056271e+85
0.099	0.0736	3.48361580356539e+85
0.1012	0.0736	9.94288506285035e+84
0.1034	0.0736	1.95100865423606e+83
0.1056	0.0736	4.89341435620112e+83
0.1078	0.0736	1.02189544046942e+84
0.11	0.0736	1.23736058040478e+84
0	0.0768	-6.53215320839216e+62
0.0022	0.0768	9.47258623538321e+62
0.0044	0.0768	-1.59970639679747e+63
0.0066	0.0768	3.3382216754799e+63
0.0088	0.0768	-9.17416330822524e+63
0.011	0.0768	3.75125968247413e+64
0.0132	0.0768	-5.00422185147888e+64
0.0154	0.0768	3.42862430389105e+65
0.0176	0.0768	-1.65155048968532e+66
0.0198	0.0768	7.91794189804605e+65
0.022	0.0768	-1.758468016394e+67
0.0242	0.0768	7.1549903536735e+67
0.0264	0.0768	-1.52719020847046e+68
0.0286	0.0768	8.26434956467894e+68
0.0308	0.0768	-2.17697879823384e+69
0.033	0.0768	2.09331034826456e+70
0.0352	0.0768	-3.33439378301075e+70
0.0374	0.0768	-5.73446572850635e+70
0.0396	0.0768	-1.23304416540717e+72
0.0418	0.0768	-2.35798776478544e+72
0.044	0.0768	-5.40016562927777e+72
0.0462	0.0768	1.421926409819e+70
0.0484	0.0768	2.78304183182637e+73
0.0506	0.0768	1.65808981734159e+74
0.0528	0.0768	-5.81967496510884e+75
0.055	0.0768	4.11412449831148e+76
0.0572	0.0768	-2.9903815880293e+77
0.0594	0.0768	2.36108215514748e+78
0.0616	0.0768	-2.11237195762486e+79
0.0638	0.0768	2.17147447505819e+80
0.066	0.0768	-2.50043143456987e+81
0.0682	0.0768	3.09223259249462e+82
0.0704	0.0768	-3.96987769523502e+83
0.0726	0.0768	5.18827089353919e+84
0.0748	0.0768	-6.83909770023589e+85
0.077	0.0768	-6.69541110612063e+85
0.0792	0.0768	-6.40952500165507e+85
0.0814	0.0768	-2.99208485040112e+86
0.0836	0.0768	-2.51989142050833e+86
0.0858	0.0768	-2.47543323451903e+86
0.088	0.0768	-1.0495361798399e+87
0.0902	0.0768	-8.77272017454524e+86
0.0924	0.0768	-1.42979844866508e+86
0.0946	0.0768	7.94924449466363e+85
0.0968	0.0768	3.57112183077317e+85
0.099	0.0768	1.03973393997921e+85
0.1012	0.0768	-7.20524040226675e+84
0.1034	0.0768	-2.5030260891754e+82
0.1056	0.0768	9.24132332709638e+83
0.1078	0.0768	1.35214007534527e+84
0.11	0.0768	1.53396997707526e+84
0	0.08	5.73125351351028e+62
0.0022	0.08	-1.21634339439267e+63
0.0044	0.08	3.36904855653117e+63
0.0066	0.08	-9.61487661209241e+63
0.0088	0.08	2.73312384937053e+64
0.011	0.08	-6.97497002157739e+64
0.0132	0.08	2.82060159990874e+65
0.0154	0.08	-6.80674029543288e+65
0.0176	0.08	1.6260459515184e+66
0.0198	0.08	-1.00865566067821e+67
0.022	0.08	1.7382311794592e+67
0.0242	0.08	-4.53465782308846e+67
0.0264	0.08	2.49640445068877e+68
0.0286	0.08	-6.37540932262264e+68
0.0308	0.08	3.28854154298375e+69
0.033	0.08	9.06977625225143e+68
0.0352	0.08	4.61114916035857e+70
0.0374	0.08	-3.59684634459083e+71
0.0396	0.08	-2.0751189659903e+71
0.0418	0.08	-6.87683880406246e+72
0.044	0.08	8.9299279121865e+72
0.0462	0.08	-5.45938367143813e+73
0.0484	0.08	2.17172469190325e+74
0.0506	0.08	-2.47204460684827e+75
0.0528	0.08	2.46852234322638e+76
0.055	0.08	-1.87939109952766e+77
0.0572	0.08	1.42212673491409e+78
0.0594	0.08	-1.06857020143367e+79
0.0616	0.08	7.89207401712103e+79
0.0638	0.08	-5.59797313187081e+80
0.066	0.08	3.59511087811092e+81
0.0682	0.08	-1.69237369071659e+82
0.0704	0.08	-2.99836716746332e+82
0.0726	0.08	2.5852730442717e+84
0.0748	0.08	-5.39881777983713e+85
0.077	0.08	-8.39083169832717e+85
0.0792	0.08	-9.94340433449553e+85
0.0814	0.08	-3.06938033543858e+86
0.0836	0.08	-2.23389191901148e+86
0.0858	0.08	-3.46311668927663e+86
0.088	0.08	-1.12912794287429e+87
0.0902	0.08	-6.7741951570402e+86
0.0924	0.08	6.69114917001735e+84
0.0946	0.08	5.2523853108059e+85
0.0968	0.08	2.95709442882006e+85
0.099	0.08	3.68452967432706e+84
0.1012	0.08	3.83737542197512e+84
0.1034	0.08	9.44693589245598e+83
0.1056	0.08	6.91794448456238e+83
0.1078	0.08	1.42212929866143e+84
0.11	0.08	1.57517702926435e+84
0	0.0832	-2.13392102862727e+62
0.0022	0.0832	6.19473089696503e+62
0.0044	0.0832	-1.7947063844292e+63
0.0066	0.0832	5.56438270280487e+63
0.0088	0.0832	-1.92783714164297e+64
0.011	0.0832	7.8134971929996e+64
0.0132	0.0832	-1.90253082863644e+65
0.0154	0.0832	8.86919648516922e+65
0.0176	0.0832	-3.59254021381364e+66
0.0198	0.0832	7.14378008146357e+66
0.022	0.0832	-4.1586021755859e+67
0.0242	0.0832	1.54500763065522e+68
0.0264	0.0832	-4.34103154244512e+68
0.0286	0.0832	1.90864554718566e+69
0.0308	0.0832	-6.22386382658064e+69
0.033	0.0832	3.73041124580601e+70
0.0352	0.0832	-8.89984195579887e+70
0.0374	0.0832	1.52696354435493e+71
0.0396	0.0832	-2.32737493258925e+72
0.0418	0.0832	8.28487783869097e+71
0.044	0.0832	-2.57693948304144e+73
0.0462	0.0832	8.95963622667574e+73
0.0484	0.0832	-4.87694682655584e+74
0.0506	0.0832	4.83176814360834e+75
0.0528	0.0832	-4.2772075101202e+76
0.055	0.0832	3.3246796515812e+77
0.0572	0.0832	-2.59499937342242e+78
0.0594	0.0832	2.05014991338393e+79
0.0616	0.0832	-1.65703783333857e+80
0.0638	0.0832	1.39310537030219e+81
0.066	0.0832	-1.24482502940257e+82
0.0682	0.0832	1.20679194266503e+83
0.0704	0.0832	-1.28143040186052e+84
0.0726	0.0832	1.47928926273536e+85
0.0748	0.0832	-1.81994765470199e+86
0.077	0.0832	-2.29662175996704e+86
0.0792	0.0832	-2.45775000089103e+86
0.0814	0.0832	-2.60938026511452e+86
0.0836	0.0832	-2.20001802052269e+86
0.0858	0.0832	-2.26210740569861e+86
0.088	0.0832	-8.22527737718872e+86
0.0902	0.0832	-7.0975149497454e+86
0.0924	0.0832	-1.5583063235355e+86
0.0946	0.0832	5.68978481090762e+85
0.0968	0.0832	1.57062812975983e+85
0.099	0.0832	1.96701262652702e+84
0.1012	0.0832	-2.43169792650977e+84
0.1034	0.0832	-1.63233470269985e+83
0.1056	0.0832	1.32224125403109e+84
0.1078	0.0832	1.74474086765869e+84
0.11	0.0832	1.91559491835401e+84
0	0.0864	-3.93758934730627e+61
0.0022	0.0864	-5.71004153336627e+62
0.0044	0.0864	2.31346637371162e+63
0.0066	0.0864	-7.74910739885121e+63
0.0088	0.0864	2.40488628638562e+64
0.011	0.0864	-6.39227185993312e+64
0.0132	0.0864	2.88529313517221e+65
0.0154	0.0864	-7.07731606074842e+65
0.0176	0.0864	1.85263197361803e+66
0.0198	0.0864	-1.18343069982742e+67
0.022	0.0864	2.31597235915151e+67
0.0242	0.0864	-7.16536098234068e+67
0.0264	0.0864	3.71814702060398e+68
0.0286	0.0864	-1.15173097062839e+69
0.0308	0.0864	5.6474792818246e+69
0.033	0.0864	-8.65300467203658e+69
0.0352	0.0864	9.71567123422095e+70
0.0374	0.0864	-5.92617456890405e+71
0.0396	0.0864	5.56954728004433e+71
0.0418	0.0864	-1.1898614823527e+73
0.044	0.0864	2.48851557984194e+73
0.0462	0.0864	-1.44161559461074e+74
0.0484	0.0864	7.13233101784638e+74
0.0506	0.0864	-6.60041052038047e+75
0.0528	0.0864	5.4568532969436e+76
0.055	0.0864	-4.17063296856651e+77
0.0572	0.0864	3.12084494338973e+78
0.0594	0.0864	-2.24830679345211e+79
0.0616	0.0864	1.50070328009136e+80
0.0638	0.0864	-8.33917094274941e+80
0.066	0.0864	2.09003690152605e+81
0.0682	0.0864	4.10489887592483e+82
0.0704	0.0864	-1.06101526711432e+84
0.0726	0.0864	1.78151130984081e+85
0.0748	0.0864	-2.61607756225355e+86
0.077	0.0864	-3.06985713539272e+86
0.0792	0.0864	-3.17874380636702e+86
0.0814	0.0864	-3.73902758151369e+86
0.0836	0.0864	-4.10077085199022e+86
0.0858	0.0864	-4.74608328769921e+86
0.088	0.0864	-9.07691046432318e+86
0.0902	0.0864	-5.26390089559009e+86
0.0924	0.0864	2.83712343338761e+85
0.0946	0.0864	2.55518941662506e+85
0.0968	0.0864	1.95310741762012e+85
0.099	0.0864	2.94662104731013e+83
0.1012	0.0864	1.47246882111494e+84
0.1034	0.0864	1.28239435749577e+84
0.1056	0.0864	1.15421281230351e+84
0.1078	0.0864	1.90590578095675e+84
0.11	0.0864	2.01097484800935e+84
0	0.0896	1.10303538516069e+63
0.0022	0.0896	-8.54106375401649e+62
0.0044	0.0896	4.87142186012001e+62
0.0066	0.0896	1.05740067094567e+63
0.0088	0.0896	-9.43209757941616e+63
0.011	0.0896	5.70546367023449e+64
0.0132	0.0896	-1.32773812733239e+65
0.0154	0.0896	7.94750019100558e+65
0.0176	0.0896	-3.42831918728399e+66
0.0198	0.0896	6.42188473437451e+66
0.022	0.0896	-4.19540582318725e+67
0.0242	0.0896	1.57125861573923e+68
0.0264	0.0896	-4.38208269552226e+68
0.0286	0.0896	1.96555653511036e+69
0.0308	0.0896	-6.4354327056672e+69
0.033	0.0896	3.9381250084938e+70
0.0352	0.0896	-9.04317735685938e+70
0.0374	0.0896	1.62745175476512e+71
0.0396	0.0896	-2.71996073077472e+72
0.0418	0.0896	1.22290692271162e+72
0.044	0.0896	-3.78689086474465e+73
0.0462	0.0896	1.47021778095985e+74
0.0484	0.0896	-9.01698755426666e+74
0.0506	0.0896	7.95468180132608e+75
0.0528	0.0896	-6.41700753972074e+76
0.055	0.0896	5.31620497032098e+77
0.0572	0.0896	-4.49643613108362e+78
0.0594	0.0896	3.90353964422489e+79
0.0616	0.0896	-3.4996529256947e+80
0.0638	0.0896	3.25932831916478e+81
0.066	0.0896	-3.16766475545672e+82
0.0682	0.0896	3.21923790589214e+83
0.0704	0.0896	-3.41772225120653e+84
0.0726	0.0896	3.7761687494641e+85
0.0748	0.0896	-4.31795423861575e+86
0.077	0.0896	-4.98149753817027e+86
0.0792	0.0896	-5.14730469631212e+86
0.0814	0.0896	-5.82136840649662e+86
0.0836	0.0896	-6.05932144645395e+86
0.0858	0.0896	-6.76972440064926e+86
0.088	0.0896	-6.18977034766303e+86
0.0902	0.0896	-5.84261697994433e+86
0.0924	0.0896	-1.6722361694471e+86
0.0946	0.0896	4.48794244842932e+85
0.0968	0.0896	2.93885684579319e+84
0.099	0.0896	2.34402390291402e+84
0.1012	0.0896	-8.64201197916037e+83
0.1034	0.0896	3.70484076184678e+83
0.1056	0.0896	1.79857746226391e+84
0.1078	0.0896	2.29474495705333e+84
0.11	0.0896	2.37803532820392e+84
0	0.0928	-1.30149730541209e+63
0.0022	0.0928	2.00897016256883e+63
0.0044	0.0928	-3.52272003187382e+63
0.0066	0.0928	6.64871209395938e+63
0.0088	0.0928	-1.45545589589747e+64
0.011	0.0928	4.68717615846262e+64
0.0132	0.0928	-2.70280934822481e+64
0.0154	0.0928	2.90005157264736e+65
0.0176	0.0928	-1.21915083642538e+66
0.0198	0.0928	-2.82679582966689e+66
0.022	0.0928	-6.94194929205926e+66
0.0242	0.0928	2.21583852742889e+67
0.0264	0.0928	8.38574561340015e+67
0.0286	0.0928	-1.45872404835516e+68
0.0308	0.0928	2.30770328972318e+69
0.033	0.0928	3.44729769755271e+69
0.0352	0.0928	6.59642103039505e+70
0.0374	0.0928	-5.03453637679238e+71
0.0396	0.0928	8.14125735813505e+69
0.0418	0.0928	-1.18856648061144e+73
0.044	0.0928	1.80005635382269e+73
0.0462	0.0928	-1.40877283286832e+74
0.0484	0.0928	7.54381198760303e+74
0.0506	0.0928	-6.188775038616e+75
0.0528	0.0928	4.24699197619244e+76
0.055	0.0928	-3.2709713896326e+77
0.0572	0.0928	2.50586377955937e+78
0.0594	0.0928	-1.89039586916378e+79
0.0616	0.0928	1.3817696764502e+80
0.0638	0.0928	-9.44875750124776e+80
0.066	0.0928	5.49573254820884e+81
0.0682	0.0928	-1.68451913729835e+82
0.0704	0.0928	-2.25190272168149e+83
0.0726	0.0928	6.59315908507403e+84
0.0748	0.0928	-1.16521838819339e+86
0.077	0.0928	-1.26338493955835e+86
0.0792	0.0928	-1.27281754597232e+86
0.0814	0.0928	-1.37266503602738e+86
0.0836	0.0928	-1.39679956390205e+86
0.0858	0.0928	-1.4962656641921e+86
0.088	0.0928	-1.75515640293108e+86
0.0902	0.0928	-2.13567885545833e+86
0.0924	0.0928	-3.38734372908563e+83
0.0946	0.0928	2.05982977631902e+85
0.0968	0.0928	1.29227245029084e+85
0.099	0.0928	-1.45308955144899e+84
0.1012	0.0928	9.58908235523224e+83
0.1034	0.0928	1.76223501795784e+84
0.1056	0.0928	1.83490839282766e+84
0.1078	0.0928	2.53932792491819e+84
0.11	0.0928	2.54604945388839e+84
0	0.096	9.89212929891901e+62
0.0022	0.096	-1.57023220032472e+63
0.0044	0.096	3.7133161574938e+63
0.0066	0.096	-1.00856518375673e+64
0.0088	0.096	2.67269622569597e+64
0.011	0.096	-5.82568761313421e+64
0.0132	0.096	2.54516227799049e+65
0.0154	0.096	-4.31151841063328e+65
0.0176	0.096	6.6525730199603e+65
0.0198	0.096	-7.96913626459918e+66
0.022	0.096	4.96617753585261e+66
0.0242	0.096	-5.27926675662618e+66
0.0264	0.096	1.41131513507545e+68
0.0286	0.096	-1.915940418006e+68
0.0308	0.096	1.86731270803629e+69
0.033	0.096	8.56002541015449e+69
0.0352	0.096	3.73128211526229e+70
0.0374	0.096	-3.33049009823322e+71
0.0396	0.096	-1.13839843308194e+72
0.0418	0.096	-6.6894556017678e+72
0.044	0.096	-1.73393274585699e+73
0.0462	0.096	5.15432969853731e+73
0.0484	0.096	-5.35211411970304e+74
0.0506	0.096	3.23025588732112e+75
0.0528	0.096	-1.63176350819542e+76
0.055	0.096	1.038407456621e+77
0.0572	0.096	-6.00175439260299e+77
0.0594	0.096	2.72254953803585e+78
0.0616	0.096	-2.87185841976922e+78
0.0638	0.096	-1.48778930356322e+80
0.066	0.096	2.72574113500023e+81
0.0682	0.096	-3.49942014406826e+82
0.0704	0.096	3.83605300109063e+83
0.0726	0.096	-3.718496427219e+84
0.0748	0.096	3.08253765237502e+85
0.077	0.096	3.45431975747621e+85
0.0792	0.096	3.53083986455073e+85
0.0814	0.096	3.91873104158647e+85
0.0836	0.096	4.05744282948553e+85
0.0858	0.096	4.46081022945136e+85
0.088	0.096	5.21412508996521e+85
0.0902	0.096	6.3573488681497e+85
0.0924	0.096	1.20176797755704e+85
0.0946	0.096	7.49418397688932e+84
0.0968	0.096	5.04453609604336e+84
0.099	0.096	5.52493804488858e+83
0.1012	0.096	2.39403995684598e+83
0.1034	0.096	1.38831516147974e+84
0.1056	0.096	2.49520648528708e+84
0.1078	0.096	3.02920283546185e+84
0.11	0.096	2.94575992013853e+84
0	0.0992	-9.22858677242329e+62
0.0022	0.0992	1.87278561063061e+63
0.0044	0.0992	-3.93391043892889e+63
0.0066	0.0992	8.7330632382885e+63
0.0088	0.0992	-2.31046013692098e+64
0.011	0.0992	8.08096129839008e+64
0.0132	0.0992	-1.38279027879954e+65
0.0154	0.0992	7.45436894579843e+65
0.0176	0.0992	-2.81445028249428e+66
0.0198	0.0992	2.13493049493095e+66
0.022	0.0992	-2.64412485569485e+67
0.0242	0.0992	8.83845707079069e+67
0.0264	0.0992	-1.35908197673195e+68
0.0286	0.0992	7.12863230424222e+68
0.0308	0.0992	-9.09327039561423e+68
0.033	0.0992	1.70508042168115e+70
0.0352	0.0992	2.13897554073122e+70
0.0374	0.0992	-3.20813096857141e+71
0.0396	0.0992	-1.13129139842048e+72
0.0418	0.0992	-8.96917452670471e+72
0.044	0.0992	-7.46613205164061e+72
0.0462	0.0992	-4.36321275175596e+73
0.0484	0.0992	1.79678140214473e+74
0.0506	0.0992	-1.12903364411746e+75
0.0528	0.0992	1.6325660286009e+75
0.055	0.0992	4.97729478423252e+75
0.0572	0.0992	-1.76351155728851e+77
0.0594	0.0992	2.45553279437138e+78
0.0616	0.0992	-2.7316308155375e+79
0.0638	0.0992	2.7061934254204e+80
0.066	0.0992	-2.46347845235114e+81
0.0682	0.0992	2.06734724396261e+82
0.0704	0.0992	-1.56923008738015e+83
0.0726	0.0992	1.0151349186793e+84
0.0748	0.0992	-4.52413138643377e+84
0.077	0.0992	-5.39920082432905e+84
0.0792	0.0992	-5.64989222036162e+84
0.0814	0.0992	-6.59200927141982e+84
0.0836	0.0992	-7.02575748747976e+84
0.0858	0.0992	-8.041122102152e+84
0.088	0.0992	-1.00586394605822e+85
0.0902	0.0992	-1.30202402945126e+85
0.0924	0.0992	-2.50647764678346e+83
0.0946	0.0992	1.09024268579875e+84
0.0968	0.0992	1.71973400693613e+84
0.099	0.0992	1.93307181057631e+84
0.1012	0.0992	2.08432536858811e+84
0.1034	0.0992	2.7711441373162e+84
0.1056	0.0992	2.77536879028294e+84
0.1078	0.0992	3.38555519622371e+84
0.11	0.0992	3.19077419820851e+84
0	0.1024	2.68381032744519e+62
0.0022	0.1024	-1.30075390491668e+63
0.0044	0.1024	4.62449385266405e+63
0.0066	0.1024	-1.49766317756504e+64
0.0088	0.1024	4.43779765097874e+64
0.011	0.1024	-1.16176547186821e+65
0.0132	0.1024	4.60748902217699e+65
0.0154	0.1024	-1.06202978001881e+66
0.0176	0.1024	2.81325823963533e+66
0.0198	0.1024	-1.5951208560579e+67
0.022	0.1024	3.0155352185422e+67
0.0242	0.1024	-9.44185356168676e+67
0.0264	0.1024	4.68765433701469e+68
0.0286	0.1024	-1.40595737587923e+69
0.0308	0.1024	6.60512960934427e+69
0.033	0.1024	-8.56153033614803e+69
0.0352	0.1024	1.13045424473356e+71
0.0374	0.1024	-6.22581967526545e+71
0.0396	0.1024	-4.14549977950452e+71
0.0418	0.1024	-1.15546719762045e+73
0.044	0.1024	-1.13739408955374e+73
0.0462	0.1024	1.16904765611321e+72
0.0484	0.1024	-3.36083162587521e+74
0.0506	0.1024	-1.16421390757826e+74
0.0528	0.1024	3.08277237869803e+75
0.055	0.1024	-3.12528906148274e+76
0.0572	0.1024	2.90504203474841e+77
0.0594	0.1024	-2.55003235271051e+78
0.0616	0.1024	2.13243100635254e+79
0.0638	0.1024	-1.70229933680403e+80
0.066	0.1024	1.29467051637253e+81
0.0682	0.1024	-9.34282606654398e+81
0.0704	0.1024	6.38805655406991e+82
0.0726	0.1024	-4.20884695752064e+83
0.0748	0.1024	2.89176407153964e+84
0.077	0.1024	3.28578068568764e+84
0.0792	0.1024	3.39160250941825e+84
0.0814	0.1024	3.81029628829434e+84
0.0836	0.1024	3.98614552623761e+84
0.0858	0.1024	4.4348491856871e+84
0.088	0.1024	5.03861557374885e+84
0.0902	0.1024	6.00569810523646e+84
0.0924	0.1024	2.89762048473747e+84
0.0946	0.1024	2.71603229215116e+84
0.0968	0.1024	2.65559573193068e+84
0.099	0.1024	2.76097722565765e+84
0.1012	0.1024	2.83297220001114e+84
0.1034	0.1024	3.08876477843389e+84
0.1056	0.1024	3.51390241377007e+84
0.1078	0.1024	4.00919081187635e+84
0.11	0.1024	3.63320106342095e+84
0	0.1056	6.87470147899397e+62
0.0022	0.1056	-1.94576805063963e+62
0.0044	0.1056	-6.38714843883542e+62
0.0066	0.1056	2.7033556892213e+63
0.0088	0.1056	-1.24813403351792e+64
0.011	0.1056	6.68182872258411e+64
0.0132	0.1056	-1.22846448363774e+65
0.0154	0.1056	8.68817992790612e+65
0.0176	0.1056	-3.49261274278157e+66
0.0198	0.1056	4.50169198532909e+66
0.022	0.1056	-3.89487140731367e+67
0.0242	0.1056	1.35075502136489e+68
0.0264	0.1056	-3.01427349648286e+68
0.0286	0.1056	1.42426633712259e+69
0.0308	0.1056	-3.77761828393471e+69
0.033	0.1056	3.02996604402046e+70
0.0352	0.1056	-2.47570716968936e+70
0.0374	0.1056	-1.11840260412354e+71
0.0396	0.1056	-2.49165728227397e+72
0.0418	0.1056	-5.26957615423425e+72
0.044	0.1056	-4.00014367327941e+73
0.0462	0.1056	7.22507540492608e+73
0.0484	0.1056	1.6000800131062e+73
0.0506	0.1056	3.5364400794934e+74
0.0528	0.1056	-3.24071519645679e+75
0.055	0.1056	2.63108028259661e+76
0.0572	0.1056	-2.05430763393131e+77
0.0594	0.1056	1.53985767083967e+78
0.0616	0.1056	-1.09783703282403e+79
0.0638	0.1056	7.29945269938119e+79
0.066	0.1056	-4.32450241204176e+80
0.0682	0.1056	1.98036123486994e+81
0.0704	0.1056	-1.69449645702439e+81
0.0726	0.1056	-1.22366276208492e+83
0.0748	0.1056	2.32888074546383e+84
0.077	0.1056	2.43102355713344e+84
0.0792	0.1056	2.43239255346888e+84
0.0814	0.1056	2.52728654095962e+84
0.0836	0.1056	2.52509004618444e+84
0.0858	0.1056	2.61227723916992e+84
0.088	0.1056	2.51440685889401e+84
0.0902	0.1056	2.46787522157092e+84
0.0924	0.1056	3.32757620496154e+84
0.0946	0.1056	3.59326313589868e+84
0.0968	0.1056	3.70248626152898e+84
0.099	0.1056	3.90250476376763e+84
0.1012	0.1056	3.99576956364292e+84
0.1034	0.1056	4.16493300425418e+84
0.1056	0.1056	4.19175918832885e+84
0.1078	0.1056	4.49053392672005e+84
0.11	0.1056	3.97180219823452e+84
0	0.1088	-7.04655975936438e+62
0.0022	0.1088	7.95161638316077e+62
0.0044	0.1088	-6.73888773093961e+61
0.0066	0.1088	-3.54051639057954e+63
0.0088	0.1088	1.31632947542306e+64
0.011	0.1088	-2.40638559940337e+64
0.0132	0.1088	1.98396586589118e+65
0.0154	0.1088	-1.88470917699667e+65
0.0176	0.1088	1.03484415794926e+65
0.0198	0.1088	-8.08134906496461e+66
0.022	0.1088	2.63538183809888e+66
0.0242	0.1088	-7.88355199350907e+66
0.0264	0.1088	2.00078609894317e+68
0.0286	0.1088	-4.28259575658342e+68
0.0308	0.1088	3.21656343019551e+69
0.033	0.1088	4.69357872693532e+69
0.0352	0.1088	7.59719819746818e+70
0.0374	0.1088	-4.84404771206841e+71
0.0396	0.1088	-1.34773620465144e+72
0.0418	0.1088	-1.06337942177629e+73
0.044	0.1088	9.66662815163892e+72
0.0462	0.1088	-1.70920673562083e+73
0.0484	0.1088	2.93645599950408e+73
0.0506	0.1088	-3.06701998478953e+74
0.0528	0.1088	2.41334197354071e+75
0.055	0.1088	-1.8261207291819e+76
0.0572	0.1088	1.35695469043033e+77
0.0594	0.1088	-9.93507729694097e+77
0.0616	0.1088	7.20766976080826e+78
0.0638	0.1088	-5.24039750453095e+79
0.066	0.1088	3.89775149601011e+80
0.0682	0.1088	-3.06013823554209e+81
0.0704	0.1088	2.62641483931865e+82
0.0726	0.1088	-2.51544451307187e+83
0.0748	0.1088	2.66734921928419e+84
0.077	0.1088	2.8611771670949e+84
0.0792	0.1088	2.89837938271748e+84
0.0814	0.1088	3.09575582668755e+84
0.0836	0.1088	3.15198043029077e+84
0.0858	0.1088	3.35477014993553e+84
0.088	0.1088	3.45376645357681e+84
0.0902	0.1088	3.6964956873908e+84
0.0924	0.1088	3.56912186978804e+84
0.0946	0.1088	3.73449506591883e+84
0.0968	0.1088	3.81503985862062e+84
0.099	0.1088	4.00440815491076e+84
0.1012	0.1088	4.10719883303094e+84
0.1034	0.1088	4.31345124344487e+84
0.1056	0.1088	4.45228691566578e+84
0.1078	0.1088	4.63626880889864e+84
0.11	0.1088	4.80561263254188e+84
0	0.112	7.4477933581073e+62
0.0022	0.112	-8.89781157448791e+62
0.0044	0.112	1.68094765844616e+63
0.0066	0.112	-4.10220798662725e+63
0.0088	0.112	6.45354663338142e+63
0.011	0.112	1.4185409141832e+64
0.0132	0.112	4.9299913604629e+64
0.0154	0.112	4.09575663611029e+65
0.0176	0.112	-2.00304728737166e+66
0.0198	0.112	-1.10366964493935e+66
0.022	0.112	-2.28571545028517e+67
0.0242	0.112	7.82365269463301e+67
0.0264	0.112	-8.94232186400365e+67
0.0286	0.112	6.64185141128429e+68
0.0308	0.112	-8.17210512763387e+68
0.033	0.112	2.03333925919557e+70
0.0352	0.112	2.39640619658954e+70
0.0374	0.112	-2.87754297734064e+71
0.0396	0.112	-2.28838500396856e+72
0.0418	0.112	2.34861727462277e+72
0.044	0.112	-2.46215990478577e+72
0.0462	0.112	5.95203682827738e+72
0.0484	0.112	-2.65207152045553e+73
0.0506	0.112	2.10854810744071e+74
0.0528	0.112	-1.56960749512161e+75
0.055	0.112	1.15012505138172e+76
0.0572	0.112	-8.36040236402047e+76
0.0594	0.112	6.0481803131677e+77
0.0616	0.112	-4.37152799890545e+78
0.0638	0.112	3.17060813183349e+79
0.066	0.112	-2.31498098565232e+80
0.0682	0.112	1.69937681685492e+81
0.0704	0.112	-1.23945909815012e+82
0.0726	0.112	8.67708958617211e+82
0.0748	0.112	-5.29439840134962e+83
0.077	0.112	-5.84287621399702e+83
0.0792	0.112	-5.98023310781216e+83
0.0814	0.112	-6.54754352484247e+83
0.0836	0.112	-6.74868087258959e+83
0.0858	0.112	-7.3417619532847e+83
0.088	0.112	-7.6694710094085e+83
0.0902	0.112	-8.38070591641832e+83
0.0924	0.112	-8.14556731680106e+83
0.0946	0.112	-8.66451687007793e+83
0.0968	0.112	-8.97667742452324e+83
0.099	0.112	-9.57329642985061e+83
0.1012	0.112	-9.96192232077544e+83
0.1034	0.112	-1.06209880583068e+84
0.1056	0.112	-1.11244217624682e+84
0.1078	0.112	-1.17488233220653e+84
0.11	0.112	-1.23543579776582e+84
0	0.1152	-4.92429781584976e+62
0.0022	0.1152	1.05711354906232e+63
0.0044	0.1152	-1.27046430220417e+63
0.0066	0.1152	1.84933517947088e+60
0.0088	0.1152	1.88029962441559e+63
0.011	0.1152	1.32546309183293e+64
0.0132	0.1152	9.78425987697934e+64
0.0154	0.1152	2.05059631721925e+65
0.0176	0.1152	-1.09627768909203e+66
0.0198	0.1152	-5.08185642095504e+66
0.022	0.1152	-9.42093474700271e+66
0.0242	0.1152	2.77751549977242e+67
0.0264	0.1152	1.01672127089947e+68
0.0286	0.1152	-5.70955796024304e+67
0.0308	0.1152	2.01665106715164e+69
0.033	0.1152	1.017276156516e+70
0.0352	0.1152	6.76853797184884e+70
0.0374	0.1152	-4.4397983453874e+71
0.0396	0.1152	4.9887465896652e+71
0.0418	0.1152	-5.27572085503096e+71
0.044	0.1152	7.51800629221805e+71
0.0462	0.1152	-2.82617204134368e+72
0.0484	0.1152	1.73298424680591e+73
0.0506	0.1152	-1.27433735870943e+74
0.0528	0.1152	9.15989624467235e+74
0.055	0.1152	-6.51981846322815e+75
0.0572	0.1152	4.60627060788494e+76
0.0594	0.1152	-3.23115389170994e+77
0.0616	0.1152	2.24894997055202e+78
0.0638	0.1152	-1.54932330292634e+79
0.066	0.1152	1.05014417401683e+80
0.0682	0.1152	-6.91697870643897e+80
0.0704	0.1152	4.31981725073095e+81
0.0726	0.1152	-2.42966543572343e+82
0.0748	0.1152	1.0771278947076e+83
0.077	0.1152	1.22920209427969e+83
0.0792	0.1152	1.27352189090741e+83
0.0814	0.1152	1.43294094606397e+83
0.0836	0.1152	1.49747177976226e+83
0.0858	0.1152	1.66662085347439e+83
0.088	0.1152	1.76806131086108e+83
0.0902	0.1152	1.97173603167787e+83
0.0924	0.1152	1.93295985490683e+83
0.0946	0.1152	2.08907091848261e+83
0.0968	0.1152	2.19501825457848e+83
0.099	0.1152	2.37554429697421e+83
0.1012	0.1152	2.50643209645852e+83
0.1034	0.1152	2.7083155695928e+83
0.1056	0.1152	2.87487008664562e+83
0.1078	0.1152	3.07407470855591e+83
0.11	0.1152	3.27356106274001e+83
0	0.1184	3.51604390213069e+62
0.0022	0.1184	-6.71016009040999e+62
0.0044	0.1184	2.24693658422787e+63
0.0066	0.1184	-6.9799591295363e+63
0.0088	0.1184	1.54712777621983e+64
0.011	0.1184	-1.20194092136666e+64
0.0132	0.1184	1.50385866297654e+65
0.0154	0.1184	1.65815178221189e+65
0.0176	0.1184	-1.13955895951098e+66
0.0198	0.1184	-4.86511461790239e+66
0.022	0.1184	-1.28161001298901e+67
0.0242	0.1184	4.04122491498696e+67
0.0264	0.1184	6.06328488186009e+67
0.0286	0.1184	1.33252060133159e+68
0.0308	0.1184	1.29539619959429e+69
0.033	0.1184	1.36702891703338e+70
0.0352	0.1184	-2.05936011583249e+70
0.0374	0.1184	9.04404674753153e+70
0.0396	0.1184	-1.0749681194222e+71
0.0418	0.1184	1.29465546183235e+71
0.044	0.1184	-2.86382757529668e+71
0.0462	0.1184	1.47770945500951e+72
0.0484	0.1184	-9.85592326583341e+72
0.0506	0.1184	6.94582875453349e+73
0.0528	0.1184	-4.83018666805673e+74
0.055	0.1184	3.32387037517582e+75
0.0572	0.1184	-2.26204715756587e+76
0.0594	0.1184	1.51913055066171e+77
0.0616	0.1184	-1.0030019498491e+78
0.0638	0.1184	6.47022822608316e+78
0.066	0.1184	-4.03629751649515e+79
0.0682	0.1184	2.39345330006214e+80
0.0704	0.1184	-1.30913290060215e+81
0.0726	0.1184	6.23121664786376e+81
0.0748	0.1184	-2.24442106217759e+82
0.077	0.1184	-2.66054563609438e+82
0.0792	0.1184	-2.79460363775102e+82
0.0814	0.1184	-3.2360812829176e+82
0.0836	0.1184	-3.43192063907633e+82
0.0858	0.1184	-3.90655185020371e+82
0.088	0.1184	-4.20878435045953e+82
0.0902	0.1184	-4.7832760916796e+82
0.0924	0.1184	-4.73567320896127e+82
0.0946	0.1184	-5.19309784614358e+82
0.0968	0.1184	-5.52956719574772e+82
0.099	0.1184	-6.06201438204357e+82
0.1012	0.1184	-6.47699806351732e+82
0.1034	0.1184	-7.07899332699342e+82
0.1056	0.1184	-7.60262570071183e+82
0.1078	0.1184	-8.2148417623073e+82
0.11	0.1184	-8.84179964208334e+82
0	0.1216	-6.37700385391752e+61
0.0022	0.1216	5.67059188854985e+62
0.0044	0.1216	-6.62990075649365e+62
0.0066	0.1216	-7.15474939630482e+62
0.0088	0.1216	1.26298857750678e+63
0.011	0.1216	2.14945960382409e+64
0.0132	0.1216	8.34072444630994e+64
0.0154	0.1216	3.54340741555603e+65
0.0176	0.1216	-1.53729213270411e+66
0.0198	0.1216	-4.49769721503977e+66
0.022	0.1216	-1.42210358264943e+67
0.0242	0.1216	4.02004046028845e+67
0.0264	0.1216	7.84154497911757e+67
0.0286	0.1216	6.24889423397105e+67
0.0308	0.1216	1.66614842155019e+69
0.033	0.1216	-3.08462718218647e+69
0.0352	0.1216	5.41669827052462e+69
0.0374	0.1216	-1.86959088359674e+70
0.0396	0.1216	2.39782080012726e+70
0.0418	0.1216	-3.69339363377911e+70
0.044	0.1216	1.26251065855311e+71
0.0462	0.1216	-7.57323104669301e+71
0.0484	0.1216	5.08601622360437e+72
0.0506	0.1216	-3.45972938703794e+73
0.0528	0.1216	2.3236001817963e+74
0.055	0.1216	-1.53964312901642e+75
0.0572	0.1216	1.00412768601538e+76
0.0594	0.1216	-6.42116904565123e+76
0.0616	0.1216	4.00369359940532e+77
0.0638	0.1216	-2.41390754018329e+78
0.066	0.1216	1.38976598875747e+79
0.0682	0.1216	-7.49204374279021e+79
0.0704	0.1216	3.66069168296041e+80
0.0726	0.1216	-1.52741151846171e+81
0.0748	0.1216	4.7815473379711e+81
0.077	0.1216	5.91002842155276e+81
0.0792	0.1216	6.30095605641086e+81
0.0814	0.1216	7.51138777504232e+81
0.0836	0.1216	8.08654087434304e+81
0.0858	0.1216	9.40357097426363e+81
0.088	0.1216	1.02825630808714e+82
0.0902	0.1216	1.18859683514935e+82
0.0924	0.1216	1.18911212890603e+82
0.0946	0.1216	1.32079255802756e+82
0.0968	0.1216	1.42352431525807e+82
0.099	0.1216	1.57784739176289e+82
0.1012	0.1216	1.70467329023044e+82
0.1034	0.1216	1.88089450384845e+82
0.1056	0.1216	2.04030088696879e+82
0.1078	0.1216	2.22382907909717e+82
0.11	0.1216	2.41497141590415e+82
0	0.1248	1.0979851554614e+62
0.0022	0.1248	-2.73387115271465e+62
0.0044	0.1248	1.90220308420436e+63
0.0066	0.1248	-6.78359176610468e+63
0.0088	0.1248	1.49348396110425e+64
0.011	0.1248	-9.42308558733949e+63
0.0132	0.1248	1.66029826479759e+65
0.0154	0.1248	2.03108722226399e+65
0.0176	0.1248	-1.15923891790161e+66
0.0198	0.1248	-5.81259111406513e+66
0.022	0.1248	-1.24442398702282e+67
0.0242	0.1248	3.47246793731746e+67
0.0264	0.1248	1.00928320867414e+68
0.0286	0.1248	7.51626221183389e+66
0.0308	0.1248	-3.58214709796729e+68
0.033	0.1248	6.94831215661982e+68
0.0352	0.1248	-1.34310549655741e+69
0.0374	0.1248	3.95406015565404e+69
0.0396	0.1248	-5.74294137846934e+69
0.0418	0.1248	1.2541833637253e+70
0.044	0.1248	-5.82222470715882e+70
0.0462	0.1248	3.67426274755917e+71
0.0484	0.1248	-2.42311712583736e+72
0.0506	0.1248	1.59263908868585e+73
0.0528	0.1248	-1.03145328159697e+74
0.055	0.1248	6.56713832903224e+74
0.0572	0.1248	-4.09630373724732e+75
0.0594	0.1248	2.49103936817228e+76
0.0616	0.1248	-1.46691290507242e+77
0.0638	0.1248	8.28549195832232e+77
0.066	0.1248	-4.42706459051435e+78
0.0682	0.1248	2.19153896086245e+79
0.0704	0.1248	-9.72294384174411e+79
0.0726	0.1248	3.65039987266953e+80
0.0748	0.1248	-1.03880908019062e+81
0.077	0.1248	-1.34290254423504e+81
0.0792	0.1248	-1.45432427707122e+81
0.0814	0.1248	-1.78384538097593e+81
0.0836	0.1248	-1.94921862558641e+81
0.0858	0.1248	-2.31176200520921e+81
0.088	0.1248	-2.56324798254391e+81
0.0902	0.1248	-3.00732825816746e+81
0.0924	0.1248	-3.04035426276874e+81
0.0946	0.1248	-3.41468251747585e+81
0.0968	0.1248	-3.72036166674452e+81
0.099	0.1248	-4.16204824202183e+81
0.1012	0.1248	-4.54026050623292e+81
0.1034	0.1248	-5.04922796796008e+81
0.1056	0.1248	-5.52389815514955e+81
0.1078	0.1248	-6.06441931039625e+81
0.11	0.1248	-6.63493863355984e+81
0	0.128	1.70270178350551e+62
0.0022	0.128	1.76811715393529e+62
0.0044	0.128	8.76160769899344e+60
0.0066	0.128	-1.60412301236124e+63
0.0088	0.128	1.15760976495421e+63
0.011	0.128	2.69882355045869e+64
0.0132	0.128	8.37466122000071e+64
0.0154	0.128	4.63314791244102e+65
0.0176	0.128	-1.81178257803834e+66
0.0198	0.128	-4.56896510227058e+66
0.022	0.128	-1.71201802982748e+67
0.0242	0.128	4.57172088341611e+67
0.0264	0.128	-2.20408872386781e+67
0.0286	0.128	-5.9721125966793e+66
0.0308	0.128	7.80546663562068e+67
0.033	0.128	-1.57964344900407e+68
0.0352	0.128	3.24197494617172e+68
0.0374	0.128	-8.70071254997392e+68
0.0396	0.128	1.54327839401427e+69
0.0418	0.128	-4.845047832803e+69
0.044	0.128	2.64769072531212e+70
0.0462	0.128	-1.67891685682368e+71
0.0484	0.128	1.07793593741162e+72
0.0506	0.128	-6.84543019360809e+72
0.0528	0.128	4.27220834722846e+73
0.055	0.128	-2.61210948138289e+74
0.0572	0.128	1.55812753584138e+75
0.0594	0.128	-9.01703150326552e+75
0.0616	0.128	5.02475499328703e+76
0.0638	0.128	-2.6686186282596e+77
0.066	0.128	1.33128915916144e+78
0.0682	0.128	-6.10723480936055e+78
0.0704	0.128	2.49371628820609e+79
0.0726	0.128	-8.59733825197134e+79
0.0748	0.128	2.29413820582085e+80
0.077	0.128	3.10978276545185e+80
0.0792	0.128	3.42254257393898e+80
0.0814	0.128	4.31491947260797e+80
0.0836	0.128	4.78353712438669e+80
0.0858	0.128	5.77560339358266e+80
0.088	0.128	6.48674247797334e+80
0.0902	0.128	7.70954946563605e+80
0.0924	0.128	7.87421523893252e+80
0.0946	0.128	8.92839961134764e+80
0.0968	0.128	9.82165724605854e+80
0.099	0.128	1.10738726744982e+81
0.1012	0.128	1.21822487407649e+81
0.1034	0.128	1.3637372652818e+81
0.1056	0.128	1.5028326128361e+81
0.1078	0.128	1.65993526926223e+81
0.11	0.128	1.82758879051491e+81
0	0.1312	7.64857160067435e+61
0.0022	0.1312	-1.24496989983766e+61
0.0044	0.1312	1.45710256375421e+63
0.0066	0.1312	-5.58993399914676e+63
0.0088	0.1312	1.11138295412309e+64
0.011	0.1312	1.7442709226641e+63
0.0132	0.1312	1.62373881422008e+65
0.0154	0.1312	3.07148873417764e+65
0.0176	0.1312	-1.35066767536464e+66
0.0198	0.1312	-6.32710019651532e+66
0.022	0.1312	4.39406948545307e+66
0.0242	0.1312	-8.94816300222636e+66
0.0264	0.1312	4.43251773875187e+66
0.0286	0.1312	2.14187447407725e+66
0.0308	0.1312	-1.72224958117664e+67
0.033	0.1312	3.62344814726434e+67
0.0352	0.1312	-7.80381778347473e+67
0.0374	0.1312	2.04742885800731e+68
0.0396	0.1312	-4.75962475212842e+68
0.0418	0.1312	1.98319923740837e+69
0.044	0.1312	-1.16026091996913e+70
0.0462	0.1312	7.24986867051612e+70
0.0484	0.1312	-4.51772487712358e+71
0.0506	0.1312	2.77221683540838e+72
0.0528	0.1312	-1.66733577767425e+73
0.055	0.1312	9.79331174161185e+73
0.0572	0.1312	-5.59142943714728e+74
0.0594	0.1312	3.08441103393367e+75
0.0616	0.1312	-1.63084699537984e+76
0.0638	0.1312	8.17686411356732e+76
0.066	0.1312	-3.83056097166221e+77
0.0682	0.1312	1.64165798701368e+78
0.0704	0.1312	-6.23969528993848e+78
0.0726	0.1312	2.0075949718372e+79
0.0748	0.1312	-5.13186863365062e+79
0.077	0.1312	-7.31194892582181e+79
0.0792	0.1312	-8.18050284310579e+79
0.0814	0.1312	-1.05875378239562e+80
0.0836	0.1312	-1.19015759151865e+80
0.0858	0.1312	-1.46039234747284e+80
0.088	0.1312	-1.65973717437365e+80
0.0902	0.1312	-1.99492951143278e+80
0.0924	0.1312	-2.05752735620151e+80
0.0946	0.1312	-2.35227467986823e+80
0.0968	0.1312	-2.6098508397906e+80
0.099	0.1312	-2.96225261726466e+80
0.1012	0.1312	-3.28287304450358e+80
0.1034	0.1312	-3.69558358190729e+80
0.1056	0.1312	-4.09825969285141e+80
0.1078	0.1312	-4.55023078483907e+80
0.11	0.1312	-5.03705306491762e+80
0	0.1344	2.9410258720646e+62
0.0022	0.1344	-1.1665128226781e+61
0.0044	0.1344	4.22554347894449e+62
0.0066	0.1344	-1.82741554711469e+63
0.0088	0.1344	-2.01403206274031e+62
0.011	0.1344	3.32233175484659e+64
0.0132	0.1344	9.1227238051954e+64
0.0154	0.1344	5.5514167130758e+65
0.0176	0.1344	-1.98832575324632e+66
0.0198	0.1344	1.41598544653146e+66
0.022	0.1344	-1.03669719550503e+66
0.0242	0.1344	1.76372193066469e+66
0.0264	0.1344	-8.72722118159557e+65
0.0286	0.1344	-6.3477888047859e+65
0.0308	0.1344	3.84913060868409e+66
0.033	0.1344	-8.42241424351973e+66
0.0352	0.1344	1.91996563767377e+67
0.0374	0.1344	-5.31726747728809e+67
0.0396	0.1344	1.64890837768969e+68
0.0418	0.1344	-8.17326793116768e+68
0.044	0.1344	4.87029871889287e+69
0.0462	0.1344	-2.97445056801121e+70
0.0484	0.1344	1.79724860121359e+71
0.0506	0.1344	-1.06605162044506e+72
0.0528	0.1344	6.18242535746429e+72
0.055	0.1344	-3.49160241860841e+73
0.0572	0.1344	1.9107654958395e+74
0.0594	0.1344	-1.00678530715891e+75
0.0616	0.1344	5.0654911641265e+75
0.0638	0.1344	-2.40719823193818e+76
0.066	0.1344	1.0645929478845e+77
0.0682	0.1344	-4.29280850142063e+77
0.0704	0.1344	1.53344594887152e+78
0.0726	0.1344	-4.66430703066697e+78
0.0748	0.1344	1.15846355985584e+79
0.077	0.1344	1.73958260381283e+79
0.0792	0.1344	1.97890575584725e+79
0.0814	0.1344	2.62614693693921e+79
0.0836	0.1344	2.9917244655214e+79
0.0858	0.1344	3.72519721703526e+79
0.088	0.1344	4.28025401801815e+79
0.0902	0.1344	5.19577433593146e+79
0.0924	0.1344	5.40859889797088e+79
0.0946	0.1344	6.22801580393204e+79
0.0968	0.1344	6.96322747618664e+79
0.099	0.1344	7.94912887162528e+79
0.1012	0.1344	8.86731874149514e+79
0.1034	0.1344	1.00303850880225e+80
0.1056	0.1344	1.11850813088869e+80
0.1078	0.1344	1.24748063020949e+80
0.11	0.1344	1.38751470947547e+80
0	0.1376	6.76879359954154e+61
0.0022	0.1376	2.26754431615106e+62
0.0044	0.1376	9.02729334620747e+62
0.0066	0.1376	-3.67929415878923e+63
0.0088	0.1376	5.47442493900024e+63
0.011	0.1376	1.60517438130212e+64
0.0132	0.1376	1.56515537900115e+65
0.0154	0.1376	-1.47029982215374e+65
0.0176	0.1376	3.95915447692907e+65
0.0198	0.1376	-3.03440548396307e+65
0.022	0.1376	2.36927977848011e+65
0.0242	0.1376	-3.49538466850937e+65
0.0264	0.1376	1.68087709378663e+65
0.0286	0.1376	1.73501338125802e+65
0.0308	0.1376	-8.73446776053416e+65
0.033	0.1376	2.00271264193595e+66
0.0352	0.1376	-4.95746714088822e+66
0.0374	0.1376	1.54997142166955e+67
0.0396	0.1376	-6.11376648628123e+67
0.0418	0.1376	3.30614644590457e+68
0.044	0.1376	-1.95942243081724e+69
0.0462	0.1376	1.16577962412273e+70
0.0484	0.1376	-6.82986768314415e+70
0.0506	0.1376	3.91847202403752e+71
0.0528	0.1376	-2.19308510271957e+72
0.055	0.1376	1.19234047175269e+73
0.0572	0.1376	-6.26444303188852e+73
0.0594	0.1376	3.15967140495564e+74
0.0616	0.1376	-1.51711556703344e+75
0.0638	0.1376	6.8587872204527e+75
0.066	0.1376	-2.87747788398083e+76
0.0682	0.1376	1.09856253772144e+77
0.0704	0.1376	-3.71817470303189e+77
0.0726	0.1376	1.08013246064886e+78
0.0748	0.1376	-2.62893910059624e+78
0.077	0.1376	-4.17462698049015e+78
0.0792	0.1376	-4.83018371351752e+78
0.0814	0.1376	-6.56627121862189e+78
0.0836	0.1376	-7.577179732567e+78
0.0858	0.1376	-9.56223916301825e+78
0.088	0.1376	-1.10995509963323e+79
0.0902	0.1376	-1.35928259163615e+79
0.0924	0.1376	-1.42737198775411e+79
0.0946	0.1376	-1.65412461103344e+79
0.0968	0.1376	-1.8623028243503e+79
0.099	0.1376	-2.13679700264568e+79
0.1012	0.1376	-2.39765707765078e+79
0.1034	0.1376	-2.72369910073545e+79
0.1056	0.1376	-3.05229391096934e+79
0.1078	0.1376	-3.41788634763885e+79
0.11	0.1376	-3.81763155393649e+79
0	0.1408	2.79380308100997e+62
0.0022	0.1408	-9.4965003434788e+61
0.0044	0.1408	6.36778624157976e+62
0.0066	0.1408	-1.35657953146952e+63
0.0088	0.1408	-2.12218303279172e+63
0.011	0.1408	3.51206298681212e+64
0.0132	0.1408	-3.42846155734904e+64
0.0154	0.1408	3.54473836662565e+64
0.0176	0.1408	-7.94834309511312e+64
0.0198	0.1408	6.48343485998543e+64
0.022	0.1408	-5.3009407805833e+64
0.0242	0.1408	6.95382632804391e+64
0.0264	0.1408	-3.15310294606947e+64
0.0286	0.1408	-4.56261716632321e+64
0.0308	0.1408	2.02345122285324e+65
0.033	0.1408	-4.94241389915149e+65
0.0352	0.1408	1.37400683697747e+66
0.0374	0.1408	-5.00613619725263e+66
0.0396	0.1408	2.32229669371605e+67
0.0418	0.1408	-1.29960126098138e+68
0.044	0.1408	7.57701106530544e+68
0.0462	0.1408	-4.38637754829428e+69
0.0484	0.1408	2.49269438272061e+70
0.0506	0.1408	-1.3843749895428e+71
0.0528	0.1408	7.48512950605491e+71
0.055	0.1408	-3.92287809856078e+72
0.0572	0.1408	1.98213879454665e+73
0.0594	0.1408	-9.5912224087697e+73
0.0616	0.1408	4.40698871443061e+74
0.0638	0.1408	-1.90202342179445e+75
0.066	0.1408	7.60268465832378e+75
0.0682	0.1408	-2.76323481851032e+76
0.0704	0.1408	8.92213000981475e+76
0.0726	0.1408	-2.49465290601855e+77
0.0748	0.1408	5.97406317971827e+77
0.077	0.1408	1.00781721195742e+78
0.0792	0.1408	1.1865690763254e+78
0.0814	0.1408	1.65129608654795e+78
0.0836	0.1408	1.92949304660336e+78
0.0858	0.1408	2.465455822946e+78
0.088	0.1408	2.88941035989769e+78
0.0902	0.1408	3.56676755340461e+78
0.0924	0.1408	3.77647093290564e+78
0.0946	0.1408	4.40155853848636e+78
0.0968	0.1408	4.98721961078125e+78
0.099	0.1408	5.74839986595371e+78
0.1012	0.1408	6.48471779008406e+78
0.1034	0.1408	7.39468937413672e+78
0.1056	0.1408	8.32393619323702e+78
0.1078	0.1408	9.35456066104442e+78
0.11	0.1408	1.04885197472023e+79
0	0.144	-8.28808837081721e+61
0.0022	0.144	6.45288201331475e+62
0.0044	0.144	-2.8492969802679e+62
0.0066	0.144	-1.42536982121327e+62
0.0088	0.144	7.86298277431744e+62
0.011	0.144	-6.93768073619568e+63
0.0132	0.144	7.36903148541674e+63
0.0154	0.144	-8.23620044613507e+63
0.0176	0.144	1.60958425947664e+64
0.0198	0.144	-1.38177601985158e+64
0.022	0.144	1.16768823695341e+64
0.0242	0.144	-1.38635726858025e+64
0.0264	0.144	5.70099307680247e+63
0.0286	0.144	1.18209623562101e+64
0.0308	0.144	-4.82960978097843e+64
0.033	0.144	1.28716460498968e+65
0.0352	0.144	-4.12267133890023e+65
0.0374	0.144	1.73067720622578e+66
0.0396	0.144	-8.79612631393507e+66
0.0418	0.144	4.95130840704244e+67
0.044	0.144	-2.82574234794877e+68
0.0462	0.144	1.59135414876504e+69
0.0484	0.144	-8.77741470096317e+69
0.0506	0.144	4.72304203435541e+70
0.0528	0.144	-2.46979468269986e+71
0.055	0.144	1.24948820589427e+72
0.0572	0.144	-6.08215097210217e+72
0.0594	0.144	2.82943195646064e+73
0.0616	0.144	-1.24735340362485e+74
0.0638	0.144	5.15579051998028e+74
0.066	0.144	-1.9712090069438e+75
0.0682	0.144	6.85321872898726e+75
0.0704	0.144	-2.12290124199238e+76
0.0726	0.144	5.7443370239912e+76
0.0748	0.144	-1.35366422277216e+77
0.077	0.144	-2.44180659384334e+77
0.0792	0.144	-2.92744801873823e+77
0.0814	0.144	-4.16936860141152e+77
0.0836	0.144	-4.93197922898498e+77
0.0858	0.144	-6.37621876314731e+77
0.088	0.144	-7.54125400957218e+77
0.0902	0.144	-9.37770565159881e+77
0.0924	0.144	-1.00070158290877e+78
0.0946	0.144	-1.17246829189054e+78
0.0968	0.144	-1.33635637743541e+78
0.099	0.144	-1.54671951950645e+78
0.1012	0.144	-1.75344487015607e+78
0.1034	0.144	-2.00646815959359e+78
0.1056	0.144	-2.26788433691994e+78
0.1078	0.144	-2.55707503280935e+78
0.11	0.144	-2.87705214057876e+78
0	0.1472	3.53519350564327e+62
0.0022	0.1472	-2.29492522044082e+62
0.0044	0.1472	6.08167439116796e+62
0.0066	0.1472	3.29301486529659e+61
0.0088	0.1472	-2.52141159041089e+62
0.011	0.1472	1.40310153901288e+63
0.0132	0.1472	-1.58480772522041e+63
0.0154	0.1472	1.86812947484699e+63
0.0176	0.1472	-3.28458312765432e+63
0.0198	0.1472	2.93869946341393e+63
0.022	0.1472	-2.54155992747288e+63
0.0242	0.1472	2.76427837292127e+63
0.0264	0.1472	-9.69836682992505e+62
0.0286	0.1472	-3.07105884014415e+63
0.0308	0.1472	1.202321716497e+64
0.033	0.1472	-3.58297470767697e+64
0.0352	0.1472	1.32583054401187e+65
0.0374	0.1472	-6.18065635192574e+65
0.0396	0.1472	3.27823197577976e+66
0.0418	0.1472	-1.82938267285032e+67
0.044	0.1472	1.01977894653926e+68
0.0462	0.1472	-5.58819269610577e+68
0.0484	0.1472	2.99380217879598e+69
0.0506	0.1472	-1.56227726163681e+70
0.0528	0.1472	7.91021280845685e+70
0.055	0.1472	-3.86837073872455e+71
0.0572	0.1472	1.81709146834021e+72
0.0594	0.1472	-8.14324397104015e+72
0.0616	0.1472	3.45273776189309e+73
0.0638	0.1472	-1.3707751962649e+74
0.066	0.1472	5.03040108110385e+74
0.0682	0.1472	-1.67977053762048e+75
0.0704	0.1472	5.01409048678085e+75
0.0726	0.1472	-1.31732175066099e+76
0.0748	0.1472	3.04444011787236e+76
0.077	0.1472	5.92597505165741e+76
0.0792	0.1472	7.24149980740083e+76
0.0814	0.1472	1.05556931216804e+77
0.0836	0.1472	1.26395320685789e+77
0.0858	0.1472	1.65248317901314e+77
0.088	0.1472	1.97169574878052e+77
0.0902	0.1472	2.46873972338523e+77
0.0924	0.1472	2.65409171903237e+77
0.0946	0.1472	3.12481884014676e+77
0.0968	0.1472	3.58142471386385e+77
0.099	0.1472	4.16112670187483e+77
0.1012	0.1472	4.73893270184437e+77
0.1034	0.1472	5.44023454340178e+77
0.1056	0.1472	6.17242595830022e+77
0.1078	0.1472	6.9806975146528e+77
0.11	0.1472	7.87958876847361e+77
0	0.1504	-2.77446896559077e+62
0.0022	0.1504	1.40355303601259e+62
0.0044	0.1504	-1.21538059137303e+62
0.0066	0.1504	-6.05775906890716e+60
0.0088	0.1504	6.95004211073188e+61
0.011	0.1504	-2.87201469546523e+62
0.0132	0.1504	3.41055032905168e+62
0.0154	0.1504	-4.16856361073835e+62
0.0176	0.1504	6.74715646826721e+62
0.0198	0.1504	-6.23894675430656e+62
0.022	0.1504	5.4788876932062e+62
0.0242	0.1504	-5.4981110491179e+62
0.0264	0.1504	1.45602727669465e+62
0.0286	0.1504	8.12774917755119e+62
0.0308	0.1504	-3.16250075166303e+63
0.033	0.1504	1.06901074997451e+64
0.0352	0.1504	-4.47531763089715e+64
0.0374	0.1504	2.22569553493736e+65
0.0396	0.1504	-1.19666225361855e+66
0.0418	0.1504	6.57184839646716e+66
0.044	0.1504	-3.57510274986623e+67
0.0462	0.1504	1.90699322143243e+68
0.0484	0.1504	-9.93012043880192e+68
0.0506	0.1504	5.0298180721403e+69
0.0528	0.1504	-2.46853316195003e+70
0.055	0.1504	1.16844771040467e+71
0.0572	0.1504	-5.30463316238317e+71
0.0594	0.1504	2.29434471807799e+72
0.0616	0.1504	-9.37683692282693e+72
0.0638	0.1504	3.58496551383824e+73
0.066	0.1504	-1.26658495515182e+74
0.0682	0.1504	4.07591890469813e+74
0.0704	0.1504	-1.1760783503584e+75
0.0726	0.1504	3.00231037494096e+75
0.0748	0.1504	-6.7482684214929e+75
0.077	0.1504	-1.43735145458943e+76
0.0792	0.1504	-1.79297927632669e+76
0.0814	0.1504	-2.67667603789764e+76
0.0836	0.1504	-3.24480337241441e+76
0.0858	0.1504	-4.2888790520788e+76
0.088	0.1504	-5.16171801151375e+76
0.0902	0.1504	-6.5055020687494e+76
0.0924	0.1504	-7.04409065552799e+76
0.0946	0.1504	-8.33163570261385e+76
0.0968	0.1504	-9.59955394968679e+76
0.099	0.1504	-1.11937323101294e+77
0.1012	0.1504	-1.28032655607709e+77
0.1034	0.1504	-1.47425382922511e+77
0.1056	0.1504	-1.67865128921138e+77
0.1078	0.1504	-1.90389304238918e+77
0.11	0.1504	-2.15556121289558e+77
0	0.1536	6.03484504283729e+61
0.0022	0.1536	-2.64454024414817e+61
0.0044	0.1536	2.22458073505461e+61
0.0066	0.1536	1.33646882981902e+60
0.0088	0.1536	-1.76552518546293e+61
0.011	0.1536	5.94412115012892e+61
0.0132	0.1536	-7.35499579558105e+61
0.0154	0.1536	9.21131971373713e+61
0.0176	0.1536	-1.39599185276109e+62
0.0198	0.1536	1.32468310593882e+62
0.022	0.1536	-1.17329591018484e+62
0.0242	0.1536	1.08790819627758e+62
0.0264	0.1536	-1.48524948043609e+61
0.0286	0.1536	-2.23266178596613e+62
0.0308	0.1536	8.91597149625672e+62
0.033	0.1536	-3.41240029294584e+63
0.0352	0.1536	1.56424134213755e+64
0.0374	0.1536	-8.04005286882137e+64
0.0396	0.1536	4.3093395347025e+65
0.0418	0.1536	-2.31924641515742e+66
0.044	0.1536	1.23024278690072e+67
0.0462	0.1536	-6.38712964648534e+67
0.0484	0.1536	3.23316464834549e+68
0.0506	0.1536	-1.59012229082924e+69
0.0528	0.1536	7.56834175083434e+69
0.055	0.1536	-3.46996260724409e+70
0.0572	0.1536	1.52405741248277e+71
0.0594	0.1536	-6.37007544273536e+71
0.0616	0.1536	2.51344536899768e+72
0.0638	0.1536	-9.27184429556437e+72
0.066	0.1536	3.16082325266111e+73
0.0682	0.1536	-9.82510271233773e+73
0.0704	0.1536	2.74472096243638e+74
0.0726	0.1536	-6.79808475860607e+74
0.0748	0.1536	1.47176287582263e+75
0.077	0.1536	3.49733694423782e+75
0.0792	0.1536	4.4616006256408e+75
0.0814	0.1536	6.82671396776751e+75
0.0836	0.1536	8.37970907044416e+75
0.0858	0.1536	1.11951828544493e+76
0.088	0.1536	1.35888664279403e+76
0.0902	0.1536	1.72352375172739e+76
0.0924	0.1536	1.8791850247229e+76
0.0946	0.1536	2.23248644404329e+76
0.0968	0.1536	2.58534123037473e+76
0.099	0.1536	3.025161291863e+76
0.1012	0.1536	3.47447864545917e+76
0.1034	0.1536	4.01234557195921e+76
0.1056	0.1536	4.5842211697841e+76
0.1078	0.1536	5.21354997891889e+76
0.11	0.1536	5.91978717581348e+76
0	0.1568	-1.31252108234308e+61
0.0022	0.1568	5.58630731807448e+60
0.0044	0.1568	-3.92624994576493e+60
0.0066	0.1568	-5.09090613393142e+59
0.0088	0.1568	4.57328478331261e+60
0.011	0.1568	-1.29551142159996e+61
0.0132	0.1568	1.65384327041483e+61
0.0154	0.1568	-2.10232406691811e+61
0.0176	0.1568	3.0153619227501e+61
0.0198	0.1568	-2.92129591444346e+61
0.022	0.1568	2.59297931977836e+61
0.0242	0.1568	-2.1973066228544e+61
0.0264	0.1568	-1.85826327461007e+60
0.0286	0.1568	6.8444088998196e+61
0.0308	0.1568	-2.88102291566538e+62
0.033	0.1568	1.23235283105507e+63
0.0352	0.1568	-5.99626327288072e+63
0.0374	0.1568	3.11608965796271e+64
0.0396	0.1568	-1.64743298771857e+65
0.0418	0.1568	8.65432632645246e+65
0.044	0.1568	-4.46596357763103e+66
0.0462	0.1568	2.25226608818784e+67
0.0484	0.1568	-1.10619546319809e+68
0.0506	0.1568	5.27285073930461e+68
0.0528	0.1568	-2.42967809157181e+69
0.055	0.1568	1.07729464876109e+70
0.0572	0.1568	-4.57114193529616e+70
0.0594	0.1568	1.84409897900733e+71
0.0616	0.1568	-7.01812979122932e+71
0.0638	0.1568	2.496218936202e+72
0.066	0.1568	-8.20661712480816e+72
0.0682	0.1568	2.46191434428738e+73
0.0704	0.1568	-6.63994149847695e+73
0.0726	0.1568	1.57921714827809e+74
0.0748	0.1568	-3.16705554314617e+74
0.077	0.1568	-8.88723027896489e+74
0.0792	0.1568	-1.16654062627259e+75
0.0814	0.1568	-1.8400573950035e+75
0.0836	0.1568	-2.2924988614049e+75
0.0858	0.1568	-3.1009349646134e+75
0.088	0.1568	-3.80057518322545e+75
0.0902	0.1568	-4.85493570336243e+75
0.0924	0.1568	-5.33422351474475e+75
0.0946	0.1568	-6.36812354837627e+75
0.0968	0.1568	-7.41603571311333e+75
0.099	0.1568	-8.71058842560659e+75
0.1012	0.1568	-1.0050090765626e+76
0.1034	0.1568	-1.16410836131228e+76
0.1056	0.1568	-1.33489606459579e+76
0.1078	0.1568	-1.52255951063954e+76
0.11	0.1568	-1.734149488209e+76
0	0.16	5.0567080244381e+60
0.0022	0.16	-2.58728589952244e+60
0.0044	0.16	1.40290893173679e+60
0.0066	0.16	8.93406485624555e+58
0.0088	0.16	-2.1312494905267e+60
0.011	0.16	5.32167076625587e+60
0.0132	0.16	-6.85301277549062e+60
0.0154	0.16	8.72255758434919e+60
0.0176	0.16	-1.20127026590274e+61
0.0198	0.16	1.18085290057193e+61
0.022	0.16	-1.04610001558584e+61
0.0242	0.16	8.13790815846952e+60
0.0264	0.16	2.99220293435142e+60
0.0286	0.16	-3.70397421938087e+61
0.0308	0.16	1.63126749496717e+62
0.033	0.16	-7.43061533017551e+62
0.0352	0.16	3.70947316752981e+63
0.0374	0.16	-1.92723513014303e+64
0.0396	0.16	1.00658611991505e+65
0.0418	0.16	-5.19754048172175e+65
0.044	0.16	2.6311675845917e+66
0.0462	0.16	-1.30021123272962e+67
0.0484	0.16	6.25083948781724e+67
0.0506	0.16	-2.91351359916713e+68
0.0528	0.16	1.31139120014358e+69
0.055	0.16	-5.67383756404132e+69
0.0572	0.16	2.34685923535942e+70
0.0594	0.16	-9.22070246216178e+70
0.0616	0.16	3.41496298092081e+71
0.0638	0.16	-1.18144666809422e+72
0.066	0.16	3.77743336232247e+72
0.0682	0.16	-1.10212247452123e+73
0.0704	0.16	2.8879013948068e+73
0.0726	0.16	-6.61402321587971e+73
0.0748	0.16	1.21056839847288e+74
0.077	0.16	4.08128903578466e+74
0.0792	0.16	5.5012637398656e+74
0.0814	0.16	8.90110408586935e+74
0.0836	0.16	1.12289563508772e+75
0.0858	0.16	1.53419228998421e+75
0.088	0.16	1.89450386409983e+75
0.0902	0.16	2.43371498797841e+75
0.0924	0.16	2.68988888815893e+75
0.0946	0.16	3.22252829351717e+75
0.0968	0.16	3.76858765980952e+75
0.099	0.16	4.43863083889092e+75
0.1012	0.16	5.13780935514667e+75
0.1034	0.16	5.96507733485343e+75
0.1056	0.16	6.85876353031342e+75
0.1078	0.16	7.84016664428536e+75
0.11	0.16	8.94966006300398e+75
