0	0	4.12889765016938e+66
0.0022	0	-3.02825798242619e+65
0.0044	0	1.34299796562698e+66
0.0066	0	-1.05615369500458e+67
0.0088	0	2.51523153635798e+67
0.011	0	-1.3063212530893e+67
0.0132	0	9.59491441168419e+66
0.0154	0	-1.20935971656226e+67
0.0176	0	9.72820324709324e+67
0.0198	0	-8.7267668197096e+67
0.022	0	6.47090554176721e+67
0.0242	0	-7.1431591003554e+67
0.0264	0	-1.09725107485067e+67
0.0286	0	2.54617138757046e+68
0.0308	0	-5.99232239914123e+68
0.033	0	8.30658934477417e+68
0.0352	0	-1.16900546341969e+69
0.0374	0	1.74396348381333e+69
0.0396	0	-1.50269683438025e+69
0.0418	0	-8.87343958841809e+67
0.044	0	4.61418697594533e+69
0.0462	0	-1.89477360995457e+70
0.0484	0	6.53086113350546e+70
0.0506	0	-1.93594417355904e+71
0.0528	0	4.20459400604366e+71
0.055	0	-3.57918329762955e+70
0.0572	0	-6.79577559881745e+72
0.0594	0	5.3793985957725e+73
0.0616	0	-3.07433851566788e+74
0.0638	0	1.51346459230956e+75
0.066	0	-6.78886621686947e+75
0.0682	0	2.84384946782827e+76
0.0704	0	-1.11923637506758e+77
0.0726	0	4.0386704966798e+77
0.0748	0	-1.17040461755108e+78
0.077	0	-9.92098856924572e+77
0.0792	0	-7.21625187324834e+77
0.0814	0	2.43993203537629e+78
0.0836	0	5.54631206795398e+77
0.0858	0	1.51963033699606e+78
0.088	0	1.09079212420542e+79
0.0902	0	2.77236589324057e+78
0.0924	0	-6.57757381342611e+78
0.0946	0	-5.66875706392729e+78
0.0968	0	-3.69860518792286e+78
0.099	0	-2.37888320833637e+78
0.1012	0	-1.31985718367688e+78
0.1034	0	-6.7563152764145e+77
0.1056	0	-2.7885369960824e+77
0.1078	0	2.15153263175221e+76
0.11	0	1.94451254913914e+77
0	0.0032	7.62039941363711e+65
0.0022	0.0032	8.26714193942097e+66
0.0044	0.0032	-1.4306702832075e+66
0.0066	0.0032	2.40862068476188e+67
0.0088	0.0032	-6.73360198588238e+67
0.011	0.0032	3.10713877107751e+67
0.0132	0.0032	-2.17657734485605e+67
0.0154	0.0032	1.18542473480997e+67
0.0176	0.0032	-2.57576905786898e+68
0.0198	0.0032	2.1687181503679e+68
0.022	0.0032	-1.5304007516889e+68
0.0242	0.0032	1.94418037856027e+68
0.0264	0.0032	-1.01734845580888e+67
0.0286	0.0032	-5.98100737477298e+68
0.0308	0.0032	1.48515055747923e+69
0.033	0.0032	-2.0079141408935e+69
0.0352	0.0032	2.81287156694248e+69
0.0374	0.0032	-4.44156386170919e+69
0.0396	0.0032	3.98582925638158e+69
0.0418	0.0032	-4.74155165714958e+68
0.044	0.0032	-9.01886272566635e+69
0.0462	0.0032	3.91154073871212e+70
0.0484	0.0032	-1.41913391968567e+71
0.0506	0.0032	4.5624002966015e+71
0.0528	0.0032	-1.19355882210302e+72
0.055	0.0032	1.66952990132852e+72
0.0572	0.0032	7.01899894744143e+72
0.0594	0.0032	-8.28326291316458e+73
0.0616	0.0032	5.29343145776989e+74
0.0638	0.0032	-2.75895536632759e+75
0.066	0.0032	1.28643170617072e+76
0.0682	0.0032	-5.58902399326622e+76
0.0704	0.0032	2.3217991382072e+77
0.0726	0.0032	-9.43799559854859e+77
0.0748	0.0032	3.88413617325729e+78
0.077	0.0032	3.566355596983e+78
0.0792	0.0032	3.06240548936058e+78
0.0814	0.0032	-3.27139832713468e+78
0.0836	0.0032	4.76240486125232e+77
0.0858	0.0032	-1.4771248897695e+78
0.088	0.0032	-2.0320541933928e+79
0.0902	0.0032	-4.22136787424808e+78
0.0924	0.0032	1.45923876846653e+79
0.0946	0.0032	1.28227221206923e+79
0.0968	0.0032	8.95645912782417e+78
0.099	0.0032	6.35288826934057e+78
0.1012	0.0032	4.19279814267494e+78
0.1034	0.0032	2.76035052390621e+78
0.1056	0.0032	1.84705149143963e+78
0.1078	0.0032	1.10952928495524e+78
0.11	0.0032	5.99415040752766e+77
0	0.0064	-9.8716485707733e+66
0.0022	0.0064	1.91520127168767e+67
0.0044	0.0064	-5.18273353738308e+66
0.0066	0.0064	-9.25977511153762e+67
0.0088	0.0064	3.44133968342588e+68
0.011	0.0064	-1.32763057633006e+68
0.0132	0.0064	9.31741643716926e+67
0.0154	0.0064	6.37918012190304e+67
0.0176	0.0064	1.28066322853794e+69
0.0198	0.0064	-9.86601095883368e+68
0.022	0.0064	6.4388950572928e+68
0.0242	0.0064	-9.77782964423014e+68
0.0264	0.0064	2.55206710454546e+68
0.0286	0.0064	2.53710983421059e+69
0.0308	0.0064	-6.79630841859833e+69
0.033	0.0064	8.86600109549273e+69
0.0352	0.0064	-1.22619151163301e+70
0.0374	0.0064	2.08717251111026e+70
0.0396	0.0064	-1.93969425490611e+70
0.0418	0.0064	5.24811179793451e+69
0.044	0.0064	2.99092740793581e+70
0.0462	0.0064	-1.39290624298052e+71
0.0484	0.0064	5.3494575678868e+71
0.0506	0.0064	-1.86315481852348e+72
0.0528	0.0064	5.63205733640274e+72
0.055	0.0064	-1.27445560206431e+73
0.0572	0.0064	4.88488617861971e+72
0.0594	0.0064	1.75116378297032e+74
0.0616	0.0064	-1.43925150563511e+75
0.0638	0.0064	8.25569350401273e+75
0.066	0.0064	-4.03906094371173e+76
0.0682	0.0064	1.79440502463536e+77
0.0704	0.0064	-7.45370952703515e+77
0.0726	0.0064	2.93356111620277e+78
0.0748	0.0064	-1.09309943064378e+79
0.077	0.0064	-1.00515680616269e+79
0.0792	0.0064	-8.43619885906069e+78
0.0814	0.0064	1.35139245252839e+79
0.0836	0.0064	3.71901628081168e+77
0.0858	0.0064	6.86504932131111e+78
0.088	0.0064	7.282532202585e+79
0.0902	0.0064	1.66438389163937e+79
0.0924	0.0064	-4.97500495563842e+79
0.0946	0.0064	-4.40267256198803e+79
0.0968	0.0064	-3.09352745457193e+79
0.099	0.0064	-2.218909871706e+79
0.1012	0.0064	-1.49875837035735e+79
0.1034	0.0064	-1.03529861725663e+79
0.1056	0.0064	-7.47131237666498e+78
0.1078	0.0064	-5.137424594294e+78
0.11	0.0064	-3.44261987297226e+78
0	0.0096	-6.12220565701486e+66
0.0022	0.0096	3.10091019705138e+66
0.0044	0.0096	4.42885034578713e+67
0.0066	0.0096	-2.31043048981838e+68
0.0088	0.0096	6.53433930996032e+68
0.011	0.0096	4.91844822966904e+68
0.0132	0.0096	-4.6589131920195e+68
0.0154	0.0096	-9.54924231190563e+68
0.0176	0.0096	-6.65573775068624e+69
0.0198	0.0096	4.65240813265983e+69
0.022	0.0096	-2.73390534850913e+69
0.0242	0.0096	5.04151257882999e+69
0.0264	0.0096	-2.18141439989476e+69
0.0286	0.0096	-1.11189947807678e+70
0.0308	0.0096	3.2569620458345e+70
0.033	0.0096	-4.07704506632892e+70
0.0352	0.0096	5.50640691227377e+70
0.0374	0.0096	-1.01897432172412e+71
0.0396	0.0096	9.6692740618858e+70
0.0418	0.0096	-3.52837031583088e+70
0.044	0.0096	-1.02393274271023e+71
0.0462	0.0096	5.10800885670883e+71
0.0484	0.0096	-2.0542363361798e+72
0.0506	0.0096	7.59250146094886e+72
0.0528	0.0096	-2.5117344177813e+73
0.055	0.0096	6.88789369047381e+73
0.0572	0.0096	-1.15217818448745e+74
0.0594	0.0096	-2.57431372180605e+74
0.0616	0.0096	3.9029965912147e+75
0.0638	0.0096	-2.58386769509659e+76
0.066	0.0096	1.35322616908654e+77
0.0682	0.0096	-6.26667487404103e+77
0.0704	0.0096	2.68654972397951e+78
0.0726	0.0096	-1.09221209496122e+79
0.0748	0.0096	4.25635815437696e+79
0.077	0.0096	3.96649056802189e+79
0.0792	0.0096	3.36641685928074e+79
0.0814	0.0096	-4.78837822315828e+79
0.0836	0.0096	3.60780724450636e+77
0.0858	0.0096	-2.37634217253338e+79
0.088	0.0096	-2.70152729334383e+80
0.0902	0.0096	-6.30617657996654e+79
0.0924	0.0096	1.84029735059299e+80
0.0946	0.0096	1.63696975363836e+80
0.0968	0.0096	1.15764614248568e+80
0.099	0.0096	8.36861038792153e+79
0.1012	0.0096	5.72754163255417e+79
0.1034	0.0096	4.03104857106029e+79
0.1056	0.0096	2.99261199489335e+79
0.1078	0.0096	2.14330488652149e+79
0.11	0.0096	1.52430631648397e+79
0	0.0128	-2.19482310311469e+66
0.0022	0.0128	-8.940461074901e+66
0.0044	0.0128	8.12032119909784e+67
0.0066	0.0128	-2.90667346178818e+68
0.0088	0.0128	6.91777945937036e+68
0.011	0.0128	7.6657965622948e+68
0.0132	0.0128	2.65197743660547e+69
0.0154	0.0128	8.43156095855681e+69
0.0176	0.0128	3.50755013400453e+70
0.0198	0.0128	-2.19325217229918e+70
0.022	0.0128	1.10705194013333e+70
0.0242	0.0128	-2.58762531373763e+70
0.0264	0.0128	1.51454003221583e+70
0.0286	0.0128	4.80671891777572e+70
0.0308	0.0128	-1.57524633219127e+71
0.033	0.0128	1.87832325912398e+71
0.0352	0.0128	-2.43897758198658e+71
0.0374	0.0128	4.99201586114167e+71
0.0396	0.0128	-4.79203161530402e+71
0.0418	0.0128	2.0443195262109e+71
0.044	0.0128	3.42350728083359e+71
0.0462	0.0128	-1.83496454404172e+72
0.0484	0.0128	7.69490738055948e+72
0.0506	0.0128	-2.9936030028942e+73
0.0528	0.0128	1.06166292849284e+74
0.055	0.0128	-3.27720280285749e+74
0.0572	0.0128	7.70564653780283e+74
0.0594	0.0128	-4.89099896526593e+74
0.0616	0.0128	-9.02856347698766e+75
0.0638	0.0128	7.72873782686855e+76
0.066	0.0128	-4.44513303213977e+77
0.0682	0.0128	2.16177830023503e+78
0.0704	0.0128	-9.55279240731822e+78
0.0726	0.0128	3.97150854202677e+79
0.0748	0.0128	-1.57371529120975e+80
0.077	0.0128	-1.48460236180863e+80
0.0792	0.0128	-1.26368891898326e+80
0.0814	0.0128	1.77157468794109e+80
0.0836	0.0128	-8.69806787354964e+77
0.0858	0.0128	8.78229201599061e+79
0.088	0.0128	1.01135616683342e+81
0.0902	0.0128	2.436223882141e+80
0.0924	0.0128	-6.80541178616652e+80
0.0946	0.0128	-6.0883764800097e+80
0.0968	0.0128	-4.33012395697398e+80
0.099	0.0128	-3.15470305585327e+80
0.1012	0.0128	-2.18538279313616e+80
0.1034	0.0128	-1.5636641974757e+80
0.1056	0.0128	-1.18375421506454e+80
0.1078	0.0128	-8.73683657693153e+79
0.11	0.0128	-6.46515052124678e+79
0	0.016	4.11796746057481e+66
0.0022	0.016	-2.69697582901258e+67
0.0044	0.016	1.16104681271681e+68
0.0066	0.016	-3.49917738542922e+68
0.0088	0.016	7.20350997055248e+68
0.011	0.016	1.12100526388796e+69
0.0132	0.016	1.90921340847922e+69
0.0154	0.016	1.28235886052156e+70
0.0176	0.016	-1.8804340997453e+71
0.0198	0.016	1.03425421779243e+71
0.022	0.016	-4.11718371805571e+70
0.0242	0.016	1.3239474380203e+71
0.0264	0.016	-9.55942175732228e+70
0.0286	0.016	-2.02956730032906e+71
0.0308	0.016	7.68334828832097e+71
0.033	0.016	-8.66285103591962e+71
0.0352	0.016	1.05705895184246e+72
0.0374	0.016	-2.45323349454267e+72
0.0396	0.016	2.36319611651163e+72
0.0418	0.016	-1.09916143543712e+72
0.044	0.016	-1.11661513389308e+72
0.0462	0.016	6.43658068613856e+72
0.0484	0.016	-2.80759443982543e+73
0.0506	0.016	1.14492469304611e+74
0.0528	0.016	-4.30641955483138e+74
0.055	0.016	1.44925699490237e+75
0.0572	0.016	-4.05972639230813e+75
0.0594	0.016	7.16755213615712e+75
0.0616	0.016	1.23704084507957e+76
0.0638	0.016	-2.12219890330474e+77
0.066	0.016	1.4117050195265e+78
0.0682	0.016	-7.32389900716682e+78
0.0704	0.016	3.35561907661865e+79
0.0726	0.016	-1.43285542320098e+80
0.0748	0.016	5.83825063294957e+80
0.077	0.016	5.57361154581497e+80
0.0792	0.016	4.76100892744783e+80
0.0814	0.016	-6.53779673699552e+80
0.0836	0.016	2.86285197513572e+78
0.0858	0.016	-3.23103315631159e+80
0.088	0.016	-3.78585319943521e+81
0.0902	0.016	-9.39024325738022e+80
0.0924	0.016	2.5180809721973e+81
0.0946	0.016	2.26543189881187e+81
0.0968	0.016	1.62037449868279e+81
0.099	0.016	1.18984518524368e+81
0.1012	0.016	8.33716588604797e+80
0.1034	0.016	6.05352512110952e+80
0.1056	0.016	4.66139876238653e+80
0.1078	0.016	3.52330869658473e+80
0.11	0.016	2.68792161820739e+80
0	0.0192	-2.06680820424418e+66
0.0022	0.0192	-1.84179364867714e+67
0.0044	0.0192	8.21229131139876e+67
0.0066	0.0192	-1.81192341796879e+68
0.0088	0.0192	9.14677595850938e+67
0.011	0.0192	3.25843529953577e+69
0.0132	0.0192	-4.02778014874264e+69
0.0154	0.0192	3.12198957615832e+70
0.0176	0.0192	-2.53774096010299e+71
0.0198	0.0192	-4.51614252353318e+71
0.022	0.0192	1.27208241358268e+71
0.0242	0.0192	-6.75192353936435e+71
0.0264	0.0192	5.69536947246475e+71
0.0286	0.0192	8.25574247073262e+71
0.0308	0.0192	-3.78223447281699e+72
0.033	0.0192	4.00567735978717e+72
0.0352	0.0192	-4.43700435719637e+72
0.0374	0.0192	1.21067835384514e+73
0.0396	0.0192	-1.16137324782132e+73
0.0418	0.0192	5.65286699806356e+72
0.044	0.0192	3.59141423044529e+72
0.0462	0.0192	-2.20325398620618e+73
0.0484	0.0192	9.9765724350569e+73
0.0506	0.0192	-4.25580625135692e+74
0.0528	0.0192	1.68737706492728e+75
0.055	0.0192	-6.08752877558669e+75
0.0572	0.0192	1.91284709552371e+76
0.0594	0.0192	-4.60399929487076e+76
0.0616	0.0192	3.49715459105364e+76
0.0638	0.0192	4.9087885747222e+77
0.066	0.0192	-4.26736121678404e+78
0.0682	0.0192	2.42562819259084e+79
0.0704	0.0192	-1.16104301068679e+80
0.0726	0.0192	5.09647392132072e+80
0.0748	0.0192	-2.13716075687649e+81
0.077	0.0192	-2.06432477420512e+81
0.0792	0.0192	-1.76585296151581e+81
0.0814	0.0192	2.43966564446825e+81
0.0836	0.0192	1.75669808359016e+79
0.0858	0.0192	1.21405424392037e+81
0.088	0.0192	1.41967849259842e+82
0.0902	0.0192	3.64064006701444e+81
0.0924	0.0192	-9.29241063304383e+81
0.0946	0.0192	-8.40618796160277e+81
0.0968	0.0192	-6.04039196856326e+81
0.099	0.0192	-4.46402742186648e+81
0.1012	0.0192	-3.15532095828894e+81
0.1034	0.0192	-2.31749497649446e+81
0.1056	0.0192	-1.80808603790712e+81
0.1078	0.0192	-1.39151132258364e+81
0.11	0.0192	-1.0851568327875e+81
0	0.0224	4.51698656556501e+66
0.0022	0.0224	-2.76295656129493e+67
0.0044	0.0224	1.01859103887014e+68
0.0066	0.0224	-2.16103583142673e+68
0.0088	0.0224	1.11857092047648e+68
0.011	0.0224	3.47852252958922e+69
0.0132	0.0224	-3.24232858638472e+69
0.0154	0.0224	2.85029001859721e+70
0.0176	0.0224	-2.33329685777948e+71
0.0198	0.0224	-5.87384724029776e+71
0.022	0.0224	-1.6842371547732e+71
0.0242	0.0224	3.43739298075329e+72
0.0264	0.0224	-3.26768839941307e+72
0.0286	0.0224	-3.14877156540057e+72
0.0308	0.0224	1.88027464353305e+73
0.033	0.0224	-1.86122465641826e+73
0.0352	0.0224	1.77071233274381e+73
0.0374	0.0224	-6.00696713296438e+73
0.0396	0.0224	5.6932946979361e+73
0.0418	0.0224	-2.8257799886945e+73
0.044	0.0224	-1.17365751189968e+73
0.0462	0.0224	7.3531557974828e+73
0.0484	0.0224	-3.44905535883282e+74
0.0506	0.0224	1.53835235066756e+75
0.0528	0.0224	-6.40832681044636e+75
0.055	0.0224	2.4547967788608e+76
0.0572	0.0224	-8.41109171937634e+76
0.0594	0.0224	2.39600031072385e+77
0.0616	0.0224	-4.34515309428849e+77
0.0638	0.0224	-6.51627848145313e+77
0.066	0.0224	1.18961347206796e+79
0.0682	0.0224	-7.79919796500036e+79
0.0704	0.0224	3.94958086410809e+80
0.0726	0.0224	-1.78384552020698e+81
0.0748	0.0224	7.7198330987191e+81
0.077	0.0224	7.54496138581455e+81
0.0792	0.0224	6.44884789766717e+81
0.0814	0.0224	-9.20388067130778e+81
0.0836	0.0224	-2.70223341402143e+80
0.0858	0.0224	-4.66079686987192e+81
0.088	0.0224	-5.33346131220756e+82
0.0902	0.0224	-1.41962274649115e+82
0.0924	0.0224	3.41839082486937e+82
0.0946	0.0224	3.10860708760687e+82
0.0968	0.0224	2.24119113447934e+82
0.099	0.0224	1.66413952450555e+82
0.1012	0.0224	1.18344129997667e+82
0.1034	0.0224	8.76219278742179e+81
0.1056	0.0224	6.89994765595737e+81
0.1078	0.0224	5.37573301226572e+81
0.11	0.0224	4.25349545556685e+81
0	0.0256	2.08423254978256e+67
0.0022	0.0256	-3.32724572602124e+67
0.0044	0.0256	8.02298973757512e+67
0.0066	0.0256	-8.18913547774177e+67
0.0088	0.0256	-3.99030872759282e+68
0.011	0.0256	5.11922221062268e+69
0.0132	0.0256	-7.31207862869845e+69
0.0154	0.0256	4.04499383661897e+70
0.0176	0.0256	-2.76790634679161e+71
0.0198	0.0256	-5.40300897194099e+71
0.022	0.0256	-3.97428531993455e+71
0.0242	0.0256	4.25511603948652e+72
0.0264	0.0256	1.77152201938424e+73
0.0286	0.0256	1.05697281017498e+73
0.0308	0.0256	-9.44393116780611e+73
0.033	0.0256	8.71727023256213e+73
0.0352	0.0256	-6.46233351502355e+73
0.0374	0.0256	3.0001408823652e+74
0.0396	0.0256	-2.78548436969942e+74
0.0418	0.0256	1.38657805876641e+74
0.044	0.0256	4.14500365446131e+73
0.0462	0.0256	-2.38943373471076e+74
0.0484	0.0256	1.15763668614347e+75
0.0506	0.0256	-5.40420541007585e+75
0.0528	0.0256	2.36230835221842e+76
0.055	0.0256	-9.55464256593729e+76
0.0572	0.0256	3.5166383005176e+77
0.0594	0.0256	-1.12352999577332e+78
0.0616	0.0256	2.73769123662149e+78
0.0638	0.0256	-2.15144508939719e+78
0.066	0.0256	-2.82433859483714e+79
0.0682	0.0256	2.40619798506401e+80
0.0704	0.0256	-1.31837286447814e+81
0.0726	0.0256	6.11935708112627e+81
0.0748	0.0256	-2.72287754511533e+82
0.077	0.0256	-2.69414354903437e+82
0.0792	0.0256	-2.29177746193902e+82
0.0814	0.0256	3.53356566904838e+82
0.0836	0.0256	2.38825086718169e+81
0.0858	0.0256	1.84928582828547e+82
0.088	0.0256	2.00972282089429e+83
0.0902	0.0256	5.58735002510676e+82
0.0924	0.0256	-1.25098841018606e+83
0.0946	0.0256	-1.14317113157765e+83
0.0968	0.0256	-8.25251929708742e+82
0.099	0.0256	-6.14143712541837e+82
0.1012	0.0256	-4.37688278397014e+82
0.1034	0.0256	-3.25146842342796e+82
0.1056	0.0256	-2.57175228496508e+82
0.1078	0.0256	-2.01508995871571e+82
0.11	0.0256	-1.60497885995395e+82
0	0.0288	-9.60098455882619e+66
0.0022	0.0288	2.85857063274043e+66
0.0044	0.0288	2.21423939726921e+67
0.0066	0.0288	5.10482446318388e+67
0.0088	0.0288	-7.13887090273686e+68
0.011	0.0288	5.99723888430825e+69
0.0132	0.0288	-7.58992325567149e+69
0.0154	0.0288	3.94888900231682e+70
0.0176	0.0288	-2.58706582556595e+71
0.0198	0.0288	-6.80882751910033e+71
0.022	0.0288	-1.2292021525756e+71
0.0242	0.0288	3.32579121596015e+72
0.0264	0.0288	2.2014258477248e+73
0.0286	0.0288	-2.75735564937205e+73
0.0308	0.0288	4.7934365292035e+74
0.033	0.0288	-4.13232553123001e+74
0.0352	0.0288	1.93883871654514e+74
0.0374	0.0288	-1.51014392499723e+75
0.0396	0.0288	1.36024168870184e+75
0.0418	0.0288	-6.72379642340309e+74
0.044	0.0288	-1.71552619352631e+74
0.0462	0.0288	7.54395531529577e+74
0.0484	0.0288	-3.75898124842436e+75
0.0506	0.0288	1.84178170180684e+76
0.0528	0.0288	-8.45329850333356e+76
0.055	0.0288	3.59835617060084e+77
0.0572	0.0288	-1.41067803526767e+78
0.0594	0.0288	4.92776456046651e+78
0.0616	0.0288	-1.42030589508938e+79
0.0638	0.0288	2.56209801458144e+79
0.066	0.0288	4.07409992518982e+79
0.0682	0.0288	-6.96347270093321e+80
0.0704	0.0288	4.31859398774462e+81
0.0726	0.0288	-2.0559004335894e+82
0.0748	0.0288	9.23769132103919e+82
0.077	0.0288	9.26734412665959e+82
0.0792	0.0288	7.7904769853058e+82
0.0814	0.0288	-1.38877996570858e+83
0.0836	0.0288	-1.73840735364962e+82
0.0858	0.0288	-7.64357538570901e+82
0.088	0.0288	-7.60542988703333e+83
0.0902	0.0288	-2.22667884321835e+83
0.0924	0.0288	4.54247335571661e+83
0.0946	0.0288	4.16902987959177e+83
0.0968	0.0288	3.00419505097818e+83
0.099	0.0288	2.2322931156345e+83
0.1012	0.0288	1.58490795202487e+83
0.1034	0.0288	1.17300222712077e+83
0.1056	0.0288	9.25274642736835e+82
0.1078	0.0288	7.22337214016767e+82
0.11	0.0288	5.72802466013838e+82
0	0.032	1.45773062482399e+67
0.0022	0.032	-3.02501271606368e+67
0.0044	0.032	8.40405128139599e+67
0.0066	0.032	-7.49488324254813e+67
0.0088	0.032	-4.35703628348054e+68
0.011	0.032	5.03283815246852e+69
0.0132	0.032	-2.787726151102e+69
0.0154	0.032	2.27237411110919e+70
0.0176	0.032	-2.08701474815068e+71
0.0198	0.032	-9.41516699665123e+71
0.022	0.032	6.221587281309e+71
0.0242	0.032	9.45618910501811e+71
0.0264	0.032	3.12250439740649e+73
0.0286	0.032	-6.01699649385998e+73
0.0308	0.032	6.07520744060039e+74
0.033	0.032	1.92199160349308e+75
0.0352	0.032	-2.60809804284046e+74
0.0374	0.032	7.67035320760964e+75
0.0396	0.032	-6.62749675335491e+75
0.0418	0.032	3.23869868391657e+75
0.044	0.032	8.60459726347017e+74
0.0462	0.032	-2.30464980759666e+75
0.0484	0.032	1.17424350136976e+76
0.0506	0.032	-6.06990583004007e+76
0.0528	0.032	2.93356955956456e+77
0.055	0.032	-1.31196503602763e+78
0.0572	0.032	5.4520984648598e+78
0.0594	0.032	-2.05477986186909e+79
0.0616	0.032	6.66891389669318e+79
0.0638	0.032	-1.62070424157276e+80
0.066	0.032	1.07361824773057e+80
0.0682	0.032	1.78695598729753e+81
0.0704	0.032	-1.39093788741812e+82
0.0726	0.032	6.81036136231509e+82
0.0748	0.032	-2.92122261221705e+83
0.077	0.032	-2.98327313288684e+83
0.0792	0.032	-2.44096312952919e+83
0.0814	0.032	5.62611189047753e+83
0.0836	0.032	1.14692558685199e+83
0.0858	0.032	3.31172644459355e+83
0.088	0.032	2.89583567576111e+84
0.0902	0.032	9.0218070747704e+83
0.0924	0.032	-1.62961694275152e+84
0.0946	0.032	-1.50095866224946e+84
0.0968	0.032	-1.07429038532105e+84
0.099	0.032	-7.92182520349663e+83
0.1012	0.032	-5.54778745810762e+83
0.1034	0.032	-4.04135161335769e+83
0.1056	0.032	-3.13970909555442e+83
0.1078	0.032	-2.40106611608367e+83
0.11	0.032	-1.85697800717037e+83
0	0.0352	-1.14757734375242e+67
0.0022	0.0352	1.30086492916319e+67
0.0044	0.0352	-2.20037183430137e+67
0.0066	0.0352	1.99357915362644e+68
0.0088	0.0352	-1.13059344694153e+69
0.011	0.0352	7.04798489450942e+69
0.0132	0.0352	-6.53327442349207e+69
0.0154	0.0352	3.41249933538896e+70
0.0176	0.0352	-2.35576349594132e+71
0.0198	0.0352	-9.22348567650315e+71
0.022	0.0352	2.81944407542753e+71
0.0242	0.0352	2.28568777903299e+72
0.0264	0.0352	2.72013484021883e+73
0.0286	0.0352	-3.5297175052546e+73
0.0308	0.0352	5.02877307714465e+74
0.033	0.0352	2.51533897818021e+75
0.0352	0.0352	-2.86004681645246e+75
0.0374	0.0352	-3.93549672907784e+76
0.0396	0.0352	3.21908081853325e+76
0.0418	0.0352	-1.55627279543718e+76
0.044	0.0352	-4.96485038595449e+75
0.0462	0.0352	6.74459213314691e+75
0.0484	0.0352	-3.49679850950312e+76
0.0506	0.0352	1.92407645048317e+77
0.0528	0.0352	-9.85448041780515e+77
0.055	0.0352	4.62694390988239e+78
0.0572	0.0352	-2.03274908194529e+79
0.0594	0.0352	8.20558116712988e+79
0.0616	0.0352	-2.93063775386549e+80
0.0638	0.0352	8.49686612007807e+80
0.066	0.0352	-1.44391909887365e+81
0.0682	0.0352	-3.31262605767304e+81
0.0704	0.0352	4.41468731744005e+82
0.0726	0.0352	-2.2869567339316e+83
0.0748	0.0352	7.93797520409768e+83
0.077	0.0352	8.35794271818592e+83
0.0792	0.0352	6.36420203200156e+83
0.0814	0.0352	-2.3656125522105e+84
0.0836	0.0352	-7.14724461349084e+83
0.0858	0.0352	-1.50827210676454e+84
0.088	0.0352	-1.11230190349161e+85
0.0902	0.0352	-3.73443271104035e+84
0.0924	0.0352	5.73428106322106e+84
0.0946	0.0352	5.29366171908793e+84
0.0968	0.0352	3.73115167594186e+84
0.099	0.0352	2.70052130244905e+84
0.1012	0.0352	1.83024861121909e+84
0.1034	0.0352	1.27964874322327e+84
0.1056	0.0352	9.51856322127306e+83
0.1078	0.0352	6.83373763565559e+83
0.11	0.0352	4.8575949222494e+83
0	0.0384	-6.44482450741773e+66
0.0022	0.0384	-1.62834503188708e+67
0.0044	0.0384	8.36761493016525e+67
0.0066	0.0384	-1.11236561392679e+68
0.0088	0.0384	-2.1521822179513e+68
0.011	0.0384	3.91078019269005e+69
0.0132	0.0384	5.69150104105309e+69
0.0154	0.0384	-6.25348287612855e+69
0.0176	0.0384	-1.09060290230091e+71
0.0198	0.0384	-1.43488747017211e+72
0.022	0.0384	1.81753822480044e+72
0.0242	0.0384	-2.70714411754362e+72
0.0264	0.0384	4.5341118248982e+73
0.0286	0.0384	-1.00190805517565e+74
0.0308	0.0384	7.52611160228284e+74
0.033	0.0384	1.81150895130853e+75
0.0352	0.0384	1.07010872899705e+74
0.0374	0.0384	-5.48843732888041e+76
0.0396	0.0384	-1.49662277310004e+77
0.0418	0.0384	7.47680888310848e+76
0.044	0.0384	3.05078630959943e+76
0.0462	0.0384	-1.83541937273588e+76
0.0484	0.0384	9.77158748959266e+76
0.0506	0.0384	-5.81122641724322e+77
0.0528	0.0384	3.19556402124281e+78
0.055	0.0384	-1.57520605995927e+79
0.0572	0.0384	7.30572105419092e+79
0.0594	0.0384	-3.14613427986302e+80
0.0616	0.0384	1.22207158804201e+81
0.0638	0.0384	-4.03600082012066e+81
0.066	0.0384	9.56976235476025e+81
0.0682	0.0384	-2.16268708935084e+81
0.0704	0.0384	-1.368874436069e+83
0.0726	0.0384	8.35893893251257e+83
0.0748	0.0384	-1.2997832842347e+84
0.077	0.0384	-1.52534688919005e+84
0.0792	0.0384	-7.90714249961368e+83
0.0814	0.0384	1.03818085229556e+85
0.0836	0.0384	4.29967014450479e+84
0.0858	0.0384	7.20905774399707e+84
0.088	0.0384	4.32548623352914e+85
0.0902	0.0384	1.58767169452043e+85
0.0924	0.0384	-1.95321947617718e+85
0.0946	0.0384	-1.80330596466006e+85
0.0968	0.0384	-1.23116030810589e+85
0.099	0.0384	-8.54725409196001e+84
0.1012	0.0384	-5.35762305623948e+84
0.1034	0.0384	-3.34591012536765e+84
0.1056	0.0384	-2.15511534752475e+84
0.1078	0.0384	-1.18011270974808e+84
0.11	0.0384	-4.63240146201856e+83
0	0.0416	2.73530632382729e+67
0.0022	0.0416	-4.89444664702874e+67
0.0044	0.0416	8.10743474145119e+67
0.0066	0.0416	-3.04578576586039e+67
0.0088	0.0416	-4.78910041003183e+68
0.011	0.0416	4.97313993273701e+69
0.0132	0.0416	4.0223968803037e+69
0.0154	0.0416	2.56725961597828e+69
0.0176	0.0416	-1.39642586286171e+71
0.0198	0.0416	-1.37326144353724e+72
0.022	0.0416	1.19829696864492e+72
0.0242	0.0416	-9.17068026031743e+70
0.0264	0.0416	3.60239007540966e+73
0.0286	0.0416	-5.19228942053492e+73
0.0308	0.0416	5.47359148811426e+74
0.033	0.0416	2.85019182931116e+75
0.0352	0.0416	-2.86591424251678e+75
0.0374	0.0416	-4.33867429710037e+76
0.0396	0.0416	-2.22554224623228e+77
0.0418	0.0416	-3.42451869557911e+77
0.044	0.0416	-1.90422891488541e+77
0.0462	0.0416	4.16387984378997e+76
0.0484	0.0416	-2.4870266113368e+77
0.0506	0.0416	1.64197994963702e+78
0.0528	0.0416	-9.96702702742004e+78
0.055	0.0416	5.16060993266183e+79
0.0572	0.0416	-2.52516299422121e+80
0.0594	0.0416	1.15754819903699e+81
0.0616	0.0416	-4.85930396985568e+81
0.0638	0.0416	1.78978123126199e+82
0.066	0.0416	-5.21261355702122e+82
0.0682	0.0416	7.38497264617397e+82
0.0704	0.0416	4.05648377089096e+83
0.0726	0.0416	-4.42864935646113e+84
0.0748	0.0416	2.54640056930734e+85
0.077	0.0416	2.59925531708012e+85
0.0792	0.0416	2.17087587575243e+85
0.0814	0.0416	-4.59723747862238e+85
0.0836	0.0416	-8.64578469770141e+84
0.0858	0.0416	-2.79611208490575e+85
0.088	0.0416	-2.55149947390558e+86
0.0902	0.0416	-7.94135117880842e+85
0.0924	0.0416	1.50321534930232e+86
0.0946	0.0416	1.3967993815616e+86
0.0968	0.0416	1.00671198380723e+86
0.099	0.0416	7.44181222070058e+85
0.1012	0.0416	5.18468394527166e+85
0.1034	0.0416	3.72638095952166e+85
0.1056	0.0416	2.84056473107345e+85
0.1078	0.0416	2.09798648981666e+85
0.11	0.0416	1.54189304495863e+85
0	0.0448	-4.51948824382606e+65
0.0022	0.0448	9.6656602077231e+66
0.0044	0.0448	-1.23661228483118e+67
0.0066	0.0448	1.52392232452251e+68
0.0088	0.0448	-8.86723667687624e+68
0.011	0.0448	5.65288996414367e+69
0.0132	0.0448	4.83010998993115e+69
0.0154	0.0448	-7.46022208941491e+68
0.0176	0.0448	-1.34693201196058e+71
0.0198	0.0448	-1.48490853282534e+72
0.022	0.0448	1.35045351886969e+72
0.0242	0.0448	-4.18857772932378e+71
0.0264	0.0448	3.83261276751396e+73
0.0286	0.0448	-5.82435360184509e+73
0.0308	0.0448	5.8238151159091e+74
0.033	0.0448	2.93919422327137e+75
0.0352	0.0448	-2.61963012318806e+75
0.0374	0.0448	-4.91766980725223e+76
0.0396	0.0448	-2.30412764041876e+77
0.0418	0.0448	-4.27597672714775e+77
0.044	0.0448	-3.07310315015947e+77
0.0462	0.0448	1.77785620644276e+75
0.0484	0.0448	5.3904005207758e+77
0.0506	0.0448	-4.16016194037639e+78
0.0528	0.0448	2.97666910171701e+79
0.055	0.0448	-1.62017003665014e+80
0.0572	0.0448	8.36277146855444e+80
0.0594	0.0448	-4.07571996091657e+81
0.0616	0.0448	1.84212786551881e+82
0.0638	0.0448	-7.48434373647651e+82
0.066	0.0448	2.56218381274068e+83
0.0682	0.0448	-6.06660999279446e+83
0.0704	0.0448	-1.86743011581688e+83
0.0726	0.0448	1.30297136821408e+85
0.0748	0.0448	-9.3591251294102e+85
0.077	0.0448	-9.83769632571566e+85
0.0792	0.0448	-8.16648517290717e+85
0.0814	0.0448	1.89301657153161e+86
0.0836	0.0448	4.29193122309585e+85
0.0858	0.0448	1.18737506369907e+86
0.088	0.0448	1.04249798903928e+87
0.0902	0.0448	3.45070215641718e+86
0.0924	0.0448	-5.85421682699074e+86
0.0946	0.0448	-5.51361996854038e+86
0.0968	0.0448	-4.00669421984235e+86
0.099	0.0448	-2.99608683839696e+86
0.1012	0.0448	-2.11805380638913e+86
0.1034	0.0448	-1.55219253284417e+86
0.1056	0.0448	-1.21023262291461e+86
0.1078	0.0448	-9.21986172302688e+85
0.11	0.0448	-7.04451899858589e+85
0	0.048	6.82935078216058e+66
0.0022	0.048	-1.85595697560373e+67
0.0044	0.048	1.36345318262546e+67
0.0066	0.048	6.99240208387781e+67
0.0088	0.048	-5.10759786416538e+68
0.011	0.048	4.52156929234431e+69
0.0132	0.048	1.04914682500192e+70
0.0154	0.048	-1.47952027495805e+70
0.0176	0.048	-9.2528017961991e+70
0.0198	0.048	-1.66526430931365e+72
0.022	0.048	1.49773358472127e+72
0.0242	0.048	-3.76055888351915e+71
0.0264	0.048	3.79909292577821e+73
0.0286	0.048	-4.3425599165961e+73
0.0308	0.048	5.06374489972879e+74
0.033	0.048	3.48417612615814e+75
0.0352	0.048	-3.49863492249703e+75
0.0374	0.048	-4.64358245831006e+76
0.0396	0.048	-2.71609462643013e+77
0.0418	0.048	-4.44598813294086e+77
0.044	0.048	-3.79644486600174e+77
0.0462	0.048	6.96818369610127e+76
0.0484	0.048	-8.49682441860309e+77
0.0506	0.048	8.26437627921479e+78
0.0528	0.048	-8.46771470156227e+79
0.055	0.048	4.84796204290726e+80
0.0572	0.048	-2.64028853412008e+81
0.0594	0.048	1.36711368234945e+82
0.0616	0.048	-6.63241917811986e+82
0.0638	0.048	2.94380476902521e+83
0.066	0.048	-1.14391023118206e+84
0.0682	0.048	3.50287646573436e+84
0.0704	0.048	-5.24122853279078e+84
0.0726	0.048	-2.82030749497163e+85
0.0748	0.048	3.10256511340697e+86
0.077	0.048	3.42203019154844e+86
0.0792	0.048	2.78384615277682e+86
0.0814	0.048	-7.86146737758746e+86
0.0836	0.048	-2.26056803764446e+86
0.0858	0.048	-5.15642733233699e+86
0.088	0.048	-4.20493730277604e+87
0.0902	0.048	-1.50320700587515e+87
0.0924	0.048	2.18971107500319e+87
0.0946	0.048	2.09730377798681e+87
0.0968	0.048	1.53480950476226e+87
0.099	0.048	1.15999504158659e+87
0.1012	0.048	8.30211352333826e+86
0.1034	0.048	6.18853882328773e+86
0.1056	0.048	4.92380242555293e+86
0.1078	0.048	3.85233371118771e+86
0.11	0.048	3.03754268746063e+86
0	0.0512	1.50658768676021e+67
0.0022	0.0512	9.17139596111582e+66
0.0044	0.0512	-2.13924049101412e+67
0.0066	0.0512	9.46660895501642e+67
0.0088	0.0512	-4.56039890588848e+68
0.011	0.0512	3.92261338190335e+69
0.0132	0.0512	1.4988386429541e+70
0.0154	0.0512	-2.70884408474361e+70
0.0176	0.0512	-6.46741651454889e+70
0.0198	0.0512	-1.8395544542717e+72
0.022	0.0512	1.77666219241591e+72
0.0242	0.0512	-1.04152614050076e+72
0.0264	0.0512	4.13961131501546e+73
0.0286	0.0512	-5.31306734220261e+73
0.0308	0.0512	5.56035063264512e+74
0.033	0.0512	3.5133451546513e+75
0.0352	0.0512	-2.7766263397725e+75
0.0374	0.0512	-5.4423927068279e+76
0.0396	0.0512	-2.73242006987944e+77
0.0418	0.0512	-5.93754343554348e+77
0.044	0.0512	-2.95295739515184e+77
0.0462	0.0512	-6.99466460945085e+77
0.0484	0.0512	2.6386363862095e+78
0.0506	0.0512	-2.52290141158144e+79
0.0528	0.0512	2.28785427212128e+80
0.055	0.0512	-1.37300858925057e+81
0.0572	0.0512	7.89596043123833e+81
0.0594	0.0512	-4.34477636130467e+82
0.0616	0.0512	2.25968555944043e+83
0.0638	0.0512	-1.0899421011132e+84
0.066	0.0512	4.72037122669213e+84
0.0682	0.0512	-1.71793157978476e+85
0.0704	0.0512	4.31577100690807e+85
0.0726	0.0512	9.72095191888649e+84
0.0748	0.0512	-9.28109664023493e+86
0.077	0.0512	-1.11075692436618e+87
0.0792	0.0512	-8.66116164811309e+86
0.0814	0.0512	3.33594074740829e+87
0.0836	0.0512	1.19298925708105e+87
0.0858	0.0512	2.30136727779915e+87
0.088	0.0512	1.71261821878117e+88
0.0902	0.0512	6.64171590914115e+87
0.0924	0.0512	-8.08632683878878e+87
0.0946	0.0512	-7.90225737910697e+87
0.0968	0.0512	-5.81341295667606e+87
0.099	0.0512	-4.43407323070237e+87
0.1012	0.0512	-3.20211687055636e+87
0.1034	0.0512	-2.41934058462522e+87
0.1056	0.0512	-1.95810587075828e+87
0.1078	0.0512	-1.56559228624521e+87
0.11	0.0512	-1.26508442788964e+87
0	0.0544	-1.6631281556925e+67
0.0022	0.0544	2.61575038831924e+67
0.0044	0.0544	-6.60089926537515e+67
0.0066	0.0544	1.34649563246598e+68
0.0088	0.0544	-3.45444773545517e+68
0.011	0.0544	3.57809791604332e+69
0.0132	0.0544	1.7975906199226e+70
0.0154	0.0544	-3.0082257206353e+70
0.0176	0.0544	-6.46821123523852e+70
0.0198	0.0544	-1.87164093409029e+72
0.022	0.0544	1.35503967058749e+72
0.0242	0.0544	1.00137596146777e+72
0.0264	0.0544	3.41409830475523e+73
0.0286	0.0544	-1.20116968311833e+73
0.0308	0.0544	3.82022873758235e+74
0.033	0.0544	4.43834077652609e+75
0.0352	0.0544	-4.94707028013233e+75
0.0374	0.0544	-4.6995766024772e+76
0.0396	0.0544	-3.37684564951283e+77
0.0418	0.0544	-5.45509389805917e+77
0.044	0.0544	-7.90817580783852e+77
0.0462	0.0544	1.14273536346283e+78
0.0484	0.0544	-6.93653023927268e+78
0.0506	0.0544	6.4705430607469e+79
0.0528	0.0544	-5.78137798339321e+80
0.055	0.0544	3.64549429011735e+81
0.0572	0.0544	-2.21693424463116e+82
0.0594	0.0544	1.29790565550688e+83
0.0616	0.0544	-7.23975748701241e+83
0.0638	0.0544	3.78828759425536e+84
0.066	0.0544	-1.81344813371019e+85
0.0682	0.0544	7.5820656075588e+85
0.0704	0.0544	-2.48095474785978e+86
0.0726	0.0544	3.88300407971044e+86
0.0748	0.0544	2.2037907655245e+87
0.077	0.0544	3.17078156781203e+87
0.0792	0.0544	2.2238977896215e+87
0.0814	0.0544	-1.45032086021971e+88
0.0836	0.0544	-6.28659342361871e+87
0.0858	0.0544	-1.05579037565384e+88
0.088	0.0544	-7.07171206296615e+88
0.0902	0.0544	-2.98428396291114e+88
0.0924	0.0544	2.93855275085965e+88
0.0946	0.0544	2.94435663771164e+88
0.0968	0.0544	2.1715472145124e+88
0.099	0.0544	1.66767691028914e+88
0.1012	0.0544	1.20934103217728e+88
0.1034	0.0544	9.2187214366565e+87
0.1056	0.0544	7.56466341515444e+87
0.1078	0.0544	6.15199918033856e+87
0.11	0.0544	5.06454626169697e+87
0	0.0576	4.20951897558386e+67
0.0022	0.0576	-1.06753479580227e+67
0.0044	0.0576	5.08000576172779e+67
0.0066	0.0576	-2.5605862250455e+68
0.0088	0.0576	8.90006060290345e+68
0.011	0.0576	-3.60931943968763e+68
0.0132	0.0576	3.23853843771068e+70
0.0154	0.0576	-7.08216424009709e+70
0.0176	0.0576	4.97451095411116e+70
0.0198	0.0576	-2.32337574678564e+72
0.022	0.0576	2.49539523215748e+72
0.0242	0.0576	-2.56647865644183e+72
0.0264	0.0576	4.77729155437212e+73
0.0286	0.0576	-6.00948411821433e+73
0.0308	0.0576	5.82800685040609e+74
0.033	0.0576	3.87069987018032e+75
0.0352	0.0576	-1.5993772664168e+75
0.0374	0.0576	-6.57902173027719e+76
0.0396	0.0576	-2.98680227720512e+77
0.0418	0.0576	-9.06632708353917e+77
0.044	0.0576	9.34169250547617e+76
0.0462	0.0576	-3.43625127230262e+78
0.0484	0.0576	1.62916226034352e+79
0.0506	0.0576	-1.51794180225432e+80
0.0528	0.0576	1.3489528342545e+81
0.055	0.0576	-8.95512453268072e+81
0.0572	0.0576	5.77012396825649e+82
0.0594	0.0576	-3.60153158801911e+83
0.0616	0.0576	2.15854825041049e+84
0.0638	0.0576	-1.22634700807204e+85
0.066	0.0576	6.47346935823362e+85
0.0682	0.0576	-3.06686468611975e+86
0.0704	0.0576	1.21401473372326e+87
0.0726	0.0576	-3.23882204306221e+87
0.0748	0.0576	-1.54646169499813e+87
0.077	0.0576	-6.44840415269247e+87
0.0792	0.0576	-2.72271668885204e+87
0.0814	0.0576	6.46483822221196e+88
0.0836	0.0576	3.30554323206423e+88
0.0858	0.0576	4.97079152351765e+88
0.088	0.0576	2.97047392569424e+89
0.0902	0.0576	1.36692467847325e+89
0.0924	0.0576	-1.04134545886837e+89
0.0946	0.0576	-1.07881268993221e+89
0.0968	0.0576	-7.94281098760026e+88
0.099	0.0576	-6.12109531241712e+88
0.1012	0.0576	-4.42490462136414e+88
0.1034	0.0576	-3.38162324657584e+88
0.1056	0.0576	-2.80330656299115e+88
0.1078	0.0576	-2.30839147835382e+88
0.11	0.0576	-1.92604178102028e+88
0	0.0608	-6.60320835100466e+67
0.0022	0.0608	1.1106402896078e+68
0.0044	0.0608	-2.0457675257043e+68
0.0066	0.0608	3.22184884126863e+68
0.0088	0.0608	-5.94100333732204e+68
0.011	0.0608	4.42876614517793e+69
0.0132	0.0608	1.8315292470652e+70
0.0154	0.0608	-1.46990811692324e+70
0.0176	0.0608	-1.53273710796076e+71
0.0198	0.0608	-1.66603634659141e+72
0.022	0.0608	-3.32667465682341e+71
0.0242	0.0608	7.73771793126522e+72
0.0264	0.0608	1.1899384907202e+73
0.0286	0.0608	8.85650641481153e+73
0.0308	0.0608	2.70848336917358e+72
0.033	0.0608	6.35694617441097e+75
0.0352	0.0608	-9.63096334449023e+75
0.0374	0.0608	-3.55852159978038e+76
0.0396	0.0608	-4.59897746820188e+77
0.0418	0.0608	-4.94176496395921e+77
0.044	0.0608	-2.15488082717078e+78
0.0462	0.0608	6.24867483533272e+78
0.0484	0.0608	-3.49621795630761e+79
0.0506	0.0608	3.23001095924875e+80
0.0528	0.0608	-2.85062237119695e+81
0.055	0.0608	1.99662057247524e+82
0.0572	0.0608	-1.36643159702578e+83
0.0594	0.0608	9.11850129689835e+83
0.0616	0.0608	-5.89017928862082e+84
0.0638	0.0608	3.64421348556075e+85
0.066	0.0608	-2.12492367821523e+86
0.0682	0.0608	1.1369316417435e+87
0.0704	0.0608	-5.30548606369818e+87
0.0726	0.0608	1.90679413132153e+88
0.0748	0.0608	-2.84851055477162e+88
0.077	0.0608	-4.29817723524313e+87
0.0792	0.0608	-1.93625716096117e+88
0.0814	0.0608	-2.95353785926512e+89
0.0836	0.0608	-1.73406526833488e+89
0.0858	0.0608	-2.39656802323734e+89
0.088	0.0608	-1.27500297002392e+90
0.0902	0.0608	-6.40298469590717e+89
0.0924	0.0608	3.53853050035687e+89
0.0946	0.0608	3.85115015202577e+89
0.0968	0.0608	2.81071548488959e+89
0.099	0.0608	2.16227384948223e+89
0.1012	0.0608	1.53909070433398e+89
0.1034	0.0608	1.16713071057261e+89
0.1056	0.0608	9.73219852797127e+88
0.1078	0.0608	8.0743527652277e+88
0.11	0.0608	6.79264771346114e+88
0	0.064	6.84542690988313e+67
0.0022	0.064	-6.65352359290032e+67
0.0044	0.064	2.77142130501365e+68
0.0066	0.064	-1.09231882371397e+69
0.0088	0.064	3.64146266827869e+69
0.011	0.064	-8.54188998113483e+69
0.0132	0.064	6.11567468782905e+70
0.0154	0.064	-1.45646771002626e+71
0.0176	0.064	2.58463640094551e+71
0.0198	0.064	-3.12450758150479e+72
0.022	0.064	4.21141376636953e+72
0.0242	0.064	-7.67189256685201e+72
0.0264	0.064	6.76698414594866e+73
0.0286	0.064	-1.20619048565192e+74
0.0308	0.064	8.3357068869501e+74
0.033	0.064	3.30439912224031e+75
0.0352	0.064	3.88691095446267e+75
0.0374	0.064	-9.5629918050424e+76
0.0396	0.064	-2.55793190438825e+77
0.0418	0.064	-1.59765154607775e+78
0.044	0.064	1.80492810756853e+78
0.0462	0.064	-1.29033342304387e+79
0.0484	0.064	6.60429799858754e+79
0.0506	0.064	-6.07215445241602e+80
0.0528	0.064	5.2965892318619e+81
0.055	0.064	-3.92322485263935e+82
0.0572	0.064	2.85997360068015e+83
0.0594	0.064	-2.0477403562155e+84
0.0616	0.064	1.43179214499893e+85
0.0638	0.064	-9.69495463136735e+85
0.066	0.064	6.27727270743409e+86
0.0682	0.064	-3.80732319821884e+87
0.0704	0.064	2.08409103432926e+88
0.0726	0.064	-9.49098717685838e+88
0.0748	0.064	2.74563833889434e+89
0.077	0.064	1.5755739810994e+89
0.0792	0.064	2.21229429252041e+89
0.0814	0.064	1.38194725419094e+90
0.0836	0.064	9.0804743382061e+89
0.0858	0.064	1.18164440674309e+90
0.088	0.064	5.6302783781355e+90
0.0902	0.064	3.08300956546977e+90
0.0924	0.064	-1.11290876147199e+90
0.0946	0.064	-1.31825745055933e+90
0.0968	0.064	-9.4165184547304e+89
0.099	0.064	-7.16626290841469e+89
0.1012	0.064	-4.8996805894496e+89
0.1034	0.064	-3.61082923957198e+89
0.1056	0.064	-3.00960148818577e+89
0.1078	0.064	-2.49961063924246e+89
0.11	0.064	-2.10692992375358e+89
0	0.0672	-3.87934393680445e+67
0.0022	0.0672	1.29089802098789e+68
0.0044	0.0672	-2.29959587932988e+68
0.0066	0.0672	3.43440149759678e+68
0.0088	0.0672	-7.91484788938013e+68
0.011	0.0672	6.43876010354626e+69
0.0132	0.0672	1.19373659384611e+70
0.0154	0.0672	3.3488369719331e+70
0.0176	0.0672	-3.71250709185599e+71
0.0198	0.0672	-9.94891661854653e+71
0.022	0.0672	-3.77598382323323e+72
0.0242	0.0672	2.05889212357421e+73
0.0264	0.0672	-3.14748032126245e+73
0.0286	0.0672	2.69236874715868e+74
0.0308	0.0672	-6.76068903241256e+74
0.033	0.0672	9.43043822698749e+75
0.0352	0.0672	-1.83708909274071e+76
0.0374	0.0672	-8.18889144608244e+75
0.0396	0.0672	-6.59587099535909e+77
0.0418	0.0672	-1.94240063799941e+77
0.044	0.0672	-5.09464735325301e+78
0.0462	0.0672	1.86639207312016e+79
0.0484	0.0672	-1.0642674525549e+80
0.0506	0.0672	9.64644787152473e+80
0.0528	0.0672	-8.23232396677888e+81
0.055	0.0672	6.46452430323117e+82
0.0572	0.0672	-5.03605375263662e+83
0.0594	0.0672	3.88534179017084e+84
0.0616	0.0672	-2.95705965151247e+85
0.0638	0.0672	2.20720953752366e+86
0.066	0.0672	-1.60119466911536e+87
0.0682	0.0672	1.112298091167e+88
0.0704	0.0672	-7.20586183664965e+88
0.0726	0.0672	4.12205753059938e+89
0.0748	0.0672	-1.79068700821367e+90
0.077	0.0672	-1.23790354159533e+90
0.0792	0.0672	-1.52659845694144e+90
0.0814	0.0672	-6.6323873730415e+90
0.0836	0.0672	-4.75892959787157e+90
0.0858	0.0672	-5.97604648448561e+90
0.088	0.0672	-2.58974546045573e+91
0.0902	0.0672	-1.54108724578732e+91
0.0924	0.0672	2.94632563668637e+90
0.0946	0.0672	4.20306917443592e+90
0.0968	0.0672	2.86150466753727e+90
0.099	0.0672	2.11576298253351e+90
0.1012	0.0672	1.30245090618851e+90
0.1034	0.0672	8.77640385564337e+89
0.1056	0.0672	7.2242173978913e+89
0.1078	0.0672	5.94668389314139e+89
0.11	0.0672	4.97526688520363e+89
0	0.0704	-1.28017318251001e+68
0.0022	0.0704	1.0216395981136e+68
0.0044	0.0704	1.33593442252982e+68
0.0066	0.0704	-1.06023216808603e+69
0.0088	0.0704	3.94828918153612e+69
0.011	0.0704	-9.19656172654485e+69
0.0132	0.0704	6.65918965579882e+70
0.0154	0.0704	-1.43835709261198e+71
0.0176	0.0704	2.23845999501806e+71
0.0198	0.0704	-3.17226806418427e+72
0.022	0.0704	3.47901110178509e+72
0.0242	0.0704	-5.18571913249412e+72
0.0264	0.0704	6.41218232845924e+73
0.0286	0.0704	-1.02433185383913e+74
0.0308	0.0704	8.31096700120409e+74
0.033	0.0704	3.54563476209317e+75
0.0352	0.0704	7.40616829818735e+75
0.0374	0.0704	-1.20799763039862e+77
0.0396	0.0704	-2.31614140331016e+77
0.0418	0.0704	-2.35575385657708e+78
0.044	0.0704	3.57468112230331e+78
0.0462	0.0704	-2.46070208222403e+79
0.0484	0.0704	1.34792588404985e+80
0.0506	0.0704	-1.18968517024796e+81
0.0528	0.0704	9.67946339179012e+81
0.055	0.0704	-8.08560134633094e+82
0.0572	0.0704	6.75828870095091e+83
0.0594	0.0704	-5.64667678190057e+84
0.0616	0.0704	4.71071578796198e+85
0.0638	0.0704	-3.91487127340003e+86
0.066	0.0704	3.22701301913691e+87
0.0682	0.0704	-2.61727474406751e+88
0.0704	0.0704	2.05677367236857e+89
0.0726	0.0704	-1.51612977938476e+90
0.0748	0.0704	9.63692474248183e+90
0.077	0.0704	7.1818226126621e+90
0.0792	0.0704	8.63643946487139e+90
0.0814	0.0704	3.31983726324803e+91
0.0836	0.0704	2.52615568369706e+91
0.0858	0.0704	3.16566960219183e+91
0.088	0.0704	1.27773789499633e+92
0.0902	0.0704	8.18209981425667e+91
0.0924	0.0704	-4.23105002100821e+90
0.0946	0.0704	-1.19978604059315e+91
0.0968	0.0704	-7.32225974183429e+90
0.099	0.0704	-5.06214827066253e+90
0.1012	0.0704	-2.16013022083262e+90
0.1034	0.0704	-8.7413351639543e+89
0.1056	0.0704	-6.825088562925e+89
0.1078	0.0704	-5.57630487125199e+89
0.11	0.0704	-4.62634991954228e+89
0	0.0736	2.76559690799221e+68
0.0022	0.0736	-3.4575978050978e+68
0.0044	0.0736	8.11331144202551e+68
0.0066	0.0736	-2.24657101305708e+69
0.0088	0.0736	5.98522983304274e+69
0.011	0.0736	-1.13286868055016e+70
0.0132	0.0736	6.50142300977758e+70
0.0154	0.0736	-1.00383758366372e+71
0.0176	0.0736	-5.09172710134379e+69
0.0198	0.0736	-2.26211100589922e+72
0.022	0.0736	-8.04602995627954e+71
0.0242	0.0736	1.15293970677904e+73
0.0264	0.0736	1.72596299413123e+72
0.0286	0.0736	1.62828214044866e+74
0.0308	0.0736	-2.57200672973944e+74
0.033	0.0736	8.30487987776534e+75
0.0352	0.0736	-1.04571716000837e+76
0.0374	0.0736	-4.53336445695254e+76
0.0396	0.0736	-6.21166618088995e+77
0.0418	0.0736	-9.22996835077279e+77
0.044	0.0736	-4.48146935956813e+78
0.0462	0.0736	1.59506286327464e+79
0.0484	0.0736	-1.12437949855813e+80
0.0506	0.0736	9.06275652179578e+80
0.0528	0.0736	-6.27815387494818e+81
0.055	0.0736	5.68667202799929e+82
0.0572	0.0736	-5.17317943706538e+83
0.0594	0.0736	4.73027855570153e+84
0.0616	0.0736	-4.37048831562549e+85
0.0638	0.0736	4.10353655687557e+86
0.066	0.0736	-3.93864243477254e+87
0.0682	0.0736	3.88677801101074e+88
0.0704	0.0736	-3.96286603661135e+89
0.0726	0.0736	4.18816387536511e+90
0.0748	0.0736	-4.5930956369898e+91
0.077	0.0736	-3.67579918276618e+91
0.0792	0.0736	-4.55605725115877e+91
0.0814	0.0736	-1.94049378635515e+92
0.0836	0.0736	-1.42048798939897e+92
0.0858	0.0736	-1.96664596532016e+92
0.088	0.0736	-7.45747953681607e+92
0.0902	0.0736	-4.85307369519846e+92
0.0924	0.0736	-1.81088298170565e+90
0.0946	0.0736	4.82852268953302e+91
0.0968	0.0736	2.80280186590254e+91
0.099	0.0736	1.91483301137206e+91
0.1012	0.0736	5.46528825796945e+90
0.1034	0.0736	1.07240751766841e+89
0.1056	0.0736	2.68975451807893e+89
0.1078	0.0736	5.61703481010557e+89
0.11	0.0736	6.80137827957735e+89
0	0.0768	-3.64314916538869e+68
0.0022	0.0768	5.33582386714482e+68
0.0044	0.0768	-9.08982387632326e+68
0.0066	0.0768	1.86704875540438e+69
0.0088	0.0768	-5.05704287707877e+69
0.011	0.0768	2.04456902171979e+70
0.0132	0.0768	-2.68656442912015e+70
0.0154	0.0768	1.87690714061397e+71
0.0176	0.0768	-9.07466614546173e+71
0.0198	0.0768	4.35903689762088e+71
0.022	0.0768	-9.66959399510489e+72
0.0242	0.0768	3.93353865745737e+73
0.0264	0.0768	-8.39494118025686e+73
0.0286	0.0768	4.54259075302526e+74
0.0308	0.0768	-1.19660560566415e+75
0.033	0.0768	1.15062679204555e+76
0.0352	0.0768	-1.83281007062311e+76
0.0374	0.0768	-3.15205575883658e+76
0.0396	0.0768	-6.7776525569494e+77
0.0418	0.0768	-1.29611103550195e+78
0.044	0.0768	-2.96829961040292e+78
0.0462	0.0768	7.8158489514502e+75
0.0484	0.0768	1.52974974468861e+79
0.0506	0.0768	9.11399331829024e+79
0.0528	0.0768	-3.19889056819627e+81
0.055	0.0768	2.2614036236324e+82
0.0572	0.0768	-1.64371782188038e+83
0.0594	0.0768	1.29781190230158e+84
0.0616	0.0768	-1.16110380265126e+85
0.0638	0.0768	1.19359058013825e+86
0.066	0.0768	-1.37440777724169e+87
0.0682	0.0768	1.69970208557614e+88
0.0704	0.0768	-2.18211573555441e+89
0.0726	0.0768	2.85182779577337e+90
0.0748	0.0768	-3.75923488184997e+91
0.077	0.0768	-3.68025492274899e+91
0.0792	0.0768	-3.52311240728097e+91
0.0814	0.0768	-1.64465405117912e+92
0.0836	0.0768	-1.38510431370752e+92
0.0858	0.0768	-1.36066706030393e+92
0.088	0.0768	-5.76896717952394e+92
0.0902	0.0768	-4.82208576838544e+92
0.0924	0.0768	-7.85914814761535e+91
0.0946	0.0768	4.36944733043522e+91
0.0968	0.0768	1.96293229634271e+91
0.099	0.0768	5.71508737912642e+90
0.1012	0.0768	-3.96049190122474e+90
0.1034	0.0768	-1.37583397828358e+88
0.1056	0.0768	5.07966204426034e+89
0.1078	0.0768	7.43228472357293e+89
0.11	0.0768	8.43174596697169e+89
0	0.08	3.10879696070649e+68
0.0022	0.08	-6.59134035226851e+68
0.0044	0.08	1.81819244680051e+69
0.0066	0.08	-5.24841129524592e+69
0.0088	0.08	1.50066536029707e+70
0.011	0.08	-3.85293474572138e+70
0.0132	0.08	1.5573037592324e+71
0.0154	0.08	-3.75056435626905e+71
0.0176	0.08	8.94135312068186e+71
0.0198	0.08	-5.54346523790724e+72
0.022	0.08	9.55051772839677e+72
0.0242	0.08	-2.49190265201618e+73
0.0264	0.08	1.3721435224808e+74
0.0286	0.08	-3.50441674731668e+74
0.0308	0.08	1.80761682547011e+75
0.033	0.08	4.98543359021085e+74
0.0352	0.08	2.53460260696572e+76
0.0374	0.08	-1.9770724649063e+77
0.0396	0.08	-1.14062723065976e+77
0.0418	0.08	-3.77997998962212e+78
0.044	0.08	4.90849786192921e+78
0.0462	0.08	-3.00084988312333e+79
0.0484	0.08	1.19372811610819e+80
0.0506	0.08	-1.35880443924478e+81
0.0528	0.08	1.35686836274973e+82
0.055	0.08	-1.03304162151448e+83
0.0572	0.08	7.81697917272784e+83
0.0594	0.08	-5.87359115341801e+84
0.0616	0.08	4.33802253394026e+85
0.0638	0.08	-3.07702810918658e+86
0.066	0.08	1.9761183140738e+87
0.0682	0.08	-9.30244089224769e+87
0.0704	0.08	-1.64810724147388e+88
0.0726	0.08	1.42104251659535e+90
0.0748	0.08	-2.96755873483356e+91
0.077	0.08	-4.61217379699241e+91
0.0792	0.08	-5.46557368486106e+91
0.0814	0.08	-1.68714092536905e+92
0.0836	0.08	-1.22789946749181e+92
0.0858	0.08	-1.90356529894514e+92
0.088	0.08	-6.20645783256276e+92
0.0902	0.08	-3.7235600143507e+92
0.0924	0.08	3.67791227215124e+90
0.0946	0.08	2.88706945549254e+91
0.0968	0.08	1.62542092730625e+91
0.099	0.08	2.02526898757886e+90
0.1012	0.08	2.10928344263962e+90
0.1034	0.08	5.19268074393496e+89
0.1056	0.08	3.80257445581764e+89
0.1078	0.08	7.81699326433217e+89
0.11	0.08	8.65824805059643e+89
0	0.0832	-1.23394724664777e+68
0.0022	0.0832	3.55190935459086e+68
0.0044	0.0832	-1.02247443279822e+69
0.0066	0.0832	3.10057161140537e+69
0.0088	0.0832	-1.06176690334824e+70
0.011	0.0832	4.27418619138494e+70
0.0132	0.0832	-1.03816140370458e+71
0.0154	0.0832	4.86543393969804e+71
0.0176	0.0832	-1.97429859446022e+72
0.0198	0.0832	3.92756025470304e+72
0.022	0.0832	-2.28625577838813e+73
0.0242	0.0832	8.49307980704056e+73
0.0264	0.0832	-2.38617677142359e+74
0.0286	0.0832	1.04911628696079e+75
0.0308	0.0832	-3.4210496352771e+75
0.033	0.0832	2.05048935006798e+76
0.0352	0.0832	-4.89196027686678e+76
0.0374	0.0832	8.3932314504911e+76
0.0396	0.0832	-1.27928413529631e+78
0.0418	0.0832	4.55393409622132e+77
0.044	0.0832	-1.41646182402508e+79
0.0462	0.0832	4.92482758641074e+79
0.0484	0.0832	-2.68070284006078e+80
0.0506	0.0832	2.65586955240956e+81
0.0528	0.0832	-2.35104517789202e+82
0.055	0.0832	1.82747085435389e+83
0.0572	0.0832	-1.42638877093972e+84
0.0594	0.0832	1.12690232034176e+85
0.0616	0.0832	-9.10821090249704e+85
0.0638	0.0832	7.65745794502979e+86
0.066	0.0832	-6.84240798634312e+87
0.0682	0.0832	6.6333521830878e+88
0.0704	0.0832	-7.04361609747423e+89
0.0726	0.0832	8.13118344054102e+90
0.0748	0.0832	-1.00036744707849e+92
0.077	0.0832	-1.26238006955195e+92
0.0792	0.0832	-1.35094714817601e+92
0.0814	0.0832	-1.43429349054438e+92
0.0836	0.0832	-1.20928006090249e+92
0.0858	0.0832	-1.24340862475373e+92
0.088	0.0832	-4.52117384259438e+92
0.0902	0.0832	-3.90127863981966e+92
0.0924	0.0832	-8.56551513780698e+91
0.0946	0.0832	3.1274940743761e+91
0.0968	0.0832	8.63324419495232e+90
0.099	0.0832	1.08120439320154e+90
0.1012	0.0832	-1.3366271500306e+90
0.1034	0.0832	-8.9724256388895e+88
0.1056	0.0832	7.2679403951242e+89
0.1078	0.0832	9.59028663795032e+89
0.11	0.0832	1.05294171127014e+90
0	0.0864	-2.73028428139376e+67
0.0022	0.0864	-3.01994004181997e+68
0.0044	0.0864	1.23113330862878e+69
0.0066	0.0864	-4.21038019986678e+69
0.0088	0.0864	1.31958178018721e+70
0.011	0.0864	-3.53651883230643e+70
0.0132	0.0864	1.59413402576673e+71
0.0154	0.0864	-3.90135631980929e+71
0.0176	0.0864	1.01876671965866e+72
0.0198	0.0864	-6.50399766011341e+72
0.022	0.0864	1.27260353517322e+73
0.0242	0.0864	-3.93793011594827e+73
0.0264	0.0864	2.04369431707951e+74
0.0286	0.0864	-6.33075103821686e+74
0.0308	0.0864	3.10425013780714e+75
0.033	0.0864	-4.75627472725558e+75
0.0352	0.0864	5.34039651554432e+76
0.0374	0.0864	-3.25743032723259e+77
0.0396	0.0864	3.06140318426198e+77
0.0418	0.0864	-6.54029085488745e+78
0.044	0.0864	1.36785801146001e+79
0.0462	0.0864	-7.92410325216838e+79
0.0484	0.0864	3.92041592812196e+80
0.0506	0.0864	-3.62803611729153e+81
0.0528	0.0864	2.9994590162156e+82
0.055	0.0864	-2.29246453585151e+83
0.0572	0.0864	1.71542938649672e+84
0.0594	0.0864	-1.23582286634093e+85
0.0616	0.0864	8.24888949556876e+85
0.0638	0.0864	-4.58377751979128e+86
0.066	0.0864	1.14882693143596e+87
0.0682	0.0864	2.25633259198371e+88
0.0704	0.0864	-5.83206407796047e+89
0.0726	0.0864	9.79240208565702e+90
0.0748	0.0864	-1.4379747821587e+92
0.077	0.0864	-1.68740300716551e+92
0.0792	0.0864	-1.7472545533251e+92
0.0814	0.0864	-2.05522475693782e+92
0.0836	0.0864	-2.25406354828972e+92
0.0858	0.0864	-2.60877130716974e+92
0.088	0.0864	-4.98928951340673e+92
0.0902	0.0864	-2.89339920683445e+92
0.0924	0.0864	1.55947667990315e+91
0.0946	0.0864	1.40450650157289e+91
0.0968	0.0864	1.07356114128339e+91
0.099	0.0864	1.6196640420767e+89
0.1012	0.0864	8.09369363856938e+89
0.1034	0.0864	7.04891465550945e+89
0.1056	0.0864	6.34434139554449e+89
0.1078	0.0864	1.04761590005101e+90
0.11	0.0864	1.10536903051976e+90
0	0.0896	5.99309928950221e+68
0.0022	0.0896	-4.52859590631296e+68
0.0044	0.0896	2.23751360686479e+68
0.0066	0.0896	6.37601882428111e+68
0.0088	0.0896	-5.21316954677567e+69
0.011	0.0896	3.11136924598045e+70
0.0132	0.0896	-7.20921037734694e+70
0.0154	0.0896	4.35665906183446e+71
0.0176	0.0896	-1.88394039113477e+72
0.0198	0.0896	3.53090471823479e+72
0.022	0.0896	-2.30649396378149e+73
0.0242	0.0896	8.63734643631118e+73
0.0264	0.0896	-2.4087422593632e+74
0.0286	0.0896	1.08039894436529e+75
0.0308	0.0896	-3.53734204658262e+75
0.033	0.0896	2.16466295719338e+76
0.0352	0.0896	-4.97074681965584e+76
0.0374	0.0896	8.94558215768005e+76
0.0396	0.0896	-1.49507608352971e+78
0.0418	0.0896	6.72193093627558e+77
0.044	0.0896	-2.08153368861228e+79
0.0462	0.0896	8.08132038714092e+79
0.0484	0.0896	-4.95635179314497e+80
0.0506	0.0896	4.37243604536454e+81
0.0528	0.0896	-3.52722532082028e+82
0.055	0.0896	2.92214909614254e+83
0.0572	0.0896	-2.47154819081737e+84
0.0594	0.0896	2.14565181495714e+85
0.0616	0.0896	-1.92364810816197e+86
0.0638	0.0896	1.79154930165067e+87
0.066	0.0896	-1.74116475076791e+88
0.0682	0.0896	1.7695128742482e+89
0.0704	0.0896	-1.878613417496e+90
0.0726	0.0896	2.07564007782386e+91
0.0748	0.0896	-2.37344236089724e+92
0.077	0.0896	-2.73817104684952e+92
0.0792	0.0896	-2.82930997772436e+92
0.0814	0.0896	-3.19982139940363e+92
0.0836	0.0896	-3.33061663106405e+92
0.0858	0.0896	-3.72110258149743e+92
0.088	0.0896	-3.40232025063776e+92
0.0902	0.0896	-3.21150106564006e+92
0.0924	0.0896	-9.19175133096046e+91
0.0946	0.0896	2.46687948315811e+91
0.0968	0.0896	1.61539630705087e+90
0.099	0.0896	1.28843552267987e+90
0.1012	0.0896	-4.75023962325795e+89
0.1034	0.0896	2.03643334706906e+89
0.1056	0.0896	9.88620930680312e+89
0.1078	0.0896	1.2613484504695e+90
0.11	0.0896	1.30713052322321e+90
0	0.0928	-7.2284861432377e+68
0.0022	0.0928	1.11890555013794e+69
0.0044	0.0928	-1.98564872973151e+69
0.0066	0.0928	3.72131105903826e+69
0.0088	0.0928	-8.03115795321215e+69
0.011	0.0928	2.54882468000376e+70
0.0132	0.0928	-1.39023697585252e+70
0.0154	0.0928	1.58074261209978e+71
0.0176	0.0928	-6.69591173110231e+71
0.0198	0.0928	-1.55273430389721e+72
0.022	0.0928	-3.81992696083241e+72
0.0242	0.0928	1.21858051792328e+73
0.0264	0.0928	4.60885438724057e+73
0.0286	0.0928	-8.01860311136134e+73
0.0308	0.0928	1.26848133335523e+75
0.033	0.0928	1.89487653990839e+75
0.0352	0.0928	3.62584390965711e+76
0.0374	0.0928	-2.76732514803662e+77
0.0396	0.0928	4.47495022942847e+75
0.0418	0.0928	-6.53317258567556e+78
0.044	0.0928	9.89433821019189e+78
0.0462	0.0928	-7.74357699943261e+79
0.0484	0.0928	4.14659395165504e+80
0.0506	0.0928	-3.40177316052003e+81
0.0528	0.0928	2.33443665795842e+82
0.055	0.0928	-1.79794912780981e+83
0.0572	0.0928	1.37739376481091e+84
0.0594	0.0928	-1.03909059401223e+85
0.0616	0.0928	7.59514923468056e+85
0.0638	0.0928	-5.19368202440172e+86
0.066	0.0928	3.02082970621297e+87
0.0682	0.0928	-9.25926690571623e+87
0.0704	0.0928	-1.23779943392542e+89
0.0726	0.0928	3.62405023302873e+90
0.0748	0.0928	-6.40483555267624e+91
0.077	0.0928	-6.94442592014463e+91
0.0792	0.0928	-6.99627396298959e+91
0.0814	0.0928	-7.54510391678208e+91
0.0836	0.0928	-7.67776375441023e+91
0.0858	0.0928	-8.22449732974606e+91
0.088	0.0928	-9.64753752936616e+91
0.0902	0.0928	-1.17391486447022e+92
0.0924	0.0928	-1.86191530653548e+89
0.0946	0.0928	1.13222303370229e+91
0.0968	0.0928	7.10321139566373e+90
0.099	0.0928	-7.98717194570714e+89
0.1012	0.0928	5.27081414176337e+89
0.1034	0.0928	9.68644642848991e+89
0.1056	0.0928	1.00859088977161e+90
0.1078	0.0928	1.39578794299749e+90
0.11	0.0928	1.39948255407361e+90
0	0.096	5.35727410771347e+68
0.0022	0.096	-8.44407411020268e+68
0.0044	0.096	1.98682210444648e+69
0.0066	0.096	-5.46739647060422e+69
0.0088	0.096	1.46535408265269e+70
0.011	0.096	-3.23187709868698e+70
0.0132	0.096	1.40922738014974e+71
0.0154	0.096	-2.38388260599029e+71
0.0176	0.096	3.66271461658912e+71
0.0198	0.096	-4.37926610247261e+72
0.022	0.096	2.72565442492363e+72
0.0242	0.096	-2.89598101341765e+72
0.0264	0.096	7.75707604225693e+73
0.0286	0.096	-1.05317963406474e+74
0.0308	0.096	1.02641438864854e+75
0.033	0.096	4.70517668067355e+75
0.0352	0.096	2.05096883721634e+76
0.0374	0.096	-1.83066517633571e+77
0.0396	0.096	-6.25741503493432e+77
0.0418	0.096	-3.67698138057701e+78
0.044	0.096	-9.530877862712e+78
0.0462	0.096	2.83317140065383e+79
0.0484	0.096	-2.94188721683594e+80
0.0506	0.096	1.77556910892003e+81
0.0528	0.096	-8.96928596050311e+81
0.055	0.096	5.70779612073718e+82
0.0572	0.096	-3.29897384909766e+83
0.0594	0.096	1.49649904700447e+84
0.0616	0.096	-1.57856939906895e+84
0.0638	0.096	-8.17790546643016e+85
0.066	0.096	1.49825336656143e+87
0.0682	0.096	-1.92352015550571e+88
0.0704	0.096	2.10855654977461e+89
0.0726	0.096	-2.04393943324113e+90
0.0748	0.096	1.69437308478716e+91
0.077	0.096	1.89872990482571e+91
0.0792	0.096	1.94079057836601e+91
0.0814	0.096	2.15400204382435e+91
0.0836	0.096	2.23024750988635e+91
0.0858	0.096	2.4519657637585e+91
0.088	0.096	2.8660390267518e+91
0.0902	0.096	3.49443284317146e+91
0.0924	0.096	6.60573704197716e+90
0.0946	0.096	4.1193150109359e+90
0.0968	0.096	2.77282134094104e+90
0.099	0.096	3.03688304162035e+89
0.1012	0.096	1.31592775917265e+89
0.1034	0.096	7.63112768692881e+89
0.1056	0.096	1.3715357883798e+90
0.1078	0.096	1.66505662900335e+90
0.11	0.096	1.61919070755315e+90
0	0.0992	-5.16873172981998e+68
0.0022	0.0992	1.04715567433604e+69
0.0044	0.0992	-2.22294895493244e+69
0.0066	0.0992	4.89053919609724e+69
0.0088	0.0992	-1.27395865365328e+70
0.011	0.0992	4.40881374303945e+70
0.0132	0.0992	-7.49165471008531e+70
0.0154	0.0992	4.08208812186969e+71
0.0176	0.0992	-1.54636718358561e+72
0.0198	0.0992	1.17464119670593e+72
0.022	0.0992	-1.4537924587762e+73
0.0242	0.0992	4.85874579383133e+73
0.0264	0.0992	-7.47086642353197e+73
0.0286	0.0992	3.91832590602736e+74
0.0308	0.0992	-4.99813976126736e+74
0.033	0.0992	9.37227958358238e+75
0.0352	0.0992	1.17572993762188e+76
0.0374	0.0992	-1.76340846747265e+77
0.0396	0.0992	-6.21834980161579e+77
0.0418	0.0992	-4.9300705164373e+78
0.044	0.0992	-4.10389578808556e+78
0.0462	0.0992	-2.39831953139826e+79
0.0484	0.0992	9.87633692528864e+79
0.0506	0.0992	-6.20593951318746e+80
0.0528	0.0992	8.97369718630104e+80
0.055	0.0992	2.735860921797e+81
0.0572	0.0992	-9.69346315925956e+82
0.0594	0.0992	1.34972842015744e+84
0.0616	0.0992	-1.50149073699079e+85
0.0638	0.0992	1.48750861120991e+86
0.066	0.0992	-1.35409589609571e+87
0.0682	0.0992	1.13635514700191e+88
0.0704	0.0992	-8.62555959979771e+88
0.0726	0.0992	5.57987436855356e+89
0.0748	0.0992	-2.4867713935294e+90
0.077	0.0992	-2.9677692823218e+90
0.0792	0.0992	-3.10556638390889e+90
0.0814	0.0992	-3.62341821705659e+90
0.0836	0.0992	-3.86183584102564e+90
0.0858	0.0992	-4.41994953446357e+90
0.088	0.0992	-5.52891477535181e+90
0.0902	0.0992	-7.15681273046759e+90
0.0924	0.0992	-1.37773118915017e+89
0.0946	0.0992	5.99271791853417e+89
0.0968	0.0992	9.452831863343e+89
0.099	0.0992	1.06254820404111e+90
0.1012	0.0992	1.14568748296315e+90
0.1034	0.0992	1.52320995537625e+90
0.1056	0.0992	1.52553211294894e+90
0.1078	0.0992	1.86093220840322e+90
0.11	0.0992	1.75386727760091e+90
0	0.1024	1.38239206213307e+68
0.0022	0.1024	-6.94061016171388e+68
0.0044	0.1024	2.47482277492093e+69
0.0066	0.1024	-8.1301442707018e+69
0.0088	0.1024	2.43472619975853e+70
0.011	0.1024	-6.42132213474966e+70
0.0132	0.1024	2.54410745452001e+71
0.0154	0.1024	-5.85354105502551e+71
0.0176	0.1024	1.54706352963632e+72
0.0198	0.1024	-8.76671426248153e+72
0.022	0.1024	1.65716231106086e+73
0.0242	0.1024	-5.1894082339337e+73
0.0264	0.1024	2.57662339176425e+74
0.0286	0.1024	-7.72817185440133e+74
0.0308	0.1024	3.63064833623934e+75
0.033	0.1024	-4.70601508314634e+75
0.0352	0.1024	6.21375202020055e+76
0.0374	0.1024	-3.42213622274742e+77
0.0396	0.1024	-2.27865005626954e+77
0.0418	0.1024	-6.35123632771674e+78
0.044	0.1024	-6.25189436739591e+78
0.0462	0.1024	6.42588481782039e+77
0.0484	0.1024	-1.84734245697821e+80
0.0506	0.1024	-6.39931406737321e+79
0.0528	0.1024	1.69450210292856e+81
0.055	0.1024	-1.7178721765473e+82
0.0572	0.1024	1.5968093787032e+83
0.0594	0.1024	-1.40167182721683e+84
0.0616	0.1024	1.17212962490666e+85
0.0638	0.1024	-9.35699901744956e+85
0.066	0.1024	7.11639280336689e+86
0.0682	0.1024	-5.13545487768029e+87
0.0704	0.1024	3.51131188312005e+88
0.0726	0.1024	-2.31346955228364e+89
0.0748	0.1024	1.58951090391188e+90
0.077	0.1024	1.80608932767693e+90
0.0792	0.1024	1.8642562246096e+90
0.0814	0.1024	2.09439890238108e+90
0.0836	0.1024	2.1910576457091e+90
0.0858	0.1024	2.43769580208578e+90
0.088	0.1024	2.76956701755427e+90
0.0902	0.1024	3.30114158268119e+90
0.0924	0.1024	1.59272998824966e+90
0.0946	0.1024	1.49291672372797e+90
0.0968	0.1024	1.45969666527722e+90
0.099	0.1024	1.51762152676207e+90
0.1012	0.1024	1.55719487847197e+90
0.1034	0.1024	1.69779593806387e+90
0.1056	0.1024	1.93148059916305e+90
0.1078	0.1024	2.20372490742932e+90
0.11	0.1024	1.99705527944636e+90
0	0.1056	3.65743767070348e+68
0.0022	0.1056	-8.58555130103383e+67
0.0044	0.1056	-4.25685524449704e+68
0.0066	0.1056	1.60482716664031e+69
0.0088	0.1056	-6.9077446885578e+69
0.011	0.1056	3.63359930644651e+70
0.0132	0.1056	-6.63106587955463e+70
0.0154	0.1056	4.75872797543049e+71
0.0176	0.1056	-1.91905056454942e+72
0.0198	0.1056	2.47560565786084e+72
0.022	0.1056	-2.14125536567975e+73
0.0242	0.1056	7.42508254396128e+73
0.0264	0.1056	-1.65687409012744e+74
0.0286	0.1056	7.82865904987426e+74
0.0308	0.1056	-2.07641661461119e+75
0.033	0.1056	1.66547405692619e+76
0.0352	0.1056	-1.36081306784121e+76
0.0374	0.1056	-6.14751226038224e+76
0.0396	0.1056	-1.36958497404494e+78
0.0418	0.1056	-2.89651869360333e+78
0.044	0.1056	-2.19875199554568e+79
0.0462	0.1056	3.97139458822482e+79
0.0484	0.1056	8.79513222492229e+78
0.0506	0.1056	1.9438688237735e+80
0.0528	0.1056	-1.78131825502178e+81
0.055	0.1056	1.44622130077192e+82
0.0572	0.1056	-1.12918768737436e+83
0.0594	0.1056	8.46410875156516e+83
0.0616	0.1056	-6.03446163461609e+84
0.0638	0.1056	4.01227741027085e+85
0.066	0.1056	-2.37704168438074e+86
0.0682	0.1056	1.08854169975223e+87
0.0704	0.1056	-9.3141090959532e+86
0.0726	0.1056	-6.72608571888817e+88
0.0748	0.1056	1.28011180955139e+90
0.077	0.1056	1.33625647033527e+90
0.0792	0.1056	1.33700896415393e+90
0.0814	0.1056	1.38916917642824e+90
0.0836	0.1056	1.38796183297757e+90
0.0858	0.1056	1.43588586498365e+90
0.088	0.1056	1.38208962407663e+90
0.0902	0.1056	1.3565126602971e+90
0.0924	0.1056	1.82906299753858e+90
0.0946	0.1056	1.97510266858696e+90
0.0968	0.1056	2.0351391531781e+90
0.099	0.1056	2.1450829737806e+90
0.1012	0.1056	2.19634767334715e+90
0.1034	0.1056	2.28933144612058e+90
0.1056	0.1056	2.30407694783923e+90
0.1078	0.1056	2.4683039361857e+90
0.11	0.1056	2.18317357349237e+90
0	0.1088	-3.98223308576753e+68
0.0022	0.1088	4.60237727296144e+68
0.0044	0.1088	-1.19585891589825e+68
0.0066	0.1088	-1.81428553163804e+69
0.0088	0.1088	7.18369270970951e+69
0.011	0.1088	-1.36432324871216e+70
0.0132	0.1088	1.10299868092405e+71
0.0154	0.1088	-1.05293117385884e+71
0.0176	0.1088	5.75999277581391e+70
0.0198	0.1088	-4.44080824939014e+72
0.022	0.1088	1.44504576675375e+72
0.0242	0.1088	-4.32959229453308e+72
0.0264	0.1088	1.09975555735505e+74
0.0286	0.1088	-2.35409911372316e+74
0.0308	0.1088	1.76806651595522e+75
0.033	0.1088	2.57988342681661e+75
0.0352	0.1088	4.17594393018196e+76
0.0374	0.1088	-2.66262014169245e+77
0.0396	0.1088	-7.40807881086498e+77
0.0418	0.1088	-5.84505910520223e+78
0.044	0.1088	5.31343868232742e+78
0.0462	0.1088	-9.39496686306281e+78
0.0484	0.1088	1.61407661016865e+79
0.0506	0.1088	-1.68584350309661e+80
0.0528	0.1088	1.32653746220205e+81
0.055	0.1088	-1.00376058958288e+82
0.0572	0.1088	7.45874913304937e+82
0.0594	0.1088	-5.46099657552549e+83
0.0616	0.1088	3.9618272414493e+84
0.0638	0.1088	-2.88048013829777e+85
0.066	0.1088	2.14247025318512e+86
0.0682	0.1088	-1.68206083612365e+87
0.0704	0.1088	1.44365685492608e+88
0.0726	0.1088	-1.38265998968243e+89
0.0748	0.1088	1.46615718415091e+90
0.077	0.1088	1.57269825350395e+90
0.0792	0.1088	1.59314713035462e+90
0.0814	0.1088	1.70163869538906e+90
0.0836	0.1088	1.73254357499426e+90
0.0858	0.1088	1.84401064580222e+90
0.088	0.1088	1.89842577102511e+90
0.0902	0.1088	2.03184632479796e+90
0.0924	0.1088	1.96183298105173e+90
0.0946	0.1088	2.05273337676557e+90
0.0968	0.1088	2.0970062922132e+90
0.099	0.1088	2.20109603270183e+90
0.1012	0.1088	2.25759680511639e+90
0.1034	0.1088	2.37096720711193e+90
0.1056	0.1088	2.44728076844331e+90
0.1078	0.1088	2.54840977417987e+90
0.11	0.1088	2.64149269779433e+90
0	0.112	3.94636226953872e+68
0.0022	0.112	-4.64813963136898e+68
0.0044	0.112	8.32824304657674e+68
0.0066	0.112	-2.10431160789168e+69
0.0088	0.112	3.49491691003038e+69
0.011	0.112	7.34929601096701e+69
0.0132	0.112	2.83770892001546e+70
0.0154	0.112	2.23429456481685e+71
0.0176	0.112	-1.10037165075548e+72
0.0198	0.112	-6.05306137705678e+71
0.022	0.112	-1.25673495613126e+73
0.0242	0.112	4.30073475152987e+73
0.0264	0.112	-4.91537275631594e+73
0.0286	0.112	3.65071839021937e+74
0.0308	0.112	-4.49171256370068e+74
0.033	0.112	1.11765912590321e+76
0.0352	0.112	1.31723262905841e+76
0.0374	0.112	-1.58169464635142e+77
0.0396	0.112	-1.25785269124049e+78
0.0418	0.112	1.29096042686745e+78
0.044	0.112	-1.35337119816807e+78
0.0462	0.112	3.27164569274782e+78
0.0484	0.112	-1.45775949228107e+79
0.0506	0.112	1.15900194495886e+80
0.0528	0.112	-8.62763407198738e+80
0.055	0.112	6.32187226841141e+81
0.0572	0.112	-4.59544775651418e+82
0.0594	0.112	3.32449270274653e+83
0.0616	0.112	-2.40289015538196e+84
0.0638	0.112	1.74278263086383e+85
0.066	0.112	-1.27247155276972e+86
0.0682	0.112	9.34093485163691e+86
0.0704	0.112	-6.81291316482974e+87
0.0726	0.112	4.76952066948653e+88
0.0748	0.112	-2.91016271729993e+89
0.077	0.112	-3.21164355806754e+89
0.0792	0.112	-3.28714428185837e+89
0.0814	0.112	-3.59897680733855e+89
0.0836	0.112	-3.70953562176366e+89
0.0858	0.112	-4.0355334629085e+89
0.088	0.112	-4.21566472711593e+89
0.0902	0.112	-4.60660797550982e+89
0.0924	0.112	-4.47735975232604e+89
0.0946	0.112	-4.7626098463246e+89
0.0968	0.112	-4.93419459276478e+89
0.099	0.112	-5.26213711873641e+89
0.1012	0.112	-5.47575243309925e+89
0.1034	0.112	-5.83801994526064e+89
0.1056	0.112	-6.11474146968636e+89
0.1078	0.112	-6.45795518374016e+89
0.11	0.112	-6.79079835975282e+89
0	0.1152	-2.83087262950465e+68
0.0022	0.1152	6.06090727578816e+68
0.0044	0.1152	-7.98595626128889e+68
0.0066	0.1152	1.64182440976799e+68
0.0088	0.1152	9.78447735540198e+68
0.011	0.1152	6.82262580319659e+69
0.0132	0.1152	5.50357677498344e+70
0.0154	0.1152	1.11104526194183e+71
0.0176	0.1152	-6.02092225129845e+71
0.0198	0.1152	-2.79177280142299e+72
0.022	0.1152	-5.18191801039167e+72
0.0242	0.1152	1.527045091475e+73
0.0264	0.1152	5.58853327279407e+73
0.0286	0.1152	-3.13911706414199e+73
0.0308	0.1152	1.10850702716179e+75
0.033	0.1152	5.59162827836051e+75
0.0352	0.1152	3.72045163308855e+76
0.0374	0.1152	-2.44041649957865e+77
0.0396	0.1152	2.74215601172165e+77
0.0418	0.1152	-2.89989662888259e+77
0.044	0.1152	4.1324097767895e+77
0.0462	0.1152	-1.55345703999527e+78
0.0484	0.1152	9.52566403353405e+78
0.0506	0.1152	-7.00462783722636e+79
0.0528	0.1152	5.03490415290987e+80
0.055	0.1152	-3.58373722023177e+81
0.0572	0.1152	2.53192071523542e+82
0.0594	0.1152	-1.77606271289212e+83
0.0616	0.1152	1.23617640006919e+84
0.0638	0.1152	-8.5161383237581e+84
0.066	0.1152	5.77230912961747e+85
0.0682	0.1152	-3.80204359802282e+86
0.0704	0.1152	2.37446639935099e+87
0.0726	0.1152	-1.33550995430065e+88
0.0748	0.1152	5.92063007720143e+88
0.077	0.1152	6.75653367241437e+88
0.0792	0.1152	7.00014552393638e+88
0.0814	0.1152	7.87642145832217e+88
0.0836	0.1152	8.23112696405146e+88
0.0858	0.1152	9.16088572136319e+88
0.088	0.1152	9.71847171075948e+88
0.0902	0.1152	1.08380069890958e+89
0.0924	0.1152	1.06248666554935e+89
0.0946	0.1152	1.14829596101014e+89
0.0968	0.1152	1.20653184808084e+89
0.099	0.1152	1.30576128227381e+89
0.1012	0.1152	1.37770615027221e+89
0.1034	0.1152	1.48867508612939e+89
0.1056	0.1152	1.58022481645693e+89
0.1078	0.1152	1.68972127283283e+89
0.11	0.1152	1.79937258854054e+89
0	0.1184	1.76508849477756e+68
0.0022	0.1184	-3.42101568779862e+68
0.0044	0.1184	1.12555175265937e+69
0.0066	0.1184	-3.65549078119972e+69
0.0088	0.1184	8.44856857324347e+69
0.011	0.1184	-7.08271514048598e+69
0.0132	0.1184	8.38823803956598e+70
0.0154	0.1184	8.96852205253182e+70
0.0176	0.1184	-6.2613690599006e+71
0.0198	0.1184	-2.67237155049136e+72
0.022	0.1184	-7.04838641637578e+72
0.0242	0.1184	2.22169120484642e+73
0.0264	0.1184	3.33261685446384e+73
0.0286	0.1184	7.32416281245282e+73
0.0308	0.1184	7.12044564218657e+74
0.033	0.1184	7.51412080744259e+75
0.0352	0.1184	-1.13196532120486e+76
0.0374	0.1184	4.97122642529359e+76
0.0396	0.1184	-5.90875980388988e+76
0.0418	0.1184	7.11631187591108e+76
0.044	0.1184	-1.5741552927344e+77
0.0462	0.1184	8.12249960704194e+77
0.0484	0.1184	-5.417487994323e+78
0.0506	0.1184	3.81790152266507e+79
0.0528	0.1184	-2.65500026080618e+80
0.055	0.1184	1.82702602066376e+81
0.0572	0.1184	-1.24337550830536e+82
0.0594	0.1184	8.35017835091274e+82
0.0616	0.1184	-5.51318329011731e+83
0.0638	0.1184	3.55647904229547e+84
0.066	0.1184	-2.21862460248442e+85
0.0682	0.1184	1.3156052928855e+86
0.0704	0.1184	-7.19588793722272e+86
0.0726	0.1184	3.42510196494021e+87
0.0748	0.1184	-1.23368700192848e+88
0.077	0.1184	-1.46241746928414e+88
0.0792	0.1184	-1.53610489674172e+88
0.0814	0.1184	-1.77877114256995e+88
0.0836	0.1184	-1.88641781916359e+88
0.0858	0.1184	-2.14730752766724e+88
0.088	0.1184	-2.31343513791649e+88
0.0902	0.1184	-2.62921500948757e+88
0.0924	0.1184	-2.60304921592512e+88
0.0946	0.1184	-2.85448101702933e+88
0.0968	0.1184	-3.03942753637402e+88
0.099	0.1184	-3.332096850859e+88
0.1012	0.1184	-3.56020020573515e+88
0.1034	0.1184	-3.89109789037451e+88
0.1056	0.1184	-4.17892198207516e+88
0.1078	0.1184	-4.51543771468177e+88
0.11	0.1184	-4.86005655667427e+88
0	0.1216	-4.85664279662409e+67
0.0022	0.1216	3.37820764242135e+68
0.0044	0.1216	-4.83144232565546e+68
0.0066	0.1216	-2.03468196800844e+68
0.0088	0.1216	6.3894514108894e+68
0.011	0.1216	1.13451571828079e+70
0.0132	0.1216	4.69531785689031e+70
0.0154	0.1216	1.9353914805996e+71
0.0176	0.1216	-8.45040601660403e+71
0.0198	0.1216	-2.4701469527373e+72
0.022	0.1216	-7.82065105154747e+72
0.0242	0.1216	2.21008234029638e+73
0.0264	0.1216	4.31000424809299e+73
0.0286	0.1216	3.43500001180153e+73
0.0308	0.1216	9.15825924967224e+74
0.033	0.1216	-1.69551893549523e+75
0.0352	0.1216	2.97738793336422e+75
0.0374	0.1216	-1.02765504466253e+76
0.0396	0.1216	1.31800652841672e+76
0.0418	0.1216	-2.03014211182044e+76
0.044	0.1216	6.93962098744504e+76
0.0462	0.1216	-4.16276451788365e+77
0.0484	0.1216	2.79562156988173e+78
0.0506	0.1216	-1.90170339016367e+79
0.0528	0.1216	1.27720925033128e+80
0.055	0.1216	-8.46292948819546e+80
0.0572	0.1216	5.51937110901316e+81
0.0594	0.1216	-3.52951277078889e+82
0.0616	0.1216	2.20070326594885e+83
0.0638	0.1216	-1.32684834045526e+84
0.066	0.1216	7.63910243229827e+84
0.0682	0.1216	-4.11813859734601e+85
0.0704	0.1216	2.01216600418653e+86
0.0726	0.1216	-8.39569622877574e+86
0.0748	0.1216	2.62826478797984e+87
0.077	0.1216	3.24855501540267e+87
0.0792	0.1216	3.46343552616329e+87
0.0814	0.1216	4.12877141563735e+87
0.0836	0.1216	4.44491481390496e+87
0.0858	0.1216	5.16884444847964e+87
0.088	0.1216	5.65199850271629e+87
0.0902	0.1216	6.53333947729332e+87
0.0924	0.1216	6.5361718826032e+87
0.0946	0.1216	7.25997739674928e+87
0.0968	0.1216	7.82466125005088e+87
0.099	0.1216	8.67292620592734e+87
0.1012	0.1216	9.3700479033697e+87
0.1034	0.1216	1.03386799668575e+88
0.1056	0.1216	1.12148862437947e+88
0.1078	0.1216	1.222368244654e+88
0.11	0.1216	1.32743311835583e+88
0	0.1248	4.25893624093572e+67
0.0022	0.1248	-1.22426395647205e+68
0.0044	0.1248	9.18802723859907e+68
0.0066	0.1248	-3.52745515997851e+69
0.0088	0.1248	8.15579099444275e+69
0.011	0.1248	-5.63363617320737e+69
0.0132	0.1248	9.225846673098e+70
0.0154	0.1248	1.1068415402576e+71
0.0176	0.1248	-6.37456076586872e+71
0.0198	0.1248	-3.19309191603274e+72
0.022	0.1248	-6.84315152518839e+72
0.0242	0.1248	1.90893606740289e+73
0.0264	0.1248	5.54764875104485e+73
0.0286	0.1248	4.13162030220077e+72
0.0308	0.1248	-1.96899152926039e+74
0.033	0.1248	3.8192589373088e+74
0.0352	0.1248	-7.38262604930202e+74
0.0374	0.1248	2.1734224416755e+75
0.0396	0.1248	-3.15671532655888e+75
0.0418	0.1248	6.89385209646452e+75
0.044	0.1248	-3.20029222665413e+76
0.0462	0.1248	2.01962542625119e+77
0.0484	0.1248	-1.33191050118676e+78
0.0506	0.1248	8.75423136714996e+78
0.0528	0.1248	-5.66957123111053e+79
0.055	0.1248	3.60974745556112e+80
0.0572	0.1248	-2.25160812091537e+81
0.0594	0.1248	1.36924525882e+82
0.0616	0.1248	-8.06315454653685e+82
0.0638	0.1248	4.55427189605088e+83
0.066	0.1248	-2.4334168639014e+84
0.0682	0.1248	1.20461939539291e+85
0.0704	0.1248	-5.34439358173072e+85
0.0726	0.1248	2.00650894183409e+86
0.0748	0.1248	-5.71000390335377e+86
0.077	0.1248	-7.38150915518037e+86
0.0792	0.1248	-7.99395904849397e+86
0.0814	0.1248	-9.80523196016188e+86
0.0836	0.1248	-1.07142361832256e+87
0.0858	0.1248	-1.2707022059378e+87
0.088	0.1248	-1.40893606193911e+87
0.0902	0.1248	-1.65303289118947e+87
0.0924	0.1248	-1.6711862354293e+87
0.0946	0.1248	-1.87694259265444e+87
0.0968	0.1248	-2.04496471451939e+87
0.099	0.1248	-2.28774580163513e+87
0.1012	0.1248	-2.49563707415864e+87
0.1034	0.1248	-2.77540032770247e+87
0.1056	0.1248	-3.03631145813743e+87
0.1078	0.1248	-3.33341877440314e+87
0.11	0.1248	-3.64701513015142e+87
0	0.128	7.87921478964847e+67
0.0022	0.128	1.23957112558708e+68
0.0044	0.128	-1.2773477673405e+68
0.0066	0.128	-6.85852523100902e+68
0.0088	0.128	5.97821398433163e+68
0.011	0.128	1.43930894677608e+70
0.0132	0.128	4.68807117261521e+70
0.0154	0.128	2.53872955975559e+71
0.0176	0.128	-9.95989193877032e+71
0.0198	0.128	-2.51047073640481e+72
0.022	0.128	-9.41110894397548e+72
0.0242	0.128	2.51298674913624e+73
0.0264	0.128	-1.21148543481229e+73
0.0286	0.128	-3.28272521358669e+72
0.0308	0.128	4.29041101528443e+73
0.033	0.128	-8.68277564443341e+73
0.0352	0.128	1.78201139044196e+74
0.0374	0.128	-4.78251128881278e+74
0.0396	0.128	8.48292660091361e+74
0.0418	0.128	-2.66317112670852e+75
0.044	0.128	1.45535148030706e+76
0.0462	0.128	-9.22847167512206e+76
0.0484	0.128	5.925071270625e+77
0.0506	0.128	-3.76271561520754e+78
0.0528	0.128	2.34829730304491e+79
0.055	0.128	-1.43579365882204e+80
0.0572	0.128	8.56453242759671e+80
0.0594	0.128	-4.95637596878179e+81
0.0616	0.128	2.76194830959833e+82
0.0638	0.128	-1.4668549467552e+83
0.066	0.128	7.3176739139782e+83
0.0682	0.128	-3.35695312110977e+84
0.0704	0.128	1.37071669541776e+85
0.0726	0.128	-4.72568399755717e+85
0.0748	0.128	1.26101496280573e+86
0.077	0.128	1.70934889583061e+86
0.0792	0.128	1.88126303208103e+86
0.0814	0.128	2.37177428826246e+86
0.0836	0.128	2.62935853243145e+86
0.0858	0.128	3.17466586906684e+86
0.088	0.128	3.56555644740176e+86
0.0902	0.128	4.2376946338591e+86
0.0924	0.128	4.32820618641332e+86
0.0946	0.128	4.90765786799896e+86
0.0968	0.128	5.39865323411763e+86
0.099	0.128	6.08695630167176e+86
0.1012	0.128	6.6961954278174e+86
0.1034	0.128	7.49603083443868e+86
0.1056	0.128	8.26059378795133e+86
0.1078	0.128	9.12413719570923e+86
0.11	0.128	1.00456753609371e+87
0	0.1312	2.33924998191713e+67
0.0022	0.1312	2.10149981312381e+67
0.0044	0.1312	6.6806014266513e+68
0.0066	0.1312	-2.88702583367274e+69
0.0088	0.1312	6.08962682008038e+69
0.011	0.1312	5.47901729212193e+68
0.0132	0.1312	8.99641677120202e+70
0.0154	0.1312	1.68274613490282e+71
0.0176	0.1312	-7.42410546626971e+71
0.0198	0.1312	-3.47765831545254e+72
0.022	0.1312	2.41564844555879e+72
0.0242	0.1312	-4.91880989753895e+72
0.0264	0.1312	2.43637728226429e+72
0.0286	0.1312	1.17731958919908e+72
0.0308	0.1312	-9.46662095045236e+72
0.033	0.1312	1.99168786330894e+73
0.0352	0.1312	-4.28951744175622e+73
0.0374	0.1312	1.12541032596683e+74
0.0396	0.1312	-2.61622349318416e+74
0.0418	0.1312	1.09010273786557e+75
0.044	0.1312	-6.37758505545894e+75
0.0462	0.1312	3.98502184623405e+76
0.0484	0.1312	-2.4832497422393e+77
0.0506	0.1312	1.52379956502457e+78
0.0528	0.1312	-9.16481543910975e+78
0.055	0.1312	5.38307254410054e+79
0.0572	0.1312	-3.0734312384261e+80
0.0594	0.1312	1.69540281544867e+81
0.0616	0.1312	-8.96424811886053e+81
0.0638	0.1312	4.49456255832462e+82
0.066	0.1312	-2.10553771580302e+83
0.0682	0.1312	9.02367246244416e+83
0.0704	0.1312	-3.42976217512772e+84
0.0726	0.1312	1.10351105286444e+85
0.0748	0.1312	-2.82082411437265e+85
0.077	0.1312	-4.019145067507e+85
0.0792	0.1312	-4.49656166807575e+85
0.0814	0.1312	-5.8196323504704e+85
0.0836	0.1312	-6.54191751540455e+85
0.0858	0.1312	-8.02731215993283e+85
0.088	0.1312	-9.12304752674797e+85
0.0902	0.1312	-1.09654934221757e+86
0.0924	0.1312	-1.13095741314118e+86
0.0946	0.1312	-1.29297066981191e+86
0.0968	0.1312	-1.43455213454696e+86
0.099	0.1312	-1.62825621167048e+86
0.1012	0.1312	-1.80449110039025e+86
0.1034	0.1312	-2.03134498710296e+86
0.1056	0.1312	-2.25268326583954e+86
0.1078	0.1312	-2.5011174225922e+86
0.11	0.1312	-2.76870818272913e+86
0	0.1344	1.38194636330558e+68
0.0022	0.1344	2.34202352567593e+67
0.0044	0.1344	1.03099404650546e+68
0.0066	0.1344	-8.44537619274862e+68
0.0088	0.1344	-1.19462575127026e+68
0.011	0.1344	1.79485246595223e+70
0.0132	0.1344	5.04903214097436e+70
0.0154	0.1344	3.05049738648199e+71
0.0176	0.1344	-1.09303978912954e+72
0.0198	0.1344	7.78189539300408e+71
0.022	0.1344	-5.69925381447438e+71
0.0242	0.1344	9.69512224469682e+71
0.0264	0.1344	-4.79709152337223e+71
0.0286	0.1344	-3.48912244788786e+71
0.0308	0.1344	2.11572715222879e+72
0.033	0.1344	-4.62951877923728e+72
0.0352	0.1344	1.05535006077585e+73
0.0374	0.1344	-2.92275734040502e+73
0.0396	0.1344	9.06357759746813e+73
0.0418	0.1344	-4.49259108264835e+74
0.044	0.1344	2.67704797546222e+75
0.0462	0.1344	-1.63496067845522e+76
0.0484	0.1344	9.87890420913282e+76
0.0506	0.1344	-5.85974722430614e+77
0.0528	0.1344	3.39828290642495e+78
0.055	0.1344	-1.91922296359385e+79
0.0572	0.1344	1.05028710420716e+80
0.0594	0.1344	-5.53397901895026e+80
0.0616	0.1344	2.78433954553634e+81
0.0638	0.1344	-1.32316035231989e+82
0.066	0.1344	5.85172878402703e+82
0.0682	0.1344	-2.35962006275575e+83
0.0704	0.1344	8.42886197080269e+83
0.0726	0.1344	-2.56381877709424e+84
0.0748	0.1344	6.36768483612645e+84
0.077	0.1344	9.561910843272e+84
0.0792	0.1344	1.08773943696911e+85
0.0814	0.1344	1.44350732722085e+85
0.0836	0.1344	1.64445375750854e+85
0.0858	0.1344	2.04762044937504e+85
0.088	0.1344	2.35271763334744e+85
0.0902	0.1344	2.85595016444851e+85
0.0924	0.1344	2.97293328553183e+85
0.0946	0.1344	3.42334090286109e+85
0.0968	0.1344	3.82746368962106e+85
0.099	0.1344	4.3693825820413e+85
0.1012	0.1344	4.87408259838487e+85
0.1034	0.1344	5.51338335955854e+85
0.1056	0.1344	6.14808332768428e+85
0.1078	0.1344	6.85700438690506e+85
0.11	0.1344	7.62672745188344e+85
0	0.1376	2.85142082006021e+67
0.0022	0.1376	1.43989191321817e+68
0.0044	0.1376	3.86521273161779e+68
0.0066	0.1376	-1.88779725466716e+69
0.0088	0.1376	2.97346151715751e+69
0.011	0.1376	8.69510471993943e+69
0.0132	0.1376	8.6089306583768e+70
0.0154	0.1376	-8.07877382259972e+70
0.0176	0.1376	2.176330944131e+71
0.0198	0.1376	-1.6676294856772e+71
0.022	0.1376	1.30249226569628e+71
0.0242	0.1376	-1.92138178025714e+71
0.0264	0.1376	9.23948991819952e+70
0.0286	0.1376	9.53640659683241e+70
0.0308	0.1376	-4.80098143235635e+71
0.033	0.1376	1.10082683906392e+72
0.0352	0.1376	-2.72500578738796e+72
0.0374	0.1376	8.51984824420642e+72
0.0396	0.1376	-3.36057107170821e+73
0.0418	0.1376	1.81728592420008e+74
0.044	0.1376	-1.07703198558761e+75
0.0462	0.1376	6.40791932023125e+75
0.0484	0.1376	-3.75416126289431e+76
0.0506	0.1376	2.15385962521343e+77
0.0528	0.1376	-1.20546921034303e+78
0.055	0.1376	6.55391665724342e+78
0.0572	0.1376	-3.44336519660821e+79
0.0594	0.1376	1.73677088991076e+80
0.0616	0.1376	-8.33910149924284e+80
0.0638	0.1376	3.77005684822962e+81
0.066	0.1376	-1.58165777728178e+82
0.0682	0.1376	6.03844681263546e+82
0.0704	0.1376	-2.04376126541962e+83
0.0726	0.1376	5.93714168767522e+83
0.0748	0.1376	-1.44504772190536e+84
0.077	0.1376	-2.29466284358462e+84
0.0792	0.1376	-2.65500118490278e+84
0.0814	0.1376	-3.60927229903802e+84
0.0836	0.1376	-4.16493679533407e+84
0.0858	0.1376	-5.25606057265889e+84
0.088	0.1376	-6.10107226856262e+84
0.0902	0.1376	-7.47154593513086e+84
0.0924	0.1376	-7.84581248594303e+84
0.0946	0.1376	-9.0921995631823e+84
0.0968	0.1376	-1.02364905000072e+85
0.099	0.1376	-1.1745297885651e+85
0.1012	0.1376	-1.31791630293951e+85
0.1034	0.1376	-1.49713118217533e+85
0.1056	0.1376	-1.67774932495827e+85
0.1078	0.1376	-1.87870387614604e+85
0.11	0.1376	-2.09843120495435e+85
0	0.1408	1.44537016316063e+68
0.0022	0.1408	-1.36475998612034e+67
0.0044	0.1408	2.40108518208953e+68
0.0066	0.1408	-6.2992391386003e+68
0.0088	0.1408	-1.23985931347192e+69
0.011	0.1408	1.93190070799292e+70
0.0132	0.1408	-1.89011573798122e+70
0.0154	0.1408	1.94841963587938e+70
0.0176	0.1408	-4.36919518712271e+70
0.0198	0.1408	3.56303457024688e+70
0.022	0.1408	-2.91410509495532e+70
0.0242	0.1408	3.82243129649119e+70
0.0264	0.1408	-1.73328872218225e+70
0.0286	0.1408	-2.50767942596084e+70
0.0308	0.1408	1.11219143010147e+71
0.033	0.1408	-2.71670730891308e+71
0.0352	0.1408	7.55274061831321e+71
0.0374	0.1408	-2.75179093414059e+72
0.0396	0.1408	1.27650524143847e+73
0.0418	0.1408	-7.14350201010549e+73
0.044	0.1408	4.1648409065892e+74
0.0462	0.1408	-2.41105227881108e+75
0.0484	0.1408	1.3701549846734e+76
0.0506	0.1408	-7.60946963623862e+76
0.0528	0.1408	4.1143377809835e+77
0.055	0.1408	-2.15628134263701e+78
0.0572	0.1408	1.08951863333437e+79
0.0594	0.1408	-5.27198959484703e+79
0.0616	0.1408	2.42238121152553e+80
0.0638	0.1408	-1.04548150423285e+81
0.066	0.1408	4.17895175273417e+81
0.0682	0.1408	-1.51886060063427e+82
0.0704	0.1408	4.9041978750745e+82
0.0726	0.1408	-1.37122051344173e+83
0.0748	0.1408	3.28365753241202e+83
0.077	0.1408	5.53954988708596e+83
0.0792	0.1408	6.52209077008846e+83
0.0814	0.1408	9.07654048371745e+83
0.0836	0.1408	1.06057064170857e+84
0.0858	0.1408	1.35517287232764e+84
0.088	0.1408	1.58820811138844e+84
0.0902	0.1408	1.96053023466814e+84
0.0924	0.1408	2.07579841111062e+84
0.0946	0.1408	2.41938985265396e+84
0.0968	0.1408	2.74131039285582e+84
0.099	0.1408	3.15970789562778e+84
0.1012	0.1408	3.5644394002368e+84
0.1034	0.1408	4.06462201732508e+84
0.1056	0.1408	4.57540046132486e+84
0.1078	0.1408	5.14190195521081e+84
0.11	0.1408	5.76520418697933e+84
0	0.144	-9.34088992719221e+67
0.0022	0.144	4.31008403137783e+68
0.0044	0.144	-2.35033238345159e+68
0.0066	0.144	4.25112882546394e+67
0.0088	0.144	4.31631280602967e+68
0.011	0.144	-3.81549305483251e+69
0.0132	0.144	4.0598309604821e+69
0.0154	0.144	-4.52751076260829e+69
0.0176	0.144	8.84790091465016e+69
0.0198	0.144	-7.59350155725035e+69
0.022	0.144	6.41906231905247e+69
0.0242	0.144	-7.62066244206757e+69
0.0264	0.144	3.13432264577233e+69
0.0286	0.144	6.49623375186965e+69
0.0308	0.144	-2.65451783725065e+70
0.033	0.144	7.07529103388964e+70
0.0352	0.144	-2.26623127750978e+71
0.0374	0.144	9.51331004874211e+71
0.0396	0.144	-4.83499346282724e+72
0.0418	0.144	2.72157695991981e+73
0.044	0.144	-1.55322007689404e+74
0.0462	0.144	8.74716880589871e+74
0.0484	0.144	-4.82466664586809e+75
0.0506	0.144	2.59610626317485e+76
0.0528	0.144	-1.35756766132188e+77
0.055	0.144	6.86803957290119e+77
0.0572	0.144	-3.34316508152104e+78
0.0594	0.144	1.55524880329033e+79
0.0616	0.144	-6.85630495743072e+79
0.0638	0.144	2.83397387049957e+80
0.066	0.144	-1.08351059076245e+81
0.0682	0.144	3.76699280628444e+81
0.0704	0.144	-1.1668875373802e+82
0.0726	0.144	3.15744162291304e+82
0.0748	0.144	-7.44029500315222e+82
0.077	0.144	-1.34214270479005e+83
0.0792	0.144	-1.60908249969502e+83
0.0814	0.144	-2.29172620101326e+83
0.0836	0.144	-2.71091127567932e+83
0.0858	0.144	-3.50476423559517e+83
0.088	0.144	-4.14515274286026e+83
0.0902	0.144	-5.15459511088452e+83
0.0924	0.144	-5.50051301523785e+83
0.0946	0.144	-6.44466520104269e+83
0.0968	0.144	-7.34551330032836e+83
0.099	0.144	-8.50181534129441e+83
0.1012	0.144	-9.63812278936515e+83
0.1034	0.144	-1.1028905565858e+84
0.1056	0.144	-1.24658246440651e+84
0.1078	0.144	-1.40554090615104e+84
0.11	0.144	-1.58142236222008e+84
0	0.1472	1.86712128852712e+68
0.0022	0.1472	-1.07803789059726e+68
0.0044	0.1472	3.354902636022e+68
0.0066	0.1472	-6.7174969118471e+65
0.0088	0.1472	-1.37024710130727e+68
0.011	0.1472	7.72692277579343e+68
0.0132	0.1472	-8.72906937514619e+68
0.0154	0.1472	1.02703335234717e+69
0.0176	0.1472	-1.8055374138323e+69
0.0198	0.1472	1.61491675358601e+69
0.022	0.1472	-1.39713417177606e+69
0.0242	0.1472	1.51954555100081e+69
0.0264	0.1472	-5.33437788513803e+68
0.0286	0.1472	-1.68736200766129e+69
0.0308	0.1472	6.60806886415371e+69
0.033	0.1472	-1.96954179390237e+70
0.0352	0.1472	7.28822730727367e+70
0.0374	0.1472	-3.39742162339291e+71
0.0396	0.1472	1.80194777198935e+72
0.0418	0.1472	-1.00555186485232e+73
0.044	0.1472	5.60539734699349e+73
0.0462	0.1472	-3.07165272011269e+74
0.0484	0.1472	1.64559835457773e+75
0.0506	0.1472	-8.5873425788195e+75
0.0528	0.1472	4.3479928578001e+76
0.055	0.1472	-2.12632061044099e+77
0.0572	0.1472	9.9879752872438e+77
0.0594	0.1472	-4.47608294539987e+78
0.0616	0.1472	1.89786043116956e+79
0.0638	0.1472	-7.53471537363249e+79
0.066	0.1472	2.76504968805971e+80
0.0682	0.1472	-9.23313442348823e+80
0.0704	0.1472	2.75604992083918e+81
0.0726	0.1472	-7.24052043753767e+81
0.0748	0.1472	1.67307902597209e+82
0.077	0.1472	3.25697269224194e+82
0.0792	0.1472	3.98010212196808e+82
0.0814	0.1472	5.80182269581563e+82
0.0836	0.1472	6.94728295576177e+82
0.0858	0.1472	9.08292565892192e+82
0.088	0.1472	1.08375669359567e+83
0.0902	0.1472	1.35696866724658e+83
0.0924	0.1472	1.45885613277111e+83
0.0946	0.1472	1.71760348378135e+83
0.0968	0.1472	1.96858615680134e+83
0.099	0.1472	2.28723081797354e+83
0.1012	0.1472	2.60483215884507e+83
0.1034	0.1472	2.99032214132326e+83
0.1056	0.1472	3.3927812614621e+83
0.1078	0.1472	3.83705483821877e+83
0.11	0.1472	4.33114057583928e+83
0	0.1504	-1.39909799891525e+68
0.0022	0.1504	7.82290145058672e+67
0.0044	0.1504	-6.78853681865427e+67
0.0066	0.1504	5.66424024999686e+64
0.0088	0.1504	3.74919544757696e+67
0.011	0.1504	-1.58316576522356e+68
0.0132	0.1504	1.87834394521712e+68
0.0154	0.1504	-2.29191056701605e+68
0.0176	0.1504	3.7088857333903e+68
0.0198	0.1504	-3.42843780893531e+68
0.022	0.1504	3.01180806587284e+68
0.0242	0.1504	-3.02267288051202e+68
0.0264	0.1504	8.02033281234227e+67
0.0286	0.1504	4.46447614785638e+68
0.0308	0.1504	-1.73810390041083e+69
0.033	0.1504	5.87661712542184e+69
0.0352	0.1504	-2.4601686753398e+70
0.0374	0.1504	1.22342364567204e+71
0.0396	0.1504	-6.57765349039604e+71
0.0418	0.1504	3.61232270391571e+72
0.044	0.1504	-1.96511949619791e+73
0.0462	0.1504	1.04821444404914e+74
0.0484	0.1504	-5.45827528026465e+74
0.0506	0.1504	2.76473206941391e+75
0.0528	0.1504	-1.3568745176521e+76
0.055	0.1504	6.42258707718281e+76
0.0572	0.1504	-2.91578899645935e+77
0.0594	0.1504	1.26112884137541e+78
0.0616	0.1504	-5.1541529478144e+78
0.0638	0.1504	1.97054530863035e+79
0.066	0.1504	-6.96205725487465e+79
0.0682	0.1504	2.24045228233754e+80
0.0704	0.1504	-6.46508669172692e+80
0.0726	0.1504	1.65087872917927e+81
0.0748	0.1504	-3.71556728711188e+81
0.077	0.1504	-7.90720073557023e+81
0.0792	0.1504	-9.86182470596982e+81
0.0814	0.1504	-1.4718967184006e+82
0.0836	0.1504	-1.78414046452105e+82
0.0858	0.1504	-2.35807211785618e+82
0.088	0.1504	-2.83778630058276e+82
0.0902	0.1504	-3.57640279108976e+82
0.0924	0.1504	-3.87236707158381e+82
0.0946	0.1504	-4.58007681331967e+82
0.0968	0.1504	-5.2769474908201e+82
0.099	0.1504	-6.15318589007117e+82
0.1012	0.1504	-7.03786725574745e+82
0.1034	0.1504	-8.10379148801106e+82
0.1056	0.1504	-9.22723353327946e+82
0.1078	0.1504	-1.04652219675222e+83
0.11	0.1504	-1.18485009520319e+83
0	0.1536	3.12383317642514e+67
0.0022	0.1536	-1.44811675013368e+67
0.0044	0.1536	1.26814707630853e+67
0.0066	0.1536	1.45275278899138e+65
0.0088	0.1536	-9.50627845032057e+66
0.011	0.1536	3.27877980510137e+67
0.0132	0.1536	-4.05069984623468e+67
0.0154	0.1536	5.06481679092814e+67
0.0176	0.1536	-7.67359829971866e+67
0.0198	0.1536	7.27924293463741e+67
0.022	0.1536	-6.44990192900618e+67
0.0242	0.1536	5.9825679289165e+67
0.0264	0.1536	-8.23780234102359e+66
0.0286	0.1536	-1.22614504688241e+68
0.0308	0.1536	4.9007915422816e+68
0.033	0.1536	-1.87609912540085e+69
0.0352	0.1536	8.59909061843057e+69
0.0374	0.1536	-4.4194038874352e+70
0.0396	0.1536	2.36867761070369e+71
0.0418	0.1536	-1.27480908710629e+72
0.044	0.1536	6.76226137908216e+72
0.0462	0.1536	-3.51081267290476e+73
0.0484	0.1536	1.77717242655736e+74
0.0506	0.1536	-8.74041522969213e+74
0.0528	0.1536	4.16008621028092e+75
0.055	0.1536	-1.90733369879396e+76
0.0572	0.1536	8.37729453817261e+76
0.0594	0.1536	-3.50145138286253e+77
0.0616	0.1536	1.3815768242266e+78
0.0638	0.1536	-5.09654645398338e+78
0.066	0.1536	1.73747715396054e+79
0.0682	0.1536	-5.40100764677485e+79
0.0704	0.1536	1.508926721327e+80
0.0726	0.1536	-3.73728546945037e+80
0.0748	0.1536	8.08160956513928e+80
0.077	0.1536	1.92170799980465e+81
0.0792	0.1536	2.45175341969579e+81
0.0814	0.1536	3.75184842550606e+81
0.0836	0.1536	4.60579927378263e+81
0.0858	0.1536	6.15392738936381e+81
0.088	0.1536	7.46981584258322e+81
0.0902	0.1536	9.47443177567579e+81
0.0924	0.1536	1.03304115093458e+82
0.0946	0.1536	1.22730261360635e+82
0.0968	0.1536	1.42127471811379e+82
0.099	0.1536	1.66297712675322e+82
0.1012	0.1536	1.90996872928916e+82
0.1034	0.1536	2.20557412659964e+82
0.1056	0.1536	2.51989886131064e+82
0.1078	0.1536	2.86576430347299e+82
0.11	0.1536	3.25394553254789e+82
0	0.1568	-6.98738995042949e+66
0.0022	0.1568	3.02375872833642e+66
0.0044	0.1568	-2.37827477478193e+66
0.0066	0.1568	-1.46749991697815e+65
0.0088	0.1568	2.46118604370388e+66
0.011	0.1568	-7.14958037068255e+66
0.0132	0.1568	9.10835800465039e+66
0.0154	0.1568	-1.15616586769675e+67
0.0176	0.1568	1.65753666563348e+67
0.0198	0.1568	-1.60528725249933e+67
0.022	0.1568	1.4256131587116e+67
0.0242	0.1568	-1.20913645699615e+67
0.0264	0.1568	-9.92457273485404e+65
0.0286	0.1568	3.75979571361643e+67
0.0308	0.1568	-1.58421904728624e+68
0.033	0.1568	6.77644562559263e+68
0.0352	0.1568	-3.29631185717104e+69
0.0374	0.1568	1.71278236929739e+70
0.0396	0.1568	-9.05519522587473e+70
0.0418	0.1568	4.75699091078294e+71
0.044	0.1568	-2.45481848535526e+72
0.0462	0.1568	1.238013843768e+73
0.0484	0.1568	-6.08048535035816e+73
0.0506	0.1568	2.89836405916503e+74
0.0528	0.1568	-1.33554469536695e+75
0.055	0.1568	5.92172069296164e+75
0.0572	0.1568	-2.51271990605255e+76
0.0594	0.1568	1.0137089312656e+77
0.0616	0.1568	-3.85803795410263e+77
0.0638	0.1568	1.37231857338914e+78
0.066	0.1568	-4.51213427273683e+78
0.0682	0.1568	1.35381676793304e+79
0.0704	0.1568	-3.65176789047294e+79
0.0726	0.1568	8.67821863571027e+79
0.0748	0.1568	-1.72556043027528e+80
0.077	0.1568	-4.87155978831225e+80
0.0792	0.1568	-6.40729906265609e+80
0.0814	0.1568	-1.01102414870675e+81
0.0836	0.1568	-1.2600931619335e+81
0.0858	0.1568	-1.70479673726141e+81
0.088	0.1568	-2.08987800797824e+81
0.0902	0.1568	-2.66922671207578e+81
0.0924	0.1568	-2.93248010893803e+81
0.0946	0.1568	-3.50036426891918e+81
0.0968	0.1568	-4.07614340387756e+81
0.099	0.1568	-4.786974349155e+81
0.1012	0.1568	-5.52284739426978e+81
0.1034	0.1568	-6.39786982915448e+81
0.1056	0.1568	-7.33684364533038e+81
0.1078	0.1568	-8.36819277480618e+81
0.11	0.1568	-9.5309998184822e+81
0	0.16	2.77960587958101e+66
0.0022	0.16	-1.40036158739009e+66
0.0044	0.16	8.80776906827074e+65
0.0066	0.16	6.43880015236515e+63
0.0088	0.16	-1.14972028857354e+66
0.011	0.16	2.94057322455041e+66
0.0132	0.16	-3.77136382238421e+66
0.0154	0.16	4.79621776406452e+66
0.0176	0.16	-6.60365197516059e+66
0.0198	0.16	6.48984831534475e+66
0.022	0.16	-5.7531519643794e+66
0.0242	0.16	4.48216153601663e+66
0.0264	0.16	1.63093861471568e+66
0.0286	0.16	-2.03634251161804e+67
0.0308	0.16	8.9741125044328e+67
0.033	0.16	-4.08620899022146e+68
0.0352	0.16	2.03908715528305e+69
0.0374	0.16	-1.05927705204125e+70
0.0396	0.16	5.53269200784587e+70
0.0418	0.16	-2.8569230316885e+71
0.044	0.16	1.44629151327412e+72
0.0462	0.16	-7.14699256855818e+72
0.0484	0.16	3.43596836480495e+73
0.0506	0.16	-1.60151182146074e+74
0.0528	0.16	7.20856891331759e+74
0.055	0.16	-3.1188813529489e+75
0.0572	0.16	1.29007668939772e+76
0.0594	0.16	-5.06873260879691e+76
0.0616	0.16	1.87725792318022e+77
0.0638	0.16	-6.49430794366404e+77
0.066	0.16	2.07593324058835e+78
0.0682	0.16	-6.05124263914955e+78
0.0704	0.16	1.58016374227028e+79
0.0726	0.16	-3.57167814459455e+79
0.0748	0.16	6.15917294005703e+79
0.077	0.16	2.1938907104443e+80
0.0792	0.16	2.97641273156228e+80
0.0814	0.16	4.84849334693798e+80
0.0836	0.16	6.12963811650038e+80
0.0858	0.16	8.39192477332139e+80
0.088	0.16	1.03755965926445e+81
0.0902	0.16	1.33382183751885e+81
0.0924	0.16	1.47445082077387e+81
0.0946	0.16	1.76752318922967e+81
0.0968	0.16	2.06754619800727e+81
0.099	0.16	2.43593256670784e+81
0.1012	0.16	2.82082590716614e+81
0.1034	0.16	3.27602394301045e+81
0.1056	0.16	3.76778560775478e+81
0.1078	0.16	4.30773384386026e+81
0.11	0.16	4.91796128175182e+81
