0	0	8.38843659499324e+42
0.0022	0	-5.57749113309286e+41
0.0044	0	1.87247981390396e+42
0.0066	0	-2.34729972718767e+43
0.0088	0	5.20020079610289e+43
0.011	0	-2.82775659600467e+43
0.0132	0	2.07000805820697e+43
0.0154	0	-2.51331566685765e+43
0.0176	0	2.03979309674643e+44
0.0198	0	-1.84300853931296e+44
0.022	0	1.3600384412681e+44
0.0242	0	-1.49658901265804e+44
0.0264	0	-2.28093191655097e+43
0.0286	0	5.34219307093832e+44
0.0308	0	-1.25824976257015e+45
0.033	0	1.74411865540782e+45
0.0352	0	-2.45413893245368e+45
0.0374	0	3.66104051111612e+45
0.0396	0	-3.15432941366399e+45
0.0418	0	-1.88414473368298e+44
0.044	0	9.70091040668928e+45
0.0462	0	-3.9873095238457e+46
0.0484	0	1.37745050754548e+47
0.0506	0	-4.10711414122038e+47
0.0528	0	9.11507230435278e+47
0.055	0	-2.69397952307243e+47
0.0572	0	-1.29506412955375e+49
0.0594	0	1.03969933874822e+50
0.0616	0	-5.84041443811069e+50
0.0638	0	2.75557370301213e+51
0.066	0	-1.13513649530312e+52
0.0682	0	3.98163772089605e+52
0.0704	0	-1.00249647575718e+53
0.0726	0	-4.1836999319094e+52
0.0748	0	3.10854015896373e+54
0.077	0	3.1600928234162e+54
0.0792	0	3.54696190550591e+54
0.0814	0	9.91348250839897e+54
0.0836	0	5.63807301437983e+54
0.0858	0	7.2960701661101e+54
0.088	0	2.64697486219472e+55
0.0902	0	9.03863573710536e+54
0.0924	0	-1.11953639762853e+55
0.0946	0	-9.69320379075522e+54
0.0968	0	-6.13460675725911e+54
0.099	0	-4.01342407480272e+54
0.1012	0	-2.37385034104437e+54
0.1034	0	-1.46124583073599e+54
0.1056	0	-1.2114457236852e+54
0.1078	0	-9.81486831389394e+53
0.11	0	-1.09842833040631e+54
0	0.0032	1.21325531016717e+42
0.0022	0.0032	1.69872128853325e+43
0.0044	0.0032	-6.87554457533352e+41
0.0066	0.0032	5.46244596104761e+43
0.0088	0.0032	-1.3890993025919e+44
0.011	0.0032	6.77859902282789e+43
0.0132	0.0032	-4.70541922098636e+43
0.0154	0.0032	2.43522737498279e+43
0.0176	0.0032	-5.39873805254288e+44
0.0198	0.0032	4.57807422764821e+44
0.022	0.0032	-3.21740146600647e+44
0.0242	0.0032	4.07451789161892e+44
0.0264	0.0032	-2.18298242533434e+43
0.0286	0.0032	-1.25491189914705e+45
0.0308	0.0032	3.11832138249635e+45
0.033	0.0032	-4.21595200975315e+45
0.0352	0.0032	5.90525615986229e+45
0.0374	0.0032	-9.3241773463946e+45
0.0396	0.0032	8.36731863946664e+45
0.0418	0.0032	-9.93394183665483e+44
0.044	0.0032	-1.89474790009036e+46
0.0462	0.0032	8.22111378407129e+46
0.0484	0.0032	-2.98562992583314e+47
0.0506	0.0032	9.62073031963732e+47
0.0528	0.0032	-2.53414037034688e+48
0.055	0.0032	3.69448412335896e+48
0.0572	0.0032	1.34690363199258e+49
0.0594	0.0032	-1.65398598486207e+50
0.0616	0.0032	1.05387352491605e+51
0.0638	0.0032	-5.40054798233904e+51
0.066	0.0032	2.4305653151413e+52
0.0682	0.0032	-9.83352342015688e+52
0.0704	0.0032	3.50848849698903e+53
0.0726	0.0032	-9.69454419714439e+53
0.0748	0.0032	3.74588178875464e+53
0.077	0.0032	2.25372024030191e+52
0.0792	0.0032	-8.40552353308443e+53
0.0814	0.0032	-1.38214831208561e+55
0.0836	0.0032	-5.59726308492766e+54
0.0858	0.0032	-9.35073452591175e+54
0.088	0.0032	-4.84989362253477e+55
0.0902	0.0032	-1.43287328644149e+55
0.0924	0.0032	2.5650419074026e+55
0.0946	0.0032	2.24294203924974e+55
0.0968	0.0032	1.49108560339852e+55
0.099	0.0032	1.0003530734788e+55
0.1012	0.0032	6.13736417269324e+54
0.1034	0.0032	3.79014400977833e+54
0.1056	0.0032	2.66953889319313e+54
0.1078	0.0032	1.68535510287391e+54
0.11	0.0032	1.21177570572561e+54
0	0.0064	-2.25089360155874e+43
0.0022	0.0064	3.95473291971308e+43
0.0044	0.0064	-7.96654893216023e+42
0.0066	0.0064	-2.14635536711791e+44
0.0088	0.0064	7.09123133276731e+44
0.011	0.0064	-2.92796519992773e+44
0.0132	0.0064	1.99131782508814e+44
0.0154	0.0064	1.35487810892797e+44
0.0176	0.0064	2.68311043591644e+45
0.0198	0.0064	-2.08077867884615e+45
0.022	0.0064	1.35388642591353e+45
0.0242	0.0064	-2.05046069721495e+45
0.0264	0.0064	5.37507948641517e+44
0.0286	0.0064	5.32358627083118e+45
0.0308	0.0064	-1.42689506165096e+46
0.033	0.0064	1.8615249009866e+46
0.0352	0.0064	-2.57425619093815e+46
0.0374	0.0064	4.38165944848675e+46
0.0396	0.0064	-4.07207434130139e+46
0.0418	0.0064	1.10158512209743e+46
0.044	0.0064	6.28030741408837e+46
0.0462	0.0064	-2.92513751290987e+47
0.0484	0.0064	1.1236877186406e+48
0.0506	0.0064	-3.91575766010253e+48
0.0528	0.0064	1.18521202453943e+49
0.055	0.0064	-2.69390865241852e+49
0.0572	0.0064	1.14277208750297e+49
0.0594	0.0064	3.60262896500465e+50
0.0616	0.0064	-2.97603981533399e+51
0.0638	0.0064	1.70587508395219e+52
0.066	0.0064	-8.3220803630314e+52
0.0682	0.0064	3.68150855339319e+53
0.0704	0.0064	-1.52288519125194e+54
0.0726	0.0064	5.99556282845839e+54
0.0748	0.0064	-2.27532991659882e+55
0.077	0.0064	-2.09030360308133e+55
0.0792	0.0064	-1.74404559460423e+55
0.0814	0.0064	2.87079985054938e+55
0.0836	0.0064	1.03057222669583e+54
0.0858	0.0064	1.48981519386179e+55
0.088	0.0064	1.53432914763583e+56
0.0902	0.0064	3.56426926357743e+55
0.0924	0.0064	-1.03716704765168e+56
0.0946	0.0064	-9.16733225535448e+55
0.0968	0.0064	-6.43245012229797e+55
0.099	0.0064	-4.59906558586271e+55
0.1012	0.0064	-3.11659194894634e+55
0.1034	0.0064	-2.16411383218253e+55
0.1056	0.0064	-1.59739596992684e+55
0.1078	0.0064	-1.13193869191948e+55
0.11	0.0064	-8.05692147345199e+54
0	0.0096	-9.4371715688148e+42
0.0022	0.0096	3.31467099440577e+42
0.0044	0.0096	9.82548963916043e+43
0.0066	0.0096	-5.09123648048783e+44
0.0088	0.0096	1.34831152011931e+45
0.011	0.0096	1.10216138669191e+45
0.0132	0.0096	-9.72889328019104e+44
0.0154	0.0096	-1.99787615505046e+45
0.0176	0.0096	-1.39359954735811e+46
0.0198	0.0096	9.8037119466117e+45
0.022	0.0096	-5.74815309447389e+45
0.0242	0.0096	1.05790798439506e+46
0.0264	0.0096	-4.58656333744381e+45
0.0286	0.0096	-2.33314541606302e+46
0.0308	0.0096	6.83767809225756e+46
0.033	0.0096	-8.56004516331619e+46
0.0352	0.0096	1.156012376053e+47
0.0374	0.0096	-2.1391741574813e+47
0.0396	0.0096	2.02992147231731e+47
0.0418	0.0096	-7.40717726563037e+46
0.044	0.0096	-2.14970281967679e+47
0.0462	0.0096	1.07243757357342e+48
0.0484	0.0096	-4.3132052916964e+48
0.0506	0.0096	1.59437643021964e+49
0.0528	0.0096	-5.27596581401023e+49
0.055	0.0096	1.44793287597801e+50
0.0572	0.0096	-2.43115530064858e+50
0.0594	0.0096	-5.32630395065437e+50
0.0616	0.0096	8.14503124972707e+51
0.0638	0.0096	-5.39464898476469e+52
0.066	0.0096	2.82317061737853e+53
0.0682	0.0096	-1.30542347144383e+54
0.0704	0.0096	5.58471171389257e+54
0.0726	0.0096	-2.26532596246171e+55
0.0748	0.0096	8.81815535541534e+55
0.077	0.0096	8.22243289839223e+55
0.0792	0.0096	6.96682269635683e+55
0.0814	0.0096	-1.01588896252762e+56
0.0836	0.0096	-1.35067747985969e+53
0.0858	0.0096	-5.08551387378397e+55
0.088	0.0096	-5.68011132703126e+56
0.0902	0.0096	-1.33307094010964e+56
0.0924	0.0096	3.85494779253702e+56
0.0946	0.0096	3.42775865681907e+56
0.0968	0.0096	2.42284371537145e+56
0.099	0.0096	1.74997525009576e+56
0.1012	0.0096	1.1979858114065e+56
0.1034	0.0096	8.43867142101511e+55
0.1056	0.0096	6.2754090971212e+55
0.1078	0.0096	4.51786778576556e+55
0.11	0.0096	3.24018384668893e+55
0	0.0128	-6.9820594290507e+42
0.0022	0.0128	-1.73846074653221e+43
0.0044	0.0128	1.73744971122952e+44
0.0066	0.0128	-6.31852634955367e+44
0.0088	0.0128	1.41205188524871e+45
0.011	0.0128	1.72977971394604e+45
0.0132	0.0128	5.5000452063623e+45
0.0154	0.0128	1.74876918817379e+46
0.0176	0.0128	7.33975103837295e+46
0.0198	0.0128	-4.61921235581006e+46
0.022	0.0128	2.32642328401542e+46
0.0242	0.0128	-5.4328481379229e+46
0.0264	0.0128	3.18180395450079e+46
0.0286	0.0128	1.00859861197055e+47
0.0308	0.0128	-3.3069672079478e+47
0.033	0.0128	3.94357152234031e+47
0.0352	0.0128	-5.12036308974304e+47
0.0374	0.0128	1.04799794344549e+48
0.0396	0.0128	-1.00601736733237e+48
0.0418	0.0128	4.29174831673543e+47
0.044	0.0128	7.18721889997341e+47
0.0462	0.0128	-3.85230874468905e+48
0.0484	0.0128	1.61549272655602e+49
0.0506	0.0128	-6.2850822324623e+49
0.0528	0.0128	2.22912422721879e+50
0.055	0.0128	-6.88217631650896e+50
0.0572	0.0128	1.61914227836562e+51
0.0594	0.0128	-1.03648326486763e+51
0.0616	0.0128	-1.88900173264183e+52
0.0638	0.0128	1.61834241339747e+53
0.066	0.0128	-9.30500577708319e+53
0.0682	0.0128	4.52160437349696e+54
0.0704	0.0128	-1.99559113506727e+55
0.0726	0.0128	8.28510221684762e+55
0.0748	0.0128	-3.28227189903689e+56
0.077	0.0128	-3.09748507954808e+56
0.0792	0.0128	-2.63512139934214e+56
0.0814	0.0128	3.73525778284637e+56
0.0836	0.0128	-3.99623159216966e+53
0.0858	0.0128	1.85867754540043e+56
0.088	0.0128	2.12466236426663e+57
0.0902	0.0128	5.1283570112027e+56
0.0924	0.0128	-1.42738923563191e+57
0.0946	0.0128	-1.2768208017271e+57
0.0968	0.0128	-9.07979811927567e+56
0.099	0.0128	-6.61479290530814e+56
0.1012	0.0128	-4.58351037931272e+56
0.1034	0.0128	-3.28052075719252e+56
0.1056	0.0128	-2.48687239526363e+56
0.1078	0.0128	-1.83932759509917e+56
0.11	0.0128	-1.3663821112974e+56
0	0.016	5.1927444077835e+42
0.0022	0.016	-5.55081971998557e+43
0.0044	0.016	2.43937629866036e+44
0.0066	0.016	-7.4705473204296e+44
0.0088	0.016	1.46225687564462e+45
0.011	0.016	2.47061923769596e+45
0.0132	0.016	3.9977933998979e+45
0.0154	0.016	2.65254186414266e+46
0.0176	0.016	-3.93463994167946e+47
0.0198	0.016	2.17363235062811e+47
0.022	0.016	-8.6505233243876e+46
0.0242	0.016	2.77987109766088e+47
0.0264	0.016	-2.00719733486729e+47
0.0286	0.016	-4.25868079155779e+47
0.0308	0.016	1.61297950116571e+48
0.033	0.016	-1.81873352749434e+48
0.0352	0.016	2.21916988215972e+48
0.0374	0.016	-5.15020281962288e+48
0.0396	0.016	4.96118516737988e+48
0.0418	0.016	-2.30752909364987e+48
0.044	0.016	-2.3441690614171e+48
0.0462	0.016	1.35126698659227e+49
0.0484	0.016	-5.89415740883427e+49
0.0506	0.016	2.40362570840162e+50
0.0528	0.016	-9.04088573653471e+50
0.055	0.016	3.04263701037088e+51
0.0572	0.016	-8.52372069510485e+51
0.0594	0.016	1.50535118763816e+52
0.0616	0.016	2.59262780626352e+52
0.0638	0.016	-4.45216373858987e+53
0.066	0.016	2.9614317955899e+54
0.0682	0.016	-1.53586876348836e+55
0.0704	0.016	7.03159454610593e+55
0.0726	0.016	-2.9975368188268e+56
0.0748	0.016	1.21681827616981e+57
0.077	0.016	1.16159516329638e+57
0.0792	0.016	9.91086602556674e+56
0.0814	0.016	-1.3806088210344e+57
0.0836	0.016	-1.9258930349185e+54
0.0858	0.016	-6.85914776274994e+56
0.088	0.016	-7.95535424125396e+57
0.0902	0.016	-1.97849560736119e+57
0.0924	0.016	5.27948699285553e+57
0.0946	0.016	4.74961378115945e+57
0.0968	0.016	3.39584111000785e+57
0.099	0.016	2.49262208502538e+57
0.1012	0.016	1.74557579407504e+57
0.1034	0.016	1.26686024542624e+57
0.1056	0.016	9.75445816025761e+56
0.1078	0.016	7.37482094761292e+56
0.11	0.016	5.62979352258213e+56
0	0.0192	-6.29505391583949e+41
0.0022	0.0192	-4.06223313571743e+43
0.0044	0.0192	1.71781030355704e+44
0.0066	0.0192	-3.96036878360011e+44
0.0088	0.0192	1.53009969416198e+44
0.011	0.0192	6.9519119731489e+45
0.0132	0.0192	-8.36604132632338e+45
0.0154	0.0192	6.48078128989655e+46
0.0176	0.0192	-5.30800621422327e+47
0.0198	0.0192	-9.50080692129473e+47
0.022	0.0192	2.67227516981241e+47
0.0242	0.0192	-1.41786493165133e+48
0.0264	0.0192	1.19560495292769e+48
0.0286	0.0192	1.73231232087564e+48
0.0308	0.0192	-7.94011231191173e+48
0.033	0.0192	8.40952407567276e+48
0.0352	0.0192	-9.31492508241312e+48
0.0374	0.0192	2.54164281148522e+49
0.0396	0.0192	-2.43813182800733e+49
0.0418	0.0192	1.18673550005306e+49
0.044	0.0192	7.53964855402336e+48
0.0462	0.0192	-4.62540555736105e+49
0.0484	0.0192	2.0944342661291e+50
0.0506	0.0192	-8.93444567043204e+50
0.0528	0.0192	3.54240810710696e+51
0.055	0.0192	-1.27799391808306e+52
0.0572	0.0192	4.01579034045975e+52
0.0594	0.0192	-9.66575843826738e+52
0.0616	0.0192	7.34404936264981e+52
0.0638	0.0192	1.03037551795963e+54
0.066	0.0192	-8.95769195881472e+54
0.0682	0.0192	5.09158709494617e+55
0.0704	0.0192	-2.43700273528184e+56
0.0726	0.0192	1.06964470557557e+57
0.0748	0.0192	-4.48484189058272e+57
0.077	0.0192	-4.33197649193713e+57
0.0792	0.0192	-3.70536666560468e+57
0.0814	0.0192	5.12353184490874e+57
0.0836	0.0192	3.87452516580254e+55
0.0858	0.0192	2.55046415542456e+57
0.088	0.0192	2.98055079156575e+58
0.0902	0.0192	7.64445320168561e+57
0.0924	0.0192	-1.95066417689572e+58
0.0946	0.0192	-1.76462441037384e+58
0.0968	0.0192	-1.26797548061383e+58
0.099	0.0192	-9.37042589932464e+57
0.1012	0.0192	-6.62312068154346e+57
0.1034	0.0192	-4.86426804427518e+57
0.1056	0.0192	-3.79526632190366e+57
0.1078	0.0192	-2.92104687965066e+57
0.11	0.0192	-2.27829755784558e+57
0	0.0224	3.3813228404237e+42
0.0022	0.0224	-4.96530512708936e+43
0.0044	0.0224	2.07259363833325e+44
0.0066	0.0224	-4.53858322111747e+44
0.0088	0.0224	1.66756564017569e+44
0.011	0.0224	7.42397605334782e+45
0.0132	0.0224	-6.65461496053344e+45
0.0154	0.0224	5.88320093518466e+46
0.0176	0.0224	-4.87421238422333e+47
0.0198	0.0224	-1.23598502939522e+48
0.022	0.0224	-3.5344095855727e+47
0.0242	0.0224	7.22150115404748e+48
0.0264	0.0224	-6.85864441696591e+48
0.0286	0.0224	-6.60708765080361e+48
0.0308	0.0224	3.94732338925541e+49
0.033	0.0224	-3.90735573584241e+49
0.0352	0.0224	3.7173779771111e+49
0.0374	0.0224	-1.26107467006791e+50
0.0396	0.0224	1.19522245909371e+50
0.0418	0.0224	-5.9323026736421e+49
0.044	0.0224	-2.46392188185671e+49
0.0462	0.0224	1.5436857064345e+50
0.0484	0.0224	-7.24077757925288e+50
0.0506	0.0224	3.22954185011331e+51
0.0528	0.0224	-1.34533321843037e+52
0.055	0.0224	5.15348443971944e+52
0.0572	0.0224	-1.76578663473229e+53
0.0594	0.0224	5.03006814504181e+53
0.0616	0.0224	-9.12214938538793e+53
0.0638	0.0224	-1.36790309206833e+54
0.066	0.0224	2.49736275146077e+55
0.0682	0.0224	-1.63729817592673e+56
0.0704	0.0224	8.29145680627122e+56
0.0726	0.0224	-3.74493255582898e+57
0.0748	0.0224	1.6207554992103e+58
0.077	0.0224	1.5840308361609e+58
0.0792	0.0224	1.35391610484744e+58
0.0814	0.0224	-1.93215736873193e+58
0.0836	0.0224	-5.66901306164842e+56
0.0858	0.0224	-9.78421674501019e+57
0.088	0.0224	-1.11967451408172e+59
0.0902	0.0224	-2.98022678244707e+58
0.0924	0.0224	7.17645920045584e+58
0.0946	0.0224	6.52610856677239e+58
0.0968	0.0224	4.70510515078375e+58
0.099	0.0224	3.49364976792637e+58
0.1012	0.0224	2.48449254757417e+58
0.1034	0.0224	1.83951571125591e+58
0.1056	0.0224	1.44856854224602e+58
0.1078	0.0224	1.1285752942115e+58
0.11	0.0224	8.92992351673911e+57
0	0.0256	4.61158492512156e+43
0.0022	0.0256	-7.07953830420115e+43
0.0044	0.0256	1.61410524058538e+44
0.0066	0.0256	-1.69170525777506e+44
0.0088	0.0256	-9.10966422713542e+44
0.011	0.0256	1.08879358762141e+46
0.0132	0.0256	-1.5248234513833e+46
0.0154	0.0256	8.39094280805058e+46
0.0176	0.0256	-5.78235091092806e+47
0.0198	0.0256	-1.13746680605928e+48
0.022	0.0256	-8.33986099965162e+47
0.0242	0.0256	8.93873503532634e+48
0.0264	0.0256	3.71820358458101e+49
0.0286	0.0256	2.21884461395214e+49
0.0308	0.0256	-1.98260993133474e+50
0.033	0.0256	1.83005354947039e+50
0.0352	0.0256	-1.35668817664954e+50
0.0374	0.0256	6.29835441777867e+50
0.0396	0.0256	-5.8477083802585e+50
0.0418	0.0256	2.91091316270588e+50
0.044	0.0256	8.70182051363064e+49
0.0462	0.0256	-5.01625899604596e+50
0.0484	0.0256	2.43028473602152e+51
0.0506	0.0256	-1.13453193758173e+52
0.0528	0.0256	4.95931256309411e+52
0.055	0.0256	-2.00585421072349e+53
0.0572	0.0256	7.3826562894062e+53
0.0594	0.0256	-2.35868337474012e+54
0.0616	0.0256	5.74737325311555e+54
0.0638	0.0256	-4.51661867221257e+54
0.066	0.0256	-5.92930621157425e+55
0.0682	0.0256	5.05148620569503e+56
0.0704	0.0256	-2.76775856537086e+57
0.0726	0.0256	1.28469519855241e+58
0.0748	0.0256	-5.7164990776797e+58
0.077	0.0256	-5.65616318024645e+58
0.0792	0.0256	-4.81145087540436e+58
0.0814	0.0256	7.41799790293968e+58
0.0836	0.0256	5.0118912648453e+57
0.0858	0.0256	3.88211182127867e+58
0.088	0.0256	4.21909247100194e+59
0.0902	0.0256	1.17296328720777e+59
0.0924	0.0256	-2.62627816742565e+59
0.0946	0.0256	-2.3999307511185e+59
0.0968	0.0256	-1.73250592616861e+59
0.099	0.0256	-1.28931322031546e+59
0.1012	0.0256	-9.18868855570027e+58
0.1034	0.0256	-6.82601791497642e+58
0.1056	0.0256	-5.39904990993013e+58
0.1078	0.0256	-4.23041746457754e+58
0.11	0.0256	-3.36944884216373e+58
0	0.0288	-2.51456045330437e+43
0.0022	0.0288	1.63702435857414e+43
0.0044	0.0288	3.65356829982376e+43
0.0066	0.0288	1.18080162904334e+44
0.0088	0.0288	-1.6078296376901e+45
0.011	0.0288	1.27674753730265e+46
0.0132	0.0288	-1.57983171528751e+46
0.0154	0.0288	8.17380643911742e+46
0.0176	0.0288	-5.40084198391317e+47
0.0198	0.0288	-1.43312803828588e+48
0.022	0.0288	-2.57981348019864e+47
0.0242	0.0288	6.98928477731849e+48
0.0264	0.0288	4.62035542133119e+49
0.0286	0.0288	-5.78771765171783e+49
0.0308	0.0288	1.0063087614938e+51
0.033	0.0288	-8.67514328093603e+50
0.0352	0.0288	4.07037076771764e+50
0.0374	0.0288	-3.17032370988669e+51
0.0396	0.0288	2.85562355564882e+51
0.0418	0.0288	-1.41156033935804e+51
0.044	0.0288	-3.60149156441906e+50
0.0462	0.0288	1.58374038117025e+51
0.0484	0.0288	-7.89141679928117e+51
0.0506	0.0288	3.86654414113082e+52
0.0528	0.0288	-1.77464312074811e+53
0.055	0.0288	7.55420879696493e+53
0.0572	0.0288	-2.96150696664886e+54
0.0594	0.0288	1.03451034724041e+55
0.0616	0.0288	-2.98172007095841e+55
0.0638	0.0288	5.37874741941508e+55
0.066	0.0288	8.5529095357167e+55
0.0682	0.0288	-1.46187262768373e+57
0.0704	0.0288	9.06620778537217e+57
0.0726	0.0288	-4.31602684568312e+58
0.0748	0.0288	1.93928991392808e+59
0.077	0.0288	1.94551627656159e+59
0.0792	0.0288	1.63547032283521e+59
0.0814	0.0288	-2.91555689704948e+59
0.0836	0.0288	-3.64972832634021e+58
0.0858	0.0288	-1.60467220744698e+59
0.088	0.0288	-1.59664739094614e+60
0.0902	0.0288	-4.67459159089055e+59
0.0924	0.0288	9.53622841229291e+59
0.0946	0.0288	8.75224139957959e+59
0.0968	0.0288	6.30684624219793e+59
0.099	0.0288	4.68635445932679e+59
0.1012	0.0288	3.32726605965801e+59
0.1034	0.0288	2.46253203898252e+59
0.1056	0.0288	1.9424660790882e+59
0.1078	0.0288	1.5164321397862e+59
0.11	0.0288	1.20250913835652e+59
0	0.032	2.74319606196513e+43
0.0022	0.032	-5.90223451045078e+43
0.0044	0.032	1.60337983930896e+44
0.0066	0.032	-1.27405774763358e+44
0.0088	0.032	-1.03286813981289e+45
0.011	0.032	1.07474848781251e+46
0.0132	0.032	-5.73025023687057e+45
0.0154	0.032	4.65130332559881e+46
0.0176	0.032	-4.34476172872047e+47
0.0198	0.032	-1.98035996365747e+48
0.022	0.032	1.3057755784065e+48
0.0242	0.032	1.99479766364086e+48
0.0264	0.032	6.55371658836196e+49
0.0286	0.032	-1.26302969569929e+50
0.0308	0.032	1.27539232761644e+51
0.033	0.032	4.034911629838e+51
0.0352	0.032	-5.47540262604204e+50
0.0374	0.032	1.61027662875102e+52
0.0396	0.032	-1.39134351545077e+52
0.0418	0.032	6.79916243241821e+51
0.044	0.032	1.80640665952257e+51
0.0462	0.032	-4.83826665134802e+51
0.0484	0.032	2.46514787936075e+52
0.0506	0.032	-1.27428555921528e+53
0.0528	0.032	6.15858869613816e+53
0.055	0.032	-2.75427357869001e+54
0.0572	0.032	1.14458622061736e+55
0.0594	0.032	-4.31370197993801e+55
0.0616	0.032	1.40003849945968e+56
0.0638	0.032	-3.40242635044589e+56
0.066	0.032	2.25390768194969e+56
0.0682	0.032	3.75144136345844e+57
0.0704	0.032	-2.9200628050977e+58
0.0726	0.032	1.42973192473989e+59
0.0748	0.032	-6.13266436021052e+59
0.077	0.032	-6.26293125773987e+59
0.0792	0.032	-5.12443315890138e+59
0.0814	0.032	1.1811178167876e+60
0.0836	0.032	2.40779842759888e+59
0.0858	0.032	6.95247065302813e+59
0.088	0.032	6.07937162790098e+60
0.0902	0.032	1.89399238945609e+60
0.0924	0.032	-3.42113652691455e+60
0.0946	0.032	-3.15103779697285e+60
0.0968	0.032	-2.25531183912648e+60
0.099	0.032	-1.66306877214114e+60
0.1012	0.032	-1.16467521640694e+60
0.1034	0.032	-8.48421660630504e+59
0.1056	0.032	-6.59135366233655e+59
0.1078	0.032	-5.04068368682859e+59
0.11	0.032	-3.89845154958089e+59
0	0.0352	-2.687933324163e+43
0.0022	0.0352	3.79673438339055e+43
0.0044	0.0352	-6.71688228100768e+43
0.0066	0.0352	4.52678026501984e+44
0.0088	0.0352	-2.52556951536429e+45
0.011	0.0352	1.50163744897457e+46
0.0132	0.0352	-1.35417875360348e+46
0.0154	0.0352	7.02296117837065e+46
0.0176	0.0352	-4.90723680347644e+47
0.0198	0.0352	-1.94077247414065e+48
0.022	0.0352	5.91451533459497e+47
0.0242	0.0352	4.80908622339394e+48
0.0264	0.0352	5.70864807271249e+49
0.0286	0.0352	-7.40846715610676e+49
0.0308	0.0352	1.05570879227124e+51
0.033	0.0352	5.28054349510209e+51
0.0352	0.0352	-6.00418402436399e+51
0.0374	0.0352	-8.26198855081225e+52
0.0396	0.0352	6.75797719055398e+52
0.0418	0.0352	-3.26716162941226e+52
0.044	0.0352	-1.04229609865133e+52
0.0462	0.0352	1.41592585411022e+52
0.0484	0.0352	-7.34100323725762e+52
0.0506	0.0352	4.0393094839304e+53
0.0528	0.0352	-2.06880013429473e+54
0.055	0.0352	9.71357371969438e+54
0.0572	0.0352	-4.26745136787467e+55
0.0594	0.0352	1.72263852195204e+56
0.0616	0.0352	-6.15243384501398e+56
0.0638	0.0352	1.78378946504587e+57
0.066	0.0352	-3.03129149495598e+57
0.0682	0.0352	-6.95436050328638e+57
0.0704	0.0352	9.26797372200814e+58
0.0726	0.0352	-4.80112348131992e+59
0.0748	0.0352	1.66646013414749e+60
0.077	0.0352	1.75462595209062e+60
0.0792	0.0352	1.33606991692009e+60
0.0814	0.0352	-4.96624705046336e+60
0.0836	0.0352	-1.50045558384757e+60
0.0858	0.0352	-3.16638977084737e+60
0.088	0.0352	-2.33511066532418e+61
0.0902	0.0352	-7.8398796300311e+60
0.0924	0.0352	1.2038262403272e+61
0.0946	0.0352	1.11132481699948e+61
0.0968	0.0352	7.83299298340455e+60
0.099	0.0352	5.66933923154315e+60
0.1012	0.0352	3.84233238206541e+60
0.1034	0.0352	2.68643047721755e+60
0.1056	0.0352	1.99827945658953e+60
0.1078	0.0352	1.43464054887559e+60
0.11	0.0352	1.01977890734402e+60
0	0.0384	-1.82638531331012e+43
0.0022	0.0384	-2.23664782955319e+43
0.0044	0.0384	1.47919066505481e+44
0.0066	0.0384	-1.74573756788005e+44
0.0088	0.0384	-6.16693964206475e+44
0.011	0.0384	8.43701733709123e+45
0.0132	0.0384	1.21277122480147e+46
0.0154	0.0384	-1.45584995698875e+46
0.0176	0.0384	-2.24525093334499e+47
0.0198	0.0384	-3.01683886577339e+48
0.022	0.0384	3.81452893079839e+48
0.0242	0.0384	-5.67016764060127e+48
0.0264	0.0384	9.51671626525681e+49
0.0286	0.0384	-2.10316990757275e+50
0.0308	0.0384	1.5799861509457e+51
0.033	0.0384	3.80295254102092e+51
0.0352	0.0384	2.24726346222403e+50
0.0374	0.0384	-1.15221540946314e+53
0.0396	0.0384	-3.14193468724501e+53
0.0418	0.0384	1.56964365607704e+53
0.044	0.0384	6.40466902117992e+52
0.0462	0.0384	-3.85318734252516e+52
0.0484	0.0384	2.05139800649555e+53
0.0506	0.0384	-1.21997969094099e+54
0.0528	0.0384	6.70860662113037e+54
0.055	0.0384	-3.3069084945548e+55
0.0572	0.0384	1.53372638879003e+56
0.0594	0.0384	-6.60483631169761e+56
0.0616	0.0384	2.56555572373662e+57
0.0638	0.0384	-8.4729774707073e+57
0.066	0.0384	2.00902787577269e+58
0.0682	0.0384	-4.54023835854693e+57
0.0704	0.0384	-2.87374613327277e+59
0.0726	0.0384	1.75483357165074e+60
0.0748	0.0384	-2.72869890054962e+60
0.077	0.0384	-3.20223587050811e+60
0.0792	0.0384	-1.65998500033855e+60
0.0814	0.0384	2.17950481243433e+61
0.0836	0.0384	9.02651228946461e+60
0.0858	0.0384	1.51343344471225e+61
0.088	0.0384	9.08070861055253e+61
0.0902	0.0384	3.33307827300304e+61
0.0924	0.0384	-4.10049080810566e+61
0.0946	0.0384	-3.78576991613142e+61
0.0968	0.0384	-2.58463607127607e+61
0.099	0.0384	-1.7943675590711e+61
0.1012	0.0384	-1.1247524429611e+61
0.1034	0.0384	-7.02423537138588e+60
0.1056	0.0384	-4.52434058561409e+60
0.1078	0.0384	-2.47746898466345e+60
0.11	0.0384	-9.7250271065645e+59
0	0.0416	5.50962554568238e+43
0.0022	0.0416	-8.96226092359976e+43
0.0044	0.0416	1.34081056250022e+44
0.0066	0.0416	-1.5370516385222e+42
0.0088	0.0416	-1.20496204817125e+45
0.011	0.0416	1.07052868997023e+46
0.0132	0.0416	8.70096802448196e+45
0.0154	0.0416	3.61905705788104e+45
0.0176	0.0416	-2.88527263288486e+47
0.0198	0.0416	-2.88821169900213e+48
0.022	0.0416	2.51452869264955e+48
0.0242	0.0416	-1.79007331134767e+47
0.0264	0.0416	7.56046521006841e+49
0.0286	0.0416	-1.08985414551078e+50
0.0308	0.0416	1.14908973348755e+51
0.033	0.0416	5.9835020427557e+51
0.0352	0.0416	-6.01647849345216e+51
0.0374	0.0416	-9.10839795373347e+52
0.0396	0.0416	-4.67219164803419e+53
0.0418	0.0416	-7.18926228078934e+53
0.044	0.0416	-3.99764290557441e+53
0.0462	0.0416	8.74144054688748e+52
0.0484	0.0416	-5.22113877931332e+53
0.0506	0.0416	3.44709024908109e+54
0.0528	0.0416	-2.09242759711106e+55
0.055	0.0416	1.08339253128825e+56
0.0572	0.0416	-5.30120037004661e+56
0.0594	0.0416	2.43009855442979e+57
0.0616	0.0416	-1.02013787124569e+58
0.0638	0.0416	3.75737683401639e+58
0.066	0.0416	-1.0943099146566e+59
0.0682	0.0416	1.55036409333602e+59
0.0704	0.0416	8.51597814104271e+59
0.0726	0.0416	-9.29728394787704e+60
0.0748	0.0416	5.34578542349405e+61
0.077	0.0416	5.45674603291573e+61
0.0792	0.0416	4.55742774881659e+61
0.0814	0.0416	-9.65120947944125e+61
0.0836	0.0416	-1.81505263815287e+61
0.0858	0.0416	-5.87001728848079e+61
0.088	0.0416	-5.35648984356918e+62
0.0902	0.0416	-1.66716738078707e+62
0.0924	0.0416	3.15577480076259e+62
0.0946	0.0416	2.93237046373523e+62
0.0968	0.0416	2.1134405734237e+62
0.099	0.0416	1.56229667897659e+62
0.1012	0.0416	1.08844650536066e+62
0.1034	0.0416	7.82297701981355e+61
0.1056	0.0416	5.9633389208406e+61
0.1078	0.0416	4.40440745830346e+61
0.11	0.0416	3.23697281152508e+61
0	0.0448	-6.83195540387351e+42
0.0022	0.0448	4.12436641247205e+43
0.0044	0.0448	-7.00747429940876e+43
0.0066	0.0448	4.1453558713307e+44
0.0088	0.0448	-2.0792241108612e+45
0.011	0.0448	1.21329734816006e+46
0.0132	0.0448	1.04445300519173e+46
0.0154	0.0448	-3.40282278233594e+45
0.0176	0.0448	-2.77461019074999e+47
0.0198	0.0448	-3.12269881366562e+48
0.022	0.0448	2.83326173435137e+48
0.0242	0.0448	-8.63207666055612e+47
0.0264	0.0448	8.04366284966979e+49
0.0286	0.0448	-1.22251444397861e+50
0.0308	0.0448	1.22260827437767e+51
0.033	0.0448	6.17035029344773e+51
0.0352	0.0448	-5.49943429395479e+51
0.0374	0.0448	-1.03239124120296e+53
0.0396	0.0448	-4.83716981726493e+53
0.0418	0.0448	-8.97677077410309e+53
0.044	0.0448	-6.45151800720406e+53
0.0462	0.0448	3.73234589249174e+51
0.0484	0.0448	1.13163361684824e+54
0.0506	0.0448	-8.73363506694518e+54
0.0528	0.0448	6.24906961360427e+55
0.055	0.0448	-3.40130360412012e+56
0.0572	0.0448	1.75563824138752e+57
0.0594	0.0448	-8.55636179031607e+57
0.0616	0.0448	3.86727072393361e+58
0.0638	0.0448	-1.57122553585096e+59
0.066	0.0448	5.37892001938847e+59
0.0682	0.0448	-1.27359363551203e+60
0.0704	0.0448	-3.92038893883126e+59
0.0726	0.0448	2.7353926541646e+61
0.0748	0.0448	-1.96480773136492e+62
0.077	0.0448	-2.06527656560125e+62
0.0792	0.0448	-1.71443088975024e+62
0.0814	0.0448	3.97410389899936e+62
0.0836	0.0448	9.01026474052506e+61
0.0858	0.0448	2.4927155602013e+62
0.088	0.0448	2.18856791587868e+63
0.0902	0.0448	7.2442307799446e+62
0.0924	0.0448	-1.22900487741435e+63
0.0946	0.0448	-1.15750168377018e+63
0.0968	0.0448	-8.41145260612513e+62
0.099	0.0448	-6.28983423049671e+62
0.1012	0.0448	-4.44653578137667e+62
0.1034	0.0448	-3.25859504691121e+62
0.1056	0.0448	-2.54070158651874e+62
0.1078	0.0448	-1.93557146462128e+62
0.11	0.0448	-1.47889093819777e+62
0	0.048	1.16475754532459e+43
0.0022	0.048	-2.07298058157052e+43
0.0044	0.048	-2.79064245430859e+43
0.0066	0.048	2.45340865335428e+44
0.0088	0.048	-1.32287009538573e+45
0.011	0.048	9.78581870152371e+45
0.0132	0.048	2.24426389233235e+46
0.0154	0.048	-3.33748285305433e+46
0.0176	0.048	-1.88704721629422e+47
0.0198	0.048	-3.50211031769373e+48
0.022	0.048	3.14247308201779e+48
0.0242	0.048	-7.72989805592667e+47
0.0264	0.048	7.97304594862648e+49
0.0286	0.048	-9.11427168494337e+49
0.0308	0.048	1.06304109820707e+51
0.033	0.048	7.31445965506215e+51
0.0352	0.048	-7.34477550500148e+51
0.0374	0.048	-9.74850584167434e+52
0.0396	0.048	-5.7020325972498e+53
0.0418	0.048	-9.33368430083718e+53
0.044	0.048	-7.97006480319761e+53
0.0462	0.048	1.46286545994868e+53
0.0484	0.048	-1.78378064592108e+54
0.0506	0.048	1.73498165137786e+55
0.0528	0.048	-1.77766949612057e+56
0.055	0.048	1.01775680282844e+57
0.0572	0.048	-5.54288914289645e+57
0.0594	0.048	2.8700498032855e+58
0.0616	0.048	-1.39237677203368e+59
0.0638	0.048	6.18007588556485e+59
0.066	0.048	-2.40146768946174e+60
0.0682	0.048	7.35376293271226e+60
0.0704	0.048	-1.10031719734971e+61
0.0726	0.048	-5.9208119139312e+61
0.0748	0.048	6.51336939370399e+62
0.077	0.048	7.18403833792155e+62
0.0792	0.048	5.84426681921451e+62
0.0814	0.048	-1.65039697209576e+63
0.0836	0.048	-4.74572296690103e+62
0.0858	0.048	-1.08251445161438e+63
0.088	0.048	-8.82763416971529e+63
0.0902	0.048	-3.15575728349684e+63
0.0924	0.048	4.59696945071486e+63
0.0946	0.048	4.40297421337516e+63
0.0968	0.048	3.22210198733822e+63
0.099	0.048	2.43523532983035e+63
0.1012	0.048	1.74290401555153e+63
0.1034	0.048	1.29919075973629e+63
0.1056	0.048	1.03367835238784e+63
0.1078	0.048	8.08739591857255e+62
0.11	0.048	6.37686456499207e+62
0	0.0512	2.52284052068273e+43
0.0022	0.0512	5.06712140940584e+43
0.0044	0.0512	-1.10133721027902e+44
0.0066	0.0512	3.34927402512763e+44
0.0088	0.0512	-1.2294089407455e+45
0.011	0.0512	8.51698282436904e+45
0.0132	0.0512	3.19780565562403e+46
0.0154	0.0512	-5.9283775208452e+46
0.0176	0.0512	-1.29538173845737e+47
0.0198	0.0512	-3.86814376880732e+48
0.022	0.0512	3.72740952322458e+48
0.0242	0.0512	-2.16759606731949e+48
0.0264	0.0512	8.6878565566886e+49
0.0286	0.0512	-1.11515323924549e+50
0.0308	0.0512	1.16729245415753e+51
0.033	0.0512	7.37569637787074e+51
0.0352	0.0512	-5.82901945633909e+51
0.0374	0.0512	-1.14254881846827e+53
0.0396	0.0512	-5.73630552170489e+53
0.0418	0.0512	-1.24649804188543e+54
0.044	0.0512	-6.19928967516731e+53
0.0462	0.0512	-1.46842475800644e+54
0.0484	0.0512	5.53942070246539e+54
0.0506	0.0512	-5.29645251112937e+55
0.0528	0.0512	4.80300635212882e+56
0.055	0.0512	-2.88242527356076e+57
0.0572	0.0512	1.6576382760411e+58
0.0594	0.0512	-9.12120528093974e+58
0.0616	0.0512	4.74387037387073e+59
0.0638	0.0512	-2.28816970672433e+60
0.066	0.0512	9.90971028439576e+60
0.0682	0.0512	-3.60653928162701e+61
0.0704	0.0512	9.0603129184918e+61
0.0726	0.0512	2.04076775808008e+61
0.0748	0.0512	-1.94842681705428e+63
0.077	0.0512	-2.33186730428388e+63
0.0792	0.0512	-1.81828078065008e+63
0.0814	0.0512	7.00330644204089e+63
0.0836	0.0512	2.50450171877078e+63
0.0858	0.0512	4.83137486273259e+63
0.088	0.0512	3.59538466827944e+64
0.0902	0.0512	1.39432847770928e+64
0.0924	0.0512	-1.69760284202044e+64
0.0946	0.0512	-1.65896022452329e+64
0.0968	0.0512	-1.22043871764368e+64
0.099	0.0512	-9.30867063911607e+63
0.1012	0.0512	-6.7223633298408e+63
0.1034	0.0512	-5.07904211560292e+63
0.1056	0.0512	-4.11074912242981e+63
0.1078	0.0512	-3.28672581711288e+63
0.11	0.0512	-2.65585471202775e+63
0	0.0544	-3.90047276400097e+43
0.0022	0.0544	8.08420392170015e+43
0.0044	0.0544	-2.20490931640904e+44
0.0066	0.0544	4.25662533170163e+44
0.0088	0.0544	-1.02953507406963e+45
0.011	0.0544	7.81075022498472e+45
0.0132	0.0544	3.83843992253311e+46
0.0154	0.0544	-6.61383715627478e+46
0.0176	0.0544	-1.29301234478105e+47
0.0198	0.0544	-3.93626873778483e+48
0.022	0.0544	2.84238871495992e+48
0.0242	0.0544	2.12121568158511e+48
0.0264	0.0544	7.16457641376609e+49
0.0286	0.0544	-2.51923172850775e+49
0.0308	0.0544	8.01979244865462e+50
0.033	0.0544	9.31758856456888e+51
0.0352	0.0544	-1.03855420085472e+52
0.0374	0.0544	-9.86605596904963e+52
0.0396	0.0544	-7.08918028231012e+53
0.0418	0.0544	-1.14521501439825e+54
0.044	0.0544	-1.66020259618194e+54
0.0462	0.0544	2.39900122338708e+54
0.0484	0.0544	-1.45622031959788e+55
0.0506	0.0544	1.35839331154159e+56
0.0528	0.0544	-1.21371345664819e+57
0.055	0.0544	7.65316761731358e+57
0.0572	0.0544	-4.65412040808593e+58
0.0594	0.0544	2.7247579465463e+59
0.0616	0.0544	-1.51987832580329e+60
0.0638	0.0544	7.95294071392926e+60
0.066	0.0544	-3.80706193523887e+61
0.0682	0.0544	1.59174077511385e+62
0.0704	0.0544	-5.20839180485134e+62
0.0726	0.0544	8.15178379755013e+62
0.0748	0.0544	4.62652763722709e+63
0.077	0.0544	6.65657957208805e+63
0.0792	0.0544	4.66873932541925e+63
0.0814	0.0544	-3.04473076700438e+64
0.0836	0.0544	-1.31977584656027e+64
0.0858	0.0544	-2.21647328319265e+64
0.088	0.0544	-1.48459971133817e+65
0.0902	0.0544	-6.26505585772735e+64
0.0924	0.0544	6.16905005197005e+64
0.0946	0.0544	6.18123444210575e+64
0.0968	0.0544	4.55883715310852e+64
0.099	0.0544	3.50103714581058e+64
0.1012	0.0544	2.53882982249958e+64
0.1034	0.0544	1.93533207837641e+64
0.1056	0.0544	1.58808744474249e+64
0.1078	0.0544	1.29151981048345e+64
0.11	0.0544	1.06322540643816e+64
0	0.0576	8.11844857828465e+43
0.0022	0.0576	2.0378411300181e+43
0.0044	0.0576	1.48797541269236e+43
0.0066	0.0576	-3.51405091806261e+44
0.0088	0.0576	1.53739705826519e+45
0.011	0.0576	-4.7797792958858e+44
0.0132	0.0576	6.87661609414425e+46
0.0154	0.0576	-1.51787385318228e+47
0.0176	0.0576	1.11588891201589e+47
0.0198	0.0576	-4.88479260003232e+48
0.022	0.0576	5.23592617022127e+48
0.0242	0.0576	-5.3669116166726e+48
0.0264	0.0576	1.00263927167784e+50
0.0286	0.0576	-1.26135045745968e+50
0.0308	0.0576	1.223480304208e+51
0.033	0.0576	8.12591268056523e+51
0.0352	0.0576	-3.35755697156432e+51
0.0374	0.0576	-1.38116690865354e+53
0.0396	0.0576	-6.27034295632043e+53
0.0418	0.0576	-1.90333914682881e+54
0.044	0.0576	1.96114859844914e+53
0.0462	0.0576	-7.21389332548366e+54
0.0484	0.0576	3.42018142278564e+55
0.0506	0.0576	-3.18669077944514e+56
0.0528	0.0576	2.83192382788855e+57
0.055	0.0576	-1.87999386671513e+58
0.0572	0.0576	1.2113508452501e+59
0.0594	0.0576	-7.56087452886668e+59
0.0616	0.0576	4.53154778456374e+60
0.0638	0.0576	-2.57453131645487e+61
0.066	0.0576	1.35900764500064e+62
0.0682	0.0576	-6.4384216961847e+62
0.0704	0.0576	2.54864156320561e+63
0.0726	0.0576	-6.79942035669315e+63
0.0748	0.0576	-3.24656389786647e+63
0.077	0.0576	-1.35374557464317e+64
0.0792	0.0576	-5.71593460849319e+63
0.0814	0.0576	1.35719566543665e+65
0.0836	0.0576	6.9394914360312e+64
0.0858	0.0576	1.04354300532277e+65
0.088	0.0576	6.23606376188684e+65
0.0902	0.0576	2.86965301300424e+65
0.0924	0.0576	-2.18614835281461e+65
0.0946	0.0576	-2.26480517655143e+65
0.0968	0.0576	-1.66747384449743e+65
0.099	0.0576	-1.28503200623542e+65
0.1012	0.0576	-9.28942251375893e+64
0.1034	0.0576	-7.09921000376031e+64
0.1056	0.0576	-5.88512100395141e+64
0.1078	0.0576	-4.84612113294693e+64
0.11	0.0576	-4.0434353819057e+64
0	0.0608	-1.44421979259152e+44
0.0022	0.0608	2.68514047650024e+44
0.0044	0.0608	-5.42903320604129e+44
0.0066	0.0608	8.76346496518182e+44
0.0088	0.0608	-1.61442065754756e+45
0.011	0.0608	9.58765378742639e+45
0.0132	0.0608	3.93688669698769e+46
0.0154	0.0608	-3.45800211498346e+46
0.0176	0.0608	-3.14367070388805e+47
0.0198	0.0608	-3.50552264154308e+48
0.022	0.0608	-7.00931678727637e+47
0.0242	0.0608	1.62649428700888e+49
0.0264	0.0608	2.49516618468664e+49
0.0286	0.0608	1.85953490095724e+50
0.0308	0.0608	5.66390387031408e+48
0.033	0.0608	1.33454170895168e+52
0.0352	0.0608	-2.02186673623036e+52
0.0374	0.0608	-7.47058162267537e+52
0.0396	0.0608	-9.65486261421653e+53
0.0418	0.0608	-1.03744930838074e+54
0.044	0.0608	-4.5238484760908e+54
0.0462	0.0608	1.31181540993237e+55
0.0484	0.0608	-7.33978437542853e+55
0.0506	0.0608	6.78092277571872e+56
0.0528	0.0608	-5.98445342960979e+57
0.055	0.0608	4.19160494721028e+58
0.0572	0.0608	-2.86861786446381e+59
0.0594	0.0608	1.9142923639719e+60
0.0616	0.0608	-1.23655465621104e+61
0.0638	0.0608	7.65047876110101e+61
0.066	0.0608	-4.46095804702234e+62
0.0682	0.0608	2.38681718794563e+63
0.0704	0.0608	-1.11380709901449e+64
0.0726	0.0608	4.00302784357608e+64
0.0748	0.0608	-5.980020080775e+64
0.077	0.0608	-9.02337805050909e+63
0.0792	0.0608	-4.06488109854587e+64
0.0814	0.0608	-6.20050903852083e+65
0.0836	0.0608	-3.64040953237905e+65
0.0858	0.0608	-5.03123453784774e+65
0.088	0.0608	-2.67667719616761e+66
0.0902	0.0608	-1.34421044692281e+66
0.0924	0.0608	7.42861320004137e+65
0.0946	0.0608	8.08491119807994e+65
0.0968	0.0608	5.90067491297297e+65
0.099	0.0608	4.53936911586942e+65
0.1012	0.0608	3.23108971907081e+65
0.1034	0.0608	2.45021559386554e+65
0.1056	0.0608	2.04312887821516e+65
0.1078	0.0608	1.69508906569901e+65
0.11	0.0608	1.42601434462071e+65
0	0.064	1.35889728023055e+44
0.0022	0.064	-8.45908311148828e+43
0.0044	0.064	4.56124153645284e+44
0.0066	0.064	-2.04383712799315e+45
0.0088	0.064	7.24308587609194e+45
0.011	0.064	-1.76637555982083e+46
0.0132	0.064	1.29460925694087e+47
0.0154	0.064	-3.09615150367601e+47
0.0176	0.064	5.50626512683935e+47
0.0198	0.064	-6.56755386608996e+48
0.022	0.064	8.83840215688605e+48
0.0242	0.064	-1.60836558298957e+49
0.0264	0.064	1.42033780451738e+50
0.0286	0.064	-2.53197330105353e+50
0.0308	0.064	1.74993390169026e+51
0.033	0.064	6.93705456202584e+51
0.0352	0.064	8.16008330373348e+51
0.0374	0.064	-2.00760654382156e+53
0.0396	0.064	-5.36999422231212e+53
0.0418	0.064	-3.35402937954807e+54
0.044	0.064	3.78917544641332e+54
0.0462	0.064	-2.70886117797272e+55
0.0484	0.064	1.38647315031889e+56
0.0506	0.064	-1.27475760713364e+57
0.0528	0.064	1.11193934024742e+58
0.055	0.064	-8.2362212049813e+58
0.0572	0.064	6.00408493063576e+59
0.0594	0.064	-4.29892325323282e+60
0.0616	0.064	3.00583251575733e+61
0.0638	0.064	-2.03531008152294e+62
0.066	0.064	1.31781910428619e+63
0.0682	0.064	-7.99290310022741e+63
0.0704	0.064	4.37523604708174e+64
0.0726	0.064	-1.99249018382541e+65
0.0748	0.064	5.76405527801299e+65
0.077	0.064	3.30768092110707e+65
0.0792	0.064	4.64437956346432e+65
0.0814	0.064	2.90119065747726e+66
0.0836	0.064	1.90630917748183e+66
0.0858	0.064	2.48068491927649e+66
0.088	0.064	1.18199236382816e+67
0.0902	0.064	6.47231543314132e+66
0.0924	0.064	-2.3363847535598e+66
0.0946	0.064	-2.76748347884066e+66
0.0968	0.064	-1.9768565861652e+66
0.099	0.064	-1.5044492404513e+66
0.1012	0.064	-1.02861433179095e+66
0.1034	0.064	-7.58039354331677e+65
0.1056	0.064	-6.31820619912881e+65
0.1078	0.064	-5.24755702693022e+65
0.11	0.064	-4.42318285603947e+65
0	0.0672	-8.88958769556351e+43
0.0022	0.0672	3.18017222725529e+44
0.0044	0.0672	-6.35576496289327e+44
0.0066	0.0672	9.94715138606607e+44
0.0088	0.0672	-2.10683600665482e+45
0.011	0.0672	1.37941602943072e+46
0.0132	0.0672	2.62664615168991e+46
0.0154	0.0672	6.58368357987899e+46
0.0176	0.0672	-7.71131117318439e+47
0.0198	0.0672	-2.09739297618352e+48
0.022	0.0672	-7.92955269553308e+48
0.0242	0.0672	4.32450790503905e+49
0.0264	0.0672	-6.6106180705705e+49
0.0286	0.0672	5.65245721356526e+50
0.0308	0.0672	-1.41932704283942e+51
0.033	0.0672	1.9797757878219e+52
0.0352	0.0672	-3.85668317421084e+52
0.0374	0.0672	-1.71913446749881e+52
0.0396	0.0672	-1.38470407280856e+54
0.0418	0.0672	-4.07777832328917e+53
0.044	0.0672	-1.06954466827252e+55
0.0462	0.0672	3.91820977410867e+55
0.0484	0.0672	-2.23426963486129e+56
0.0506	0.0672	2.02512681496287e+57
0.0528	0.0672	-1.72825274522222e+58
0.055	0.0672	1.35712976299349e+59
0.0572	0.0672	-1.05724383036906e+60
0.0594	0.0672	8.15669140631551e+60
0.0616	0.0672	-6.20790250903735e+61
0.0638	0.0672	4.63370484225103e+62
0.066	0.0672	-3.36146766564398e+63
0.0682	0.0672	2.33510274555511e+64
0.0704	0.0672	-1.51276244133492e+65
0.0726	0.0672	8.65364054248892e+65
0.0748	0.0672	-3.75927836480645e+66
0.077	0.0672	-2.59879251937599e+66
0.0792	0.0672	-3.20486412442052e+66
0.0814	0.0672	-1.39237009264472e+67
0.0836	0.0672	-9.99065777144835e+66
0.0858	0.0672	-1.25458118309066e+67
0.088	0.0672	-5.43678154477508e+67
0.0902	0.0672	-3.23528115972679e+67
0.0924	0.0672	6.18536805645111e+66
0.0946	0.0672	8.8237123180698e+66
0.0968	0.0672	6.00729917411243e+66
0.099	0.0672	4.4417265368839e+66
0.1012	0.0672	2.7343000142992e+66
0.1034	0.0672	1.84247414437083e+66
0.1056	0.0672	1.51661591556133e+66
0.1078	0.0672	1.24841694821902e+66
0.11	0.0672	1.04448254068667e+66
0	0.0704	-2.77384356071337e+44
0.0022	0.0704	2.83340010439223e+44
0.0044	0.0704	1.12115705315899e+44
0.0066	0.0704	-1.89705025056032e+45
0.0088	0.0704	7.80105697259149e+45
0.011	0.0704	-1.90500878548453e+46
0.0132	0.0704	1.41167398665776e+47
0.0154	0.0704	-3.06557102974191e+47
0.0176	0.0704	4.78731867940605e+47
0.0198	0.0704	-6.66865732397437e+48
0.022	0.0704	7.30113409198128e+48
0.0242	0.0704	-1.08638851215254e+49
0.0264	0.0704	1.34585406498799e+50
0.0286	0.0704	-2.15020459483239e+50
0.0308	0.0704	1.74474132902814e+51
0.033	0.0704	7.44349931475946e+51
0.0352	0.0704	1.55482326592308e+52
0.0374	0.0704	-2.53600959599399e+53
0.0396	0.0704	-4.86239157163264e+53
0.0418	0.0704	-4.94555129432132e+54
0.044	0.0704	7.50450599848308e+54
0.0462	0.0704	-5.16587435485873e+55
0.0484	0.0704	2.82976789803367e+56
0.0506	0.0704	-2.49756529204034e+57
0.0528	0.0704	2.03205792754252e+58
0.055	0.0704	-1.69745053521772e+59
0.0572	0.0704	1.41880118512116e+60
0.0594	0.0704	-1.18543496210685e+61
0.0616	0.0704	9.88944012071034e+61
0.0638	0.0704	-8.21868411956344e+62
0.066	0.0704	6.77462904950049e+63
0.0682	0.0704	-5.49457514005665e+64
0.0704	0.0704	4.31788734235498e+65
0.0726	0.0704	-3.18288670829481e+66
0.0748	0.0704	2.02312757711167e+67
0.077	0.0704	1.50771576719536e+67
0.0792	0.0704	1.81309072305433e+67
0.0814	0.0704	6.96949960514744e+67
0.0836	0.0704	5.303284361261e+67
0.0858	0.0704	6.64584776089859e+67
0.088	0.0704	2.68241875992435e+68
0.0902	0.0704	1.71770893883355e+68
0.0924	0.0704	-8.88245389974096e+66
0.0946	0.0704	-2.51877055225055e+67
0.0968	0.0704	-1.53719843255226e+67
0.099	0.0704	-1.06272198210293e+67
0.1012	0.0704	-4.53486888826104e+66
0.1034	0.0704	-1.83511199932469e+66
0.1056	0.0704	-1.43282481259706e+66
0.1078	0.0704	-1.17066143660243e+66
0.11	0.0704	-9.71232665355005e+65
0	0.0736	5.71545678942943e+44
0.0022	0.0736	-6.64542784832389e+44
0.0044	0.0736	1.50265020251162e+45
0.0066	0.0736	-4.35070410255566e+45
0.0088	0.0736	1.20250888842487e+46
0.011	0.0736	-2.35185950840253e+46
0.0132	0.0736	1.37978203567513e+47
0.0154	0.0736	-2.15926716057745e+47
0.0176	0.0736	-1.6768562524861e+45
0.0198	0.0736	-4.75850484695803e+48
0.022	0.0736	-1.69110366445674e+48
0.0242	0.0736	2.42260134242801e+49
0.0264	0.0736	3.59444511945153e+48
0.0286	0.0736	3.41855021381591e+50
0.0308	0.0736	-5.399746099373e+50
0.033	0.0736	1.74348243748226e+52
0.0352	0.0736	-2.19531712364437e+52
0.0374	0.0736	-9.51711740646875e+52
0.0396	0.0736	-1.30404605363531e+54
0.0418	0.0736	-1.93769322110597e+54
0.044	0.0736	-9.40817160913696e+54
0.0462	0.0736	3.34859485676526e+55
0.0484	0.0736	-2.36046584454346e+56
0.0506	0.0736	1.90258958471239e+57
0.0528	0.0736	-1.31800409133784e+58
0.055	0.0736	1.19383136321452e+59
0.0572	0.0736	-1.08603130777433e+60
0.0594	0.0736	9.93050921280164e+60
0.0616	0.0736	-9.17518365380177e+61
0.0638	0.0736	8.61475853953378e+62
0.066	0.0736	-8.26858810163002e+63
0.0682	0.0736	8.15970653531438e+64
0.0704	0.0736	-8.3194419145534e+65
0.0726	0.0736	8.79242088119682e+66
0.0748	0.0736	-9.6425142830796e+67
0.077	0.0736	-7.71678818009159e+67
0.0792	0.0736	-9.56475775619102e+67
0.0814	0.0736	-4.07377518998358e+68
0.0836	0.0736	-2.98210113815256e+68
0.0858	0.0736	-4.12867776096608e+68
0.088	0.0736	-1.56558579733913e+69
0.0902	0.0736	-1.01882991607239e+69
0.0924	0.0736	-3.80167678467869e+66
0.0946	0.0736	1.01367580136744e+68
0.0968	0.0736	5.88406146007535e+67
0.099	0.0736	4.0199042465965e+67
0.1012	0.0736	1.14735516601764e+67
0.1034	0.0736	2.25135847837216e+65
0.1056	0.0736	5.64673553641863e+65
0.1078	0.0736	1.17921207523571e+66
0.11	0.0736	1.42784719457718e+66
0	0.0768	-7.74859099558109e+44
0.0022	0.0768	1.20463558886981e+45
0.0044	0.0768	-2.12815656224296e+45
0.0066	0.0768	4.34467639856439e+45
0.0088	0.0768	-1.12056293277283e+46
0.011	0.0768	4.31672051036336e+46
0.0132	0.0768	-5.47455120114676e+46
0.0154	0.0768	3.88716126112096e+47
0.0176	0.0768	-1.89559050608289e+48
0.0198	0.0768	9.05386339783286e+47
0.022	0.0768	-2.03017122520496e+49
0.0242	0.0768	8.26009820899724e+49
0.0264	0.0768	-1.7626696783991e+50
0.0286	0.0768	9.53669407042707e+50
0.0308	0.0768	-2.51211293151548e+51
0.033	0.0768	2.41556603076506e+52
0.0352	0.0768	-3.8477005516031e+52
0.0374	0.0768	-6.61726843882543e+52
0.0396	0.0768	-1.42286640793583e+54
0.0418	0.0768	-2.7209904170741e+54
0.044	0.0768	-6.23149911736296e+54
0.0462	0.0768	1.6408190236336e+52
0.0484	0.0768	3.21147977687225e+55
0.0506	0.0768	1.91334597834892e+56
0.0528	0.0768	-6.71559018750592e+57
0.055	0.0768	4.74747718384838e+58
0.0572	0.0768	-3.45073863627861e+59
0.0594	0.0768	2.72456112253924e+60
0.0616	0.0768	-2.43756300457363e+61
0.0638	0.0768	2.50576411352001e+62
0.066	0.0768	-2.885362655215e+63
0.0682	0.0768	3.56826918757754e+64
0.0704	0.0768	-4.58102417416228e+65
0.0726	0.0768	5.98698403578876e+66
0.0748	0.0768	-7.89194889602855e+67
0.077	0.0768	-7.72614233681424e+67
0.0792	0.0768	-7.39624523262953e+67
0.0814	0.0768	-3.452704109082e+68
0.0836	0.0768	-2.9078184266243e+68
0.0858	0.0768	-2.8565160842305e+68
0.088	0.0768	-1.21110799392461e+69
0.0902	0.0768	-1.01232446635963e+69
0.0924	0.0768	-1.64991008808529e+68
0.0946	0.0768	9.17299826192737e+67
0.0968	0.0768	4.1208814713781e+67
0.099	0.0768	1.19979673919318e+67
0.1012	0.0768	-8.31445777151204e+66
0.1034	0.0768	-2.88835673664128e+64
0.1056	0.0768	1.06639873582004e+66
0.1078	0.0768	1.56029652457945e+66
0.11	0.0768	1.77011839798183e+66
0	0.08	6.42008473794496e+44
0.0022	0.08	-1.30534327422193e+45
0.0044	0.08	3.56043128973396e+45
0.0066	0.08	-1.05430004722273e+46
0.0088	0.08	3.08548964684038e+46
0.011	0.08	-8.06368224270912e+46
0.0132	0.08	3.28701242745281e+47
0.0154	0.08	-7.93238151761851e+47
0.0176	0.08	1.88679655990828e+48
0.0198	0.08	-1.16479324826496e+49
0.022	0.08	2.00487661145412e+49
0.0242	0.08	-5.22928186413453e+49
0.0264	0.08	2.88033127848933e+50
0.0286	0.08	-7.35679462699331e+50
0.0308	0.08	3.79480117409103e+51
0.033	0.08	1.04660209799395e+51
0.0352	0.08	5.32102541036028e+52
0.0374	0.08	-4.15056664131605e+53
0.0396	0.08	-2.39457619794778e+53
0.0418	0.08	-7.93550018654262e+54
0.044	0.08	1.03046538855874e+55
0.0462	0.08	-6.29983351652536e+55
0.0484	0.08	2.50605284874522e+56
0.0506	0.08	-2.85260579056543e+57
0.0528	0.08	2.8485412892506e+58
0.055	0.08	-2.16871569365134e+59
0.0572	0.08	1.64105734521614e+60
0.0594	0.08	-1.23307222548443e+61
0.0616	0.08	9.10702662200267e+61
0.0638	0.08	-6.4597582625744e+62
0.066	0.08	4.14856353408133e+63
0.0682	0.08	-1.95290771754685e+64
0.0704	0.08	-3.45995356341111e+64
0.0726	0.08	2.9832652846865e+66
0.0748	0.08	-6.22994375646742e+67
0.077	0.08	-9.68256601395331e+67
0.0792	0.08	-1.14741508748666e+68
0.0814	0.08	-3.54189891877124e+68
0.0836	0.08	-2.57779046839325e+68
0.0858	0.08	-3.99624937833726e+68
0.088	0.08	-1.30295258424269e+69
0.0902	0.08	-7.81705487115257e+68
0.0924	0.08	7.7212242901129e+66
0.0946	0.08	6.0609686066279e+67
0.0968	0.08	3.41232705514592e+67
0.099	0.08	4.25174798953305e+66
0.1012	0.08	4.42812371513045e+66
0.1034	0.08	1.09012531385589e+66
0.1056	0.08	7.98293382007596e+65
0.1078	0.08	1.6410603033309e+66
0.11	0.08	1.81766910776853e+66
0	0.0832	-2.71260330175169e+44
0.0022	0.0832	8.47673374257411e+44
0.0044	0.0832	-2.42665877630915e+45
0.0066	0.0832	7.04735989877099e+45
0.0088	0.0832	-2.29930161465377e+46
0.011	0.0832	8.99571835765518e+46
0.0132	0.0832	-2.16014768235942e+47
0.0154	0.0832	1.01543793308356e+48
0.0176	0.0832	-4.13461950046259e+48
0.0198	0.0832	8.23490302488083e+48
0.022	0.0832	-4.79973841636399e+49
0.0242	0.0832	1.78320458427539e+50
0.0264	0.0832	-5.00968536596614e+50
0.0286	0.0832	2.2024818025684e+51
0.0308	0.0832	-7.18199773225964e+51
0.033	0.0832	4.30469314867945e+52
0.0352	0.0832	-1.02699277853566e+53
0.0374	0.0832	1.76203261721628e+53
0.0396	0.0832	-2.68566491972926e+54
0.0418	0.0832	9.56029949973233e+53
0.044	0.0832	-2.97364880332875e+55
0.0462	0.0832	1.0338935665892e+56
0.0484	0.0832	-5.62773289706908e+56
0.0506	0.0832	5.57559914171056e+57
0.0528	0.0832	-4.93566616064024e+58
0.055	0.0832	3.83650052343251e+59
0.0572	0.0832	-2.99448894264097e+60
0.0594	0.0832	2.36576213052121e+61
0.0616	0.0832	-1.91213204914522e+62
0.0638	0.0832	1.60756825992811e+63
0.066	0.0832	-1.43646076533688e+64
0.0682	0.0832	1.39257264001588e+65
0.0704	0.0832	-1.47870138556485e+66
0.0726	0.0832	1.70701981104536e+67
0.0748	0.0832	-2.10012117298456e+68
0.077	0.0832	-2.65017731250922e+68
0.0792	0.0832	-2.83611058891828e+68
0.0814	0.0832	-3.01108371385311e+68
0.0836	0.0832	-2.53870182140179e+68
0.0858	0.0832	-2.61034961417488e+68
0.088	0.0832	-9.49152528049412e+68
0.0902	0.0832	-8.19014842719387e+68
0.0924	0.0832	-1.79820122612093e+68
0.0946	0.0832	6.56570397541497e+67
0.0968	0.0832	1.81241992430772e+67
0.099	0.0832	2.26982619743658e+66
0.1012	0.0832	-2.80604790323765e+66
0.1034	0.0832	-1.88362597089037e+65
0.1056	0.0832	1.52579490168359e+66
0.1078	0.0832	2.01333660743987e+66
0.11	0.0832	2.2104929423028e+66
0	0.0864	-6.95355388754713e+43
0.0022	0.0864	-5.35802660317654e+44
0.0044	0.0864	2.26387522038068e+45
0.0066	0.0864	-8.23698189249386e+45
0.0088	0.0864	2.69329318896808e+46
0.011	0.0864	-7.40170478527767e+46
0.0132	0.0864	3.36706259587453e+47
0.0154	0.0864	-8.25516378721016e+47
0.0176	0.0864	2.14904117695152e+48
0.0198	0.0864	-1.36650430175907e+49
0.022	0.0864	2.67163631559817e+49
0.0242	0.0864	-8.26514493969186e+49
0.0264	0.0864	4.29016306267998e+50
0.0286	0.0864	-1.32902619076597e+51
0.0308	0.0864	6.51688968018499e+51
0.033	0.0864	-9.98509380680741e+51
0.0352	0.0864	1.12113680455592e+53
0.0374	0.0864	-6.83848598585957e+53
0.0396	0.0864	6.42695583441834e+53
0.0418	0.0864	-1.37303582950403e+55
0.044	0.0864	2.87161240680749e+55
0.0462	0.0864	-1.66354643616275e+56
0.0484	0.0864	8.23032429017313e+56
0.0506	0.0864	-7.61651680035179e+57
0.0528	0.0864	6.29691360530527e+58
0.055	0.0864	-4.81268490325693e+59
0.0572	0.0864	3.60128629332363e+60
0.0594	0.0864	-2.59442445400471e+61
0.0616	0.0864	1.73173042902098e+62
0.0638	0.0864	-9.62295229545779e+62
0.066	0.0864	2.41178955730428e+63
0.0682	0.0864	4.73683131534306e+64
0.0704	0.0864	-1.22435423988241e+66
0.0726	0.0864	2.05576770963872e+67
0.0748	0.0864	-3.0188120325964e+68
0.077	0.0864	-3.54244912016238e+68
0.0792	0.0864	-3.66809845001142e+68
0.0814	0.0864	-4.31463562707838e+68
0.0836	0.0864	-4.73206779858039e+68
0.0858	0.0864	-5.4767234516925e+68
0.088	0.0864	-1.04742638077924e+69
0.0902	0.0864	-6.07425696827767e+68
0.0924	0.0864	3.27388701389721e+67
0.0946	0.0864	2.94855040559709e+67
0.0968	0.0864	2.25378033840739e+67
0.099	0.0864	3.40024133902849e+65
0.1012	0.0864	1.69914938982532e+66
0.1034	0.0864	1.4798137379021e+66
0.1056	0.0864	1.33189916675052e+66
0.1078	0.0864	2.19931220173504e+66
0.11	0.0864	2.3205562230668e+66
0	0.0896	1.24308784064453e+45
0.0022	0.0896	-8.29184162961218e+44
0.0044	0.0896	1.20243031034732e+44
0.0066	0.0896	2.0069026536554e+45
0.0088	0.0896	-1.17695516233212e+46
0.011	0.0896	6.55142290871459e+46
0.0132	0.0896	-1.49146207803929e+47
0.0154	0.0896	9.08014986187333e+47
0.0176	0.0896	-3.94439368413302e+48
0.0198	0.0896	7.40163400288718e+48
0.022	0.0896	-4.84211574609655e+49
0.0242	0.0896	1.81347445689739e+50
0.0264	0.0896	-5.0570474088767e+50
0.0286	0.0896	2.26815539755707e+51
0.0308	0.0896	-7.42613460177271e+51
0.033	0.0896	4.54438389557722e+52
0.0352	0.0896	-1.04353283451011e+53
0.0374	0.0896	1.87798996875961e+53
0.0396	0.0896	-3.13868768309857e+54
0.0418	0.0896	1.41116828494138e+54
0.044	0.0896	-4.36986729918293e+55
0.0462	0.0896	1.69655181711994e+56
0.0484	0.0896	-1.04051160198765e+57
0.0506	0.0896	9.17927262219006e+57
0.0528	0.0896	-7.40487967746185e+58
0.055	0.0896	6.1346130422383e+59
0.0572	0.0896	-5.18864413382576e+60
0.0594	0.0896	4.50447365105846e+61
0.0616	0.0896	-4.0384102195298e+62
0.0638	0.0896	3.76108862002096e+63
0.066	0.0896	-3.65531382452342e+64
0.0682	0.0896	3.71482645108362e+65
0.0704	0.0896	-3.94386665175975e+66
0.0726	0.0896	4.35749452637856e+67
0.0748	0.0896	-4.98268568174592e+68
0.077	0.0896	-5.74837876583529e+68
0.0792	0.0896	-5.93971125968699e+68
0.0814	0.0896	-6.71754432871346e+68
0.0836	0.0896	-6.9921292686219e+68
0.0858	0.0896	-7.81189586005653e+68
0.088	0.0896	-7.14266024610154e+68
0.0902	0.0896	-6.74206403336561e+68
0.0924	0.0896	-1.9296701071086e+68
0.0946	0.0896	5.17884288307702e+67
0.0968	0.0896	3.39128187108014e+66
0.099	0.0896	2.70487682210644e+66
0.1012	0.0896	-9.97241447239104e+65
0.1034	0.0896	4.27518588591425e+65
0.1056	0.0896	2.07546112618236e+66
0.1078	0.0896	2.64801158290592e+66
0.11	0.0896	2.74412416693239e+66
0	0.0928	-1.53126948009693e+45
0.0022	0.0928	2.46955535460787e+45
0.0044	0.0928	-4.56243167383178e+45
0.0066	0.0928	8.55849190822696e+45
0.0088	0.0928	-1.77569202166654e+46
0.011	0.0928	5.36943547970101e+46
0.0132	0.0928	-2.68726632198888e+46
0.0154	0.0928	3.24825710487646e+47
0.0176	0.0928	-1.39493459538809e+48
0.0198	0.0928	-3.27101996753769e+48
0.022	0.0928	-8.01834863394068e+48
0.0242	0.0928	2.56000645323669e+49
0.0264	0.0928	9.67301176388668e+49
0.0286	0.0928	-1.68317460077985e+50
0.0308	0.0928	2.66297162298505e+51
0.033	0.0928	3.97799661751647e+51
0.0352	0.0928	7.61192387797126e+52
0.0374	0.0928	-5.80958449893447e+53
0.0396	0.0928	9.39452174107328e+51
0.0418	0.0928	-1.37154146907352e+55
0.044	0.0928	2.07716765989896e+55
0.0462	0.0928	-1.62564765973021e+56
0.0484	0.0928	8.70515107519402e+56
0.0506	0.0928	-7.14151171128499e+57
0.0528	0.0928	4.90079906761778e+58
0.055	0.0928	-3.7745240934559e+59
0.0572	0.0928	2.89163128767594e+60
0.0594	0.0928	-2.18141460279163e+61
0.0616	0.0928	1.59448748224215e+62
0.0638	0.0928	-1.09033551793225e+63
0.066	0.0928	6.34177815812941e+63
0.0682	0.0928	-1.94384398762002e+64
0.0704	0.0928	-2.59857396080077e+65
0.0726	0.0928	7.60814903433516e+66
0.0748	0.0928	-1.34459900640465e+68
0.077	0.0928	-1.45787789795432e+68
0.0792	0.0928	-1.46876261565244e+68
0.0814	0.0928	-1.58398121954732e+68
0.0836	0.0928	-1.61183115954924e+68
0.0858	0.0928	-1.72660966028036e+68
0.088	0.0928	-2.02535557229709e+68
0.0902	0.0928	-2.46445790433494e+68
0.0924	0.0928	-3.90881148131907e+65
0.0946	0.0928	2.3769321690703e+67
0.0968	0.0928	1.49121252316494e+67
0.099	0.0928	-1.67678676119262e+66
0.1012	0.0928	1.10652824702461e+66
0.1034	0.0928	2.03352391077276e+66
0.1056	0.0928	2.11738505531056e+66
0.1078	0.0928	2.93024710100035e+66
0.11	0.0928	2.93800338192511e+66
0	0.096	1.10630163028528e+45
0.0022	0.096	-1.62963570924669e+45
0.0044	0.096	3.74183453966285e+45
0.0066	0.096	-1.06622465580267e+46
0.0088	0.096	2.98122413862414e+46
0.011	0.096	-6.77108218926815e+46
0.0132	0.096	2.98310086872321e+47
0.0154	0.096	-5.07578639725984e+47
0.0176	0.096	7.79963278359216e+47
0.0198	0.096	-9.20485324715903e+48
0.022	0.096	5.72327311469335e+48
0.0242	0.096	-6.06214066135371e+48
0.0264	0.096	1.62823756077758e+50
0.0286	0.096	-2.21079159943059e+50
0.0308	0.096	2.15479551302815e+51
0.033	0.096	9.87778176150262e+51
0.0352	0.096	4.30571469167063e+52
0.0374	0.096	-3.84320880716871e+53
0.0396	0.096	-1.31365011082031e+54
0.0418	0.096	-7.7192705729942e+54
0.044	0.096	-2.00086461533135e+55
0.0462	0.096	5.94781771381895e+55
0.0484	0.096	-6.17605026190909e+56
0.0506	0.096	3.72754060436871e+57
0.0528	0.096	-1.88296684396365e+58
0.055	0.096	1.19826604880592e+59
0.0572	0.096	-6.92570000039685e+59
0.0594	0.096	3.14167493419297e+60
0.0616	0.096	-3.31396930570969e+60
0.0638	0.096	-1.71682839880195e+62
0.066	0.096	3.14535786530263e+63
0.0682	0.096	-4.03814160210062e+64
0.0704	0.096	4.426597714362e+65
0.0726	0.096	-4.29094378538578e+66
0.0748	0.096	3.55708175104814e+67
0.077	0.096	3.98609819482516e+67
0.0792	0.096	4.07439826027875e+67
0.0814	0.096	4.52200370190924e+67
0.0836	0.096	4.68206960378593e+67
0.0858	0.096	5.14753376974334e+67
0.088	0.096	6.01681838045216e+67
0.0902	0.096	7.33603679636961e+67
0.0924	0.096	1.38677525605614e+67
0.0946	0.096	8.64788303338051e+66
0.0968	0.096	5.82112185235117e+66
0.099	0.096	6.37547972633351e+65
0.1012	0.096	2.76259264229521e+65
0.1034	0.096	1.60204061769064e+66
0.1056	0.096	2.87933334571692e+66
0.1078	0.096	3.49553625580507e+66
0.11	0.096	3.39924764401895e+66
0	0.0992	-1.10031636877073e+45
0.0022	0.0992	2.34388274789108e+45
0.0044	0.0992	-5.14429647894182e+45
0.0066	0.0992	1.1173015086721e+46
0.0088	0.0992	-2.77666092386005e+46
0.011	0.0992	9.2667403395022e+46
0.0132	0.0992	-1.54691188834881e+47
0.0154	0.0992	8.49528867923239e+47
0.0176	0.0992	-3.23533103557054e+48
0.0198	0.0992	2.45465369440162e+48
0.022	0.0992	-3.05183821101788e+49
0.0242	0.0992	1.020179769804e+50
0.0264	0.0992	-1.56863892668173e+50
0.0286	0.0992	8.22612739644632e+50
0.0308	0.0992	-1.04928121881086e+51
0.033	0.0992	1.96756366655114e+52
0.0352	0.0992	2.46828693373474e+52
0.0374	0.0992	-3.70201423236033e+53
0.0396	0.0992	-1.30544889194846e+54
0.0418	0.0992	-1.03499429735578e+55
0.044	0.0992	-8.61551307296958e+54
0.0462	0.0992	-5.03491153735336e+55
0.0484	0.0992	2.07338855838728e+56
0.0506	0.0992	-1.30284376919312e+57
0.0528	0.0992	1.88389290908559e+57
0.055	0.0992	5.7435290361722e+57
0.0572	0.0992	-2.03499696940045e+59
0.0594	0.0992	2.83355205303871e+60
0.0616	0.0992	-3.15215423824275e+61
0.0638	0.0992	3.12280086553606e+62
0.066	0.0992	-2.84272091227371e+63
0.0682	0.0992	2.38560692003755e+64
0.0704	0.0992	-1.81080665887414e+65
0.0726	0.0992	1.17141079895877e+66
0.0748	0.0992	-5.22060296087119e+66
0.077	0.0992	-6.23038576957583e+66
0.0792	0.0992	-6.5196700835296e+66
0.0814	0.0992	-7.60682221196486e+66
0.0836	0.0992	-8.10734419674543e+66
0.0858	0.0992	-9.27902005246029e+66
0.088	0.0992	-1.16071259792898e+67
0.0902	0.0992	-1.50246531820197e+67
0.0924	0.0992	-2.89233966359399e+65
0.0946	0.0992	1.25808109991192e+66
0.0968	0.0992	1.98448004249848e+66
0.099	0.0992	2.2306603307533e+66
0.1012	0.0992	2.40519875704407e+66
0.1034	0.0992	3.19775047369716e+66
0.1056	0.0992	3.20262549475539e+66
0.1078	0.0992	3.90674760892639e+66
0.11	0.0992	3.68198087076468e+66
0	0.1024	2.68215804898373e+44
0.0022	0.1024	-1.29040680199846e+45
0.0044	0.1024	4.67511296113126e+45
0.0066	0.1024	-1.60909406826724e+46
0.0088	0.1024	5.00466212046374e+46
0.011	0.1024	-1.34770916027316e+47
0.0132	0.1024	5.36814215576784e+47
0.0154	0.1024	-1.23633233767456e+48
0.0176	0.1024	3.25892763064414e+48
0.0198	0.1024	-1.84153797795497e+49
0.022	0.1024	3.47912391391017e+49
0.0242	0.1024	-1.08927907204299e+50
0.0264	0.1024	5.40900453069808e+50
0.0286	0.1024	-1.6223957120833e+51
0.0308	0.1024	7.62201312546812e+51
0.033	0.1024	-9.87964705512677e+51
0.0352	0.1024	1.30448604278845e+53
0.0374	0.1024	-7.18426461984919e+53
0.0396	0.1024	-4.78368140042251e+53
0.0418	0.1024	-1.33334670755083e+55
0.044	0.1024	-1.31249135554703e+55
0.0462	0.1024	1.34901826669668e+54
0.0484	0.1024	-3.87821799410855e+56
0.0506	0.1024	-1.34343980877166e+56
0.0528	0.1024	3.5573526013301e+57
0.055	0.1024	-3.60641456651697e+58
0.0572	0.1024	3.3522614082742e+59
0.0594	0.1024	-2.94259943289489e+60
0.0616	0.1024	2.46071006227479e+61
0.0638	0.1024	-1.9643613765065e+62
0.066	0.1024	1.49397976174126e+63
0.0682	0.1024	-1.07811160322837e+64
0.0704	0.1024	7.37147180497712e+64
0.0726	0.1024	-4.85678177941401e+65
0.0748	0.1024	3.33693935516469e+66
0.077	0.1024	3.79161321993478e+66
0.0792	0.1024	3.91372588181532e+66
0.0814	0.1024	4.39687586016849e+66
0.0836	0.1024	4.59979637104252e+66
0.0858	0.1024	5.11757612866989e+66
0.088	0.1024	5.81428988955317e+66
0.0902	0.1024	6.93025083223182e+66
0.0924	0.1024	3.34369733915139e+66
0.0946	0.1024	3.13415438488417e+66
0.0968	0.1024	3.0644138626755e+66
0.099	0.1024	3.18601840749693e+66
0.1012	0.1024	3.26909671446271e+66
0.1034	0.1024	3.56426751694308e+66
0.1056	0.1024	4.05485335706763e+66
0.1078	0.1024	4.62638938376816e+66
0.11	0.1024	4.1925175471981e+66
0	0.1056	7.51091528867034e+44
0.0022	0.1056	-7.6461152551191e+42
0.0044	0.1056	-1.46592690217446e+45
0.0066	0.1056	4.44411426143107e+45
0.0088	0.1056	-1.56306441429404e+46
0.011	0.1056	7.6269761852819e+46
0.0132	0.1056	-1.36377235064539e+47
0.0154	0.1056	9.91415049218152e+47
0.0176	0.1056	-4.01794848389848e+48
0.0198	0.1056	5.18666645028047e+48
0.022	0.1056	-4.49509827239765e+49
0.0242	0.1056	1.55893651634926e+50
0.0264	0.1056	-3.47859798327192e+50
0.0286	0.1056	1.64352794882e+51
0.0308	0.1056	-4.35910259327281e+51
0.033	0.1056	3.49640255762702e+52
0.0352	0.1056	-2.85679806174494e+52
0.0374	0.1056	-1.29058186017872e+53
0.0396	0.1056	-2.87523772382874e+54
0.0418	0.1056	-6.08080628787467e+54
0.044	0.1056	-4.61594960979634e+55
0.0462	0.1056	8.33734634301373e+55
0.0484	0.1056	1.84640607791829e+55
0.0506	0.1056	4.08086053802821e+56
0.0528	0.1056	-3.739610070444e+57
0.055	0.1056	3.03612436114095e+58
0.0572	0.1056	-2.37055991598005e+59
0.0594	0.1056	1.77691247878196e+60
0.0616	0.1056	-1.26684456628227e+61
0.0638	0.1056	8.42317367025803e+61
0.066	0.1056	-4.99024192032739e+62
0.0682	0.1056	2.28522977018761e+63
0.0704	0.1056	-1.9553572819128e+63
0.0726	0.1056	-1.41204065258053e+65
0.0748	0.1056	2.68740243659605e+66
0.077	0.1056	2.8052697174563e+66
0.0792	0.1056	2.80684946517875e+66
0.0814	0.1056	2.91635199494922e+66
0.0836	0.1056	2.91381735873998e+66
0.0858	0.1056	3.01442666442556e+66
0.088	0.1056	2.90148953828278e+66
0.0902	0.1056	2.84779454514432e+66
0.0924	0.1056	3.83984298838343e+66
0.0946	0.1056	4.14643133863777e+66
0.0968	0.1056	4.27246891893947e+66
0.099	0.1056	4.50327945372615e+66
0.1012	0.1056	4.61090198910681e+66
0.1034	0.1056	4.80610745137382e+66
0.1056	0.1056	4.83706341705144e+66
0.1078	0.1056	5.18183330770903e+66
0.11	0.1056	4.58324494553815e+66
0	0.1088	-8.61888749465954e+44
0.0022	0.1088	1.15765950484745e+45
0.0044	0.1088	-8.7321253619926e+44
0.0066	0.1088	-2.66657505230097e+45
0.0088	0.1088	1.39259490122124e+46
0.011	0.1088	-2.87606246487478e+46
0.0132	0.1088	2.34455736421234e+47
0.0154	0.1088	-2.28486086481092e+47
0.0176	0.1088	1.31340963344521e+47
0.0198	0.1088	-9.33219832135356e+48
0.022	0.1088	3.03382202646884e+48
0.0242	0.1088	-9.07268444347447e+48
0.0264	0.1088	2.30853122485863e+50
0.0286	0.1088	-4.94188258963337e+50
0.0308	0.1088	3.71181836676674e+51
0.033	0.1088	5.41596807505299e+51
0.0352	0.1088	8.76679096237203e+52
0.0374	0.1088	-5.58977487410763e+53
0.0396	0.1088	-1.55521480968907e+54
0.0418	0.1088	-1.22708238544963e+55
0.044	0.1088	1.11547664325279e+55
0.0462	0.1088	-1.97233209876199e+55
0.0484	0.1088	3.3885112127703e+55
0.0506	0.1088	-3.53917515415968e+56
0.0528	0.1088	2.78486612131999e+57
0.055	0.1088	-2.10724456800818e+58
0.0572	0.1088	1.56585233090451e+59
0.0594	0.1088	-1.14645419254617e+60
0.0616	0.1088	8.31726112231947e+60
0.0638	0.1088	-6.04713532582791e+61
0.066	0.1088	4.49779444039955e+62
0.0682	0.1088	-3.53123403476857e+63
0.0704	0.1088	3.03074069067486e+64
0.0726	0.1088	-2.90268693529687e+65
0.0748	0.1088	3.07797675145921e+66
0.077	0.1088	3.30164372121341e+66
0.0792	0.1088	3.3445730661949e+66
0.0814	0.1088	3.57233480861525e+66
0.0836	0.1088	3.63721496060716e+66
0.0858	0.1088	3.8712233303953e+66
0.088	0.1088	3.98545971117589e+66
0.0902	0.1088	4.26555612044224e+66
0.0924	0.1088	4.11857362313596e+66
0.0946	0.1088	4.30940534822891e+66
0.0968	0.1088	4.40234968321197e+66
0.099	0.1088	4.62087045625236e+66
0.1012	0.1088	4.73948533997242e+66
0.1034	0.1088	4.97748946763169e+66
0.1056	0.1088	5.1376983252871e+66
0.1078	0.1088	5.35000348051421e+66
0.11	0.1088	5.54541709505753e+66
0	0.112	8.10428497758692e+44
0.0022	0.112	-7.76207099759183e+44
0.0044	0.112	1.07276816517762e+45
0.0066	0.112	-3.17888958458875e+45
0.0088	0.112	6.13690962240834e+45
0.011	0.112	1.52578626637234e+46
0.0132	0.112	6.25102520388162e+46
0.0154	0.112	4.61861104904751e+47
0.0176	0.112	-2.30058018040278e+48
0.0198	0.112	-1.27853838937099e+48
0.022	0.112	-2.6384772636508e+49
0.0242	0.112	9.0305063089704e+49
0.0264	0.112	-1.03218056421878e+50
0.0286	0.112	7.66438088165896e+50
0.0308	0.112	-9.42940402591614e+50
0.033	0.112	2.34634753852613e+52
0.0352	0.112	2.76534842622856e+52
0.0374	0.112	-3.32053234493839e+53
0.0396	0.112	-2.64067286572906e+54
0.0418	0.112	2.71017767380199e+54
0.044	0.112	-2.84119955852165e+54
0.0462	0.112	6.86832826687225e+54
0.0484	0.112	-3.06034694877825e+55
0.0506	0.112	2.43315045597986e+56
0.0528	0.112	-1.8112421647346e+57
0.055	0.112	1.32718211265566e+58
0.0572	0.112	-9.64745221008471e+58
0.0594	0.112	6.97927300258043e+59
0.0616	0.112	-5.04450690284348e+60
0.0638	0.112	3.65871032070569e+61
0.066	0.112	-2.67136286545593e+62
0.0682	0.112	1.96098894593955e+63
0.0704	0.112	-1.43026877048443e+64
0.0726	0.112	1.00128921337739e+65
0.0748	0.112	-6.10944943923842e+65
0.077	0.112	-6.74236317383438e+65
0.0792	0.112	-6.90086560115036e+65
0.0814	0.112	-7.55551114271639e+65
0.0836	0.112	-7.78761276469164e+65
0.0858	0.112	-8.47199625846853e+65
0.088	0.112	-8.85015478703844e+65
0.0902	0.112	-9.67088140678604e+65
0.0924	0.112	-9.39954417875654e+65
0.0946	0.112	-9.99838389880929e+65
0.0968	0.112	-1.0358600297265e+66
0.099	0.112	-1.10470663647221e+66
0.1012	0.112	-1.14955196264345e+66
0.1034	0.112	-1.22560458458726e+66
0.1056	0.112	-1.28369811153774e+66
0.1078	0.112	-1.35575067481439e+66
0.11	0.112	-1.42562609940851e+66
0	0.1152	-6.22393017103415e+44
0.0022	0.1152	1.48666087779217e+45
0.0044	0.1152	-2.40628163834652e+45
0.0066	0.1152	1.63830009528549e+45
0.0088	0.1152	8.53603033456737e+44
0.011	0.1152	1.40344075570628e+46
0.0132	0.1152	1.1837483099409e+47
0.0154	0.1152	2.26614590479262e+47
0.0176	0.1152	-1.25567315702976e+48
0.0198	0.1152	-5.86646309309966e+48
0.022	0.1152	-1.08828767386902e+49
0.0242	0.1152	3.20788726649557e+49
0.0264	0.1152	1.17293034189404e+50
0.0286	0.1152	-6.58671017958462e+49
0.0308	0.1152	2.32715027276244e+51
0.033	0.1152	1.17387519062891e+52
0.0352	0.1152	7.81052904570261e+52
0.0374	0.1152	-5.12328825785181e+53
0.0396	0.1152	5.75674503273266e+53
0.0418	0.1152	-6.08789802175601e+53
0.044	0.1152	8.67537373397524e+53
0.0462	0.1152	-3.2612495132912e+54
0.0484	0.1152	1.9997700050833e+55
0.0506	0.1152	-1.47051637761707e+56
0.0528	0.1152	1.05700248965259e+57
0.055	0.1152	-7.52351792763627e+57
0.0572	0.1152	5.31538718163764e+58
0.0594	0.1152	-3.72857685374087e+59
0.0616	0.1152	2.59516664496951e+60
0.0638	0.1152	-1.78783530569638e+61
0.066	0.1152	1.21180958607639e+62
0.0682	0.1152	-7.9818193641955e+62
0.0704	0.1152	4.98483549630222e+63
0.0726	0.1152	-2.80370251932959e+64
0.0748	0.1152	1.24294734085815e+65
0.077	0.1152	1.41843274308051e+65
0.0792	0.1152	1.46957539157248e+65
0.0814	0.1152	1.65353635990012e+65
0.0836	0.1152	1.72800145217837e+65
0.0858	0.1152	1.9231903357215e+65
0.088	0.1152	2.04024713770944e+65
0.0902	0.1152	2.27527675093154e+65
0.0924	0.1152	2.23053113986605e+65
0.0946	0.1152	2.41067486478648e+65
0.0968	0.1152	2.53293236108478e+65
0.099	0.1152	2.74124965124595e+65
0.1012	0.1152	2.89228709356349e+65
0.1034	0.1152	3.12524970384162e+65
0.1056	0.1152	3.31744460945953e+65
0.1078	0.1152	3.54731597032376e+65
0.11	0.1152	3.77751243507814e+65
0	0.1184	3.55400705185216e+44
0.0022	0.1184	-4.95384632156572e+44
0.0044	0.1184	1.58244457979838e+45
0.0066	0.1184	-6.30084140680017e+45
0.0088	0.1184	1.65167034547058e+46
0.011	0.1184	-1.51824391641634e+46
0.0132	0.1184	1.78802361943202e+47
0.0154	0.1184	1.82456597434014e+47
0.0176	0.1184	-1.30790892870909e+48
0.0198	0.1184	-5.61311763872915e+48
0.022	0.1184	-1.48038441482541e+49
0.0242	0.1184	4.66629242638374e+49
0.0264	0.1184	6.99310576648083e+49
0.0286	0.1184	1.53799987842166e+50
0.0308	0.1184	1.49482876554449e+51
0.033	0.1184	1.57747554972965e+52
0.0352	0.1184	-2.3763929165725e+52
0.0374	0.1184	1.04363454599257e+53
0.0396	0.1184	-1.2404554998347e+53
0.0418	0.1184	1.49396302655946e+53
0.044	0.1184	-3.30470265598813e+53
0.0462	0.1184	1.70519669972921e+54
0.0484	0.1184	-1.13732019495064e+55
0.0506	0.1184	8.01511066051512e+55
0.0528	0.1184	-5.57377419751662e+56
0.055	0.1184	3.83556666461196e+57
0.0572	0.1184	-2.61028009185359e+58
0.0594	0.1184	1.75299450251734e+59
0.0616	0.1184	-1.15741000874507e+60
0.0638	0.1184	7.46629346934717e+60
0.066	0.1184	-4.65766905517955e+61
0.0682	0.1184	2.76191567283079e+62
0.0704	0.1184	-1.51066857079372e+63
0.0726	0.1184	7.19048703405916e+63
0.0748	0.1184	-2.58994052947948e+64
0.077	0.1184	-3.07012578391474e+64
0.0792	0.1184	-3.22482146790155e+64
0.0814	0.1184	-3.73426279551439e+64
0.0836	0.1184	-3.96025082156325e+64
0.0858	0.1184	-4.50794957116904e+64
0.088	0.1184	-4.85670953174684e+64
0.0902	0.1184	-5.51964193294626e+64
0.0924	0.1184	-5.4647107803409e+64
0.0946	0.1184	-5.99255407416874e+64
0.0968	0.1184	-6.3808215074361e+64
0.099	0.1184	-6.99523676592101e+64
0.1012	0.1184	-7.47410549214208e+64
0.1034	0.1184	-8.16877547062751e+64
0.1056	0.1184	-8.77301891242992e+64
0.1078	0.1184	-9.47948313941038e+64
0.11	0.1184	-1.02029586276286e+65
0	0.1216	-1.24453155585389e+44
0.0022	0.1216	9.42664473138184e+44
0.0044	0.1216	-1.84466007694089e+45
0.0066	0.1216	9.67666094988348e+44
0.0088	0.1216	1.65449947132711e+44
0.011	0.1216	2.33846881988662e+46
0.0132	0.1216	1.00948130666468e+47
0.0154	0.1216	4.01444808399544e+47
0.0176	0.1216	-1.76907409491351e+48
0.0198	0.1216	-5.18646156923289e+48
0.022	0.1216	-1.64257159346009e+49
0.0242	0.1216	4.64160643986487e+49
0.0264	0.1216	9.04616382609779e+49
0.0286	0.1216	7.2137543503938e+49
0.0308	0.1216	1.92264454039172e+51
0.033	0.1216	-3.55947992751616e+51
0.0352	0.1216	6.25058318910367e+51
0.0374	0.1216	-2.15740789562873e+52
0.0396	0.1216	2.76695730225124e+52
0.0418	0.1216	-4.26197949338964e+52
0.044	0.1216	1.45686917953094e+53
0.0462	0.1216	-8.73909821908119e+53
0.0484	0.1216	5.86898737086658e+54
0.0506	0.1216	-3.99234057628684e+55
0.0528	0.1216	2.68130895553758e+56
0.055	0.1216	-1.77666491091144e+57
0.0572	0.1216	1.15870904808326e+58
0.0594	0.1216	-7.409681830135e+58
0.0616	0.1216	4.62004589900957e+59
0.0638	0.1216	-2.78551876050522e+60
0.066	0.1216	1.60371479455099e+61
0.0682	0.1216	-8.64541332243054e+61
0.0704	0.1216	4.22424024003493e+62
0.0726	0.1216	-1.76255029514554e+63
0.0748	0.1216	5.5176470802183e+63
0.077	0.1216	6.81985322454832e+63
0.0792	0.1216	7.27096257565863e+63
0.0814	0.1216	8.66773532084063e+63
0.0836	0.1216	9.33143089142727e+63
0.0858	0.1216	1.08512124024574e+64
0.088	0.1216	1.18655217529883e+64
0.0902	0.1216	1.37157647260718e+64
0.0924	0.1216	1.37217109355823e+64
0.0946	0.1216	1.52412318774168e+64
0.0968	0.1216	1.64267007950793e+64
0.099	0.1216	1.82075056377333e+64
0.1012	0.1216	1.96710079146305e+64
0.1034	0.1216	2.17045054175797e+64
0.1056	0.1216	2.35439688680483e+64
0.1078	0.1216	2.56617849496451e+64
0.11	0.1216	2.78674641395589e+64
0	0.1248	8.7861774137706e+43
0.0022	0.1248	-1.43772487359874e+43
0.0044	0.1248	1.06415355735154e+45
0.0066	0.1248	-5.98404758370314e+45
0.0088	0.1248	1.59831822858021e+46
0.011	0.1248	-1.22554744441596e+46
0.0132	0.1248	1.95778724102573e+47
0.0154	0.1248	2.28657892610617e+47
0.0176	0.1248	-1.33494444316145e+48
0.0198	0.1248	-6.70304519878345e+48
0.022	0.1248	-1.43712120348465e+49
0.0242	0.1248	4.00844284392855e+49
0.0264	0.1248	1.16457158843977e+50
0.0286	0.1248	8.66847066649886e+48
0.0308	0.1248	-4.13360924504878e+50
0.033	0.1248	8.01794372068619e+50
0.0352	0.1248	-1.54987189062069e+51
0.0374	0.1248	4.5627747947615e+51
0.0396	0.1248	-6.62705267585223e+51
0.0418	0.1248	1.44726132437511e+52
0.044	0.1248	-6.7185325090286e+52
0.0462	0.1248	4.2398996814529e+53
0.0484	0.1248	-2.79614589327781e+54
0.0506	0.1248	1.83781936797585e+55
0.0528	0.1248	-1.19024131466094e+56
0.055	0.1248	7.57812250821104e+56
0.0572	0.1248	-4.72691299399999e+57
0.0594	0.1248	2.87452472121089e+58
0.0616	0.1248	-1.69273816580552e+59
0.0638	0.1248	9.56100966865162e+59
0.066	0.1248	-5.10859314142859e+60
0.0682	0.1248	2.52891745597278e+61
0.0704	0.1248	-1.12197514699421e+62
0.0726	0.1248	4.21236410333386e+62
0.0748	0.1248	-1.1987295434805e+63
0.077	0.1248	-1.54963695804525e+63
0.0792	0.1248	-1.67821161220923e+63
0.0814	0.1248	-2.05846114818783e+63
0.0836	0.1248	-2.24929292604217e+63
0.0858	0.1248	-2.667648380269e+63
0.088	0.1248	-2.95784959093864e+63
0.0902	0.1248	-3.47029421014586e+63
0.0924	0.1248	-3.50840442815518e+63
0.0946	0.1248	-3.94035898953521e+63
0.0968	0.1248	-4.29309619003592e+63
0.099	0.1248	-4.80277861110895e+63
0.1012	0.1248	-5.23921510711864e+63
0.1034	0.1248	-5.8265360313757e+63
0.1056	0.1248	-6.37427975574894e+63
0.1078	0.1248	-6.99801193406058e+63
0.11	0.1248	-7.6563603728114e+63
0	0.128	1.61769570581455e+44
0.0022	0.128	5.16513517721908e+44
0.0044	0.128	-1.15558039412697e+45
0.0066	0.128	-7.96124581240063e+43
0.0088	0.128	2.54752450184601e+44
0.011	0.128	2.96138580684537e+46
0.0132	0.128	1.00093183903948e+47
0.0154	0.128	5.30111762178411e+47
0.0176	0.128	-2.08828462497608e+48
0.0198	0.128	-5.27079432835442e+48
0.022	0.128	-1.97572121527703e+49
0.0242	0.128	5.27587458807006e+49
0.0264	0.128	-2.54305652263774e+49
0.0286	0.128	-6.89050933991148e+48
0.0308	0.128	9.00707034627313e+49
0.033	0.128	-1.82281345461707e+50
0.0352	0.128	3.74106295719253e+50
0.0374	0.128	-1.00401649443589e+51
0.0396	0.128	1.78086476805093e+51
0.0418	0.128	-5.59093165260128e+51
0.044	0.128	3.05529157465733e+52
0.0462	0.128	-1.93737862705024e+53
0.0484	0.128	1.24387961851423e+54
0.0506	0.128	-7.89925619319087e+54
0.0528	0.128	4.92989745190175e+55
0.055	0.128	-3.01423309531743e+56
0.0572	0.128	1.79799491904555e+57
0.0594	0.128	-1.04051667576246e+58
0.0616	0.128	5.79829555531796e+58
0.0638	0.128	-3.07944160082485e+59
0.066	0.128	1.53623570966015e+60
0.0682	0.128	-7.0474188045348e+60
0.0704	0.128	2.87761381674567e+61
0.0726	0.128	-9.92086396338009e+61
0.0748	0.128	2.64731181450637e+62
0.077	0.128	3.5885215520599e+62
0.0792	0.128	3.9494294604384e+62
0.0814	0.128	4.9791841549056e+62
0.0836	0.128	5.51994355092132e+62
0.0858	0.128	6.66473437685372e+62
0.088	0.128	7.48535037671902e+62
0.0902	0.128	8.89640348903794e+62
0.0924	0.128	9.08641883779189e+62
0.0946	0.128	1.03028905949344e+63
0.0968	0.128	1.13336615502914e+63
0.099	0.128	1.27786504157371e+63
0.1012	0.128	1.40576563994799e+63
0.1034	0.128	1.57367906846817e+63
0.1056	0.128	1.73418757289322e+63
0.1078	0.128	1.91547554135296e+63
0.11	0.128	2.10893863459564e+63
0	0.1312	7.46843978494873e+43
0.0022	0.1312	3.11035197128077e+44
0.0044	0.1312	5.36393435619008e+44
0.0066	0.1312	-4.79727212000041e+45
0.0088	0.1312	1.19352012974993e+46
0.011	0.1312	5.64213238455424e+44
0.0132	0.1312	1.90179371054873e+47
0.0154	0.1312	3.5165459651087e+47
0.0176	0.1312	-1.55708202520202e+48
0.0198	0.1312	-7.30109103416696e+48
0.022	0.1312	5.07214715548475e+48
0.0242	0.1312	-1.03277936425827e+49
0.0264	0.1312	5.1143070234229e+48
0.0286	0.1312	2.47137555275406e+48
0.0308	0.1312	-1.9873669376372e+49
0.033	0.1312	4.1812283155591e+49
0.0352	0.1312	-9.00517581002083e+49
0.0374	0.1312	2.36263036032587e+50
0.0396	0.1312	-5.49237875709364e+50
0.0418	0.1312	2.28850896468194e+51
0.044	0.1312	-1.33887800595283e+52
0.0462	0.1312	8.36595283411485e+52
0.0484	0.1312	-5.21320937123316e+53
0.0506	0.1312	3.19898827335923e+54
0.0528	0.1312	-1.92401533958307e+55
0.055	0.1312	1.13009521766673e+56
0.0572	0.1312	-6.45220720675685e+56
0.0594	0.1312	3.55924354577244e+57
0.0616	0.1312	-1.88190924872871e+58
0.0638	0.1312	9.4356590610106e+58
0.066	0.1312	-4.42026025564429e+59
0.0682	0.1312	1.89438456964152e+60
0.0704	0.1312	-7.20027114421997e+60
0.0726	0.1312	2.31665617927416e+61
0.0748	0.1312	-5.92189998675174e+61
0.077	0.1312	-8.43759484084161e+61
0.0792	0.1312	-9.43985910414704e+61
0.0814	0.1312	-1.22174473929852e+62
0.0836	0.1312	-1.3733776194237e+62
0.0858	0.1312	-1.68521391537756e+62
0.088	0.1312	-1.91524706752577e+62
0.0902	0.1312	-2.30204090698498e+62
0.0924	0.1312	-2.37427543207667e+62
0.0946	0.1312	-2.71439792834825e+62
0.0968	0.1312	-3.01162689889283e+62
0.099	0.1312	-3.41827950893466e+62
0.1012	0.1312	-3.78825813649664e+62
0.1034	0.1312	-4.26450376575934e+62
0.1056	0.1312	-4.72917018645615e+62
0.1078	0.1312	-5.25072036588246e+62
0.11	0.1312	-5.81248692967826e+62
0	0.1344	2.97272535781596e+44
0.0022	0.1344	3.57149501533849e+44
0.0044	0.1344	-6.17214637101801e+44
0.0066	0.1344	-6.87264982528307e+44
0.0088	0.1344	-9.30595732844331e+44
0.011	0.1344	3.71200921875902e+46
0.0132	0.1344	1.06228256214947e+47
0.0154	0.1344	6.4051993251404e+47
0.0176	0.1344	-2.29429331235606e+48
0.0198	0.1344	1.63344968117578e+48
0.022	0.1344	-1.19670084247521e+48
0.0242	0.1344	2.03562947469677e+48
0.0264	0.1344	-1.00699255014823e+48
0.0286	0.1344	-7.32437369714893e+47
0.0308	0.1344	4.44159891030962e+48
0.033	0.1344	-9.71886129610743e+48
0.0352	0.1344	2.21553623273498e+49
0.0374	0.1344	-6.13589931996566e+49
0.0396	0.1344	1.90276828346533e+50
0.0418	0.1344	-9.43152707962512e+50
0.044	0.1344	5.62005859416333e+51
0.0462	0.1344	-3.43235367234284e+52
0.0484	0.1344	2.07392744372928e+53
0.0506	0.1344	-1.23016591497273e+54
0.0528	0.1344	7.1341845691869e+54
0.055	0.1344	-4.0291203697994e+55
0.0572	0.1344	2.20492005617129e+56
0.0594	0.1344	-1.16177580807669e+57
0.0616	0.1344	5.84530293776576e+57
0.0638	0.1344	-2.77777662397399e+58
0.066	0.1344	1.22848271443926e+59
0.0682	0.1344	-4.95366897811981e+59
0.0704	0.1344	1.7695137186233e+60
0.0726	0.1344	-5.3823575491945e+60
0.0748	0.1344	1.33680323161016e+61
0.077	0.1344	2.00738313213081e+61
0.0792	0.1344	2.28354898225914e+61
0.0814	0.1344	3.03043027677658e+61
0.0836	0.1344	3.45228691729763e+61
0.0858	0.1344	4.29867491118313e+61
0.088	0.1344	4.93918043143181e+61
0.0902	0.1344	5.99564141660179e+61
0.0924	0.1344	6.24122954967567e+61
0.0946	0.1344	7.18679252722474e+61
0.0968	0.1344	8.03518719645894e+61
0.099	0.1344	9.17286437188999e+61
0.1012	0.1344	1.02324058204931e+62
0.1034	0.1344	1.15745214666805e+62
0.1056	0.1344	1.29069783321523e+62
0.1078	0.1344	1.43952513265103e+62
0.11	0.1344	1.60111689708245e+62
0	0.1376	1.43723118496159e+44
0.0022	0.1376	5.96484798743326e+44
0.0044	0.1376	1.03847304879457e+44
0.0066	0.1376	-3.07346422287878e+45
0.0088	0.1376	5.61602886217699e+45
0.011	0.1376	1.81742493764588e+46
0.0132	0.1376	1.80188635630156e+47
0.0154	0.1376	-1.69495731013471e+47
0.0176	0.1376	4.56717748731113e+47
0.0198	0.1376	-3.50031658537164e+47
0.022	0.1376	2.73483723773567e+47
0.0242	0.1376	-4.03413809944651e+47
0.0264	0.1376	1.9395291908533e+47
0.0286	0.1376	2.00188008342598e+47
0.0308	0.1376	-1.00786005140236e+48
0.033	0.1376	2.31094717238597e+48
0.0352	0.1376	-5.72067122763658e+48
0.0374	0.1376	1.78862352566217e+49
0.0396	0.1376	-7.05504886558444e+49
0.0418	0.1376	3.8151191189e+50
0.044	0.1376	-2.26106557444688e+51
0.0462	0.1376	1.34524625119249e+52
0.0484	0.1376	-7.8812980246258e+52
0.0506	0.1376	4.52170494415178e+53
0.0528	0.1376	-2.53070160439564e+54
0.055	0.1376	1.37589639808581e+55
0.0572	0.1376	-7.2288283383999e+55
0.0594	0.1376	3.64608985481287e+56
0.0616	0.1376	-1.75066926829934e+57
0.0638	0.1376	7.91466914524486e+57
0.066	0.1376	-3.32045360540186e+58
0.0682	0.1376	1.26768161473125e+59
0.0704	0.1376	-4.29057206030033e+59
0.0726	0.1376	1.24641478008409e+60
0.0748	0.1376	-3.03366330639414e+60
0.077	0.1376	-4.81730470136705e+60
0.0792	0.1376	-5.57378120725748e+60
0.0814	0.1376	-7.57713170136688e+60
0.0836	0.1376	-8.74366539377108e+60
0.0858	0.1376	-1.10343178856571e+61
0.088	0.1376	-1.28082921146415e+61
0.0902	0.1376	-1.56853965794706e+61
0.0924	0.1376	-1.64711112191595e+61
0.0946	0.1376	-1.90877138935881e+61
0.0968	0.1376	-2.14899780229642e+61
0.099	0.1376	-2.46574935043313e+61
0.1012	0.1376	-2.76676767586952e+61
0.1034	0.1376	-3.1430024370484e+61
0.1056	0.1376	-3.52218288152577e+61
0.1078	0.1376	-3.94405667725549e+61
0.11	0.1376	-4.40534109315328e+61
0	0.1408	3.13757458222187e+44
0.0022	0.1408	3.7258325968211e+44
0.0044	0.1408	-9.20757189678342e+43
0.0066	0.1408	-7.2060437428424e+44
0.0088	0.1408	-3.1016640102094e+45
0.011	0.1408	4.04374797658659e+46
0.0132	0.1408	-3.96842796040703e+46
0.0154	0.1408	4.08834862852063e+46
0.0176	0.1408	-9.16895409892373e+46
0.0198	0.1408	7.47862866926779e+46
0.022	0.1408	-6.11856410668449e+46
0.0242	0.1408	8.02534701837497e+46
0.0264	0.1408	-3.6383940995804e+46
0.0286	0.1408	-5.26387688750894e+46
0.0308	0.1408	2.33466101908614e+47
0.033	0.1408	-5.70286717205326e+47
0.0352	0.1408	1.58554587185581e+48
0.0374	0.1408	-5.77702847832957e+48
0.0396	0.1408	2.67984561767301e+49
0.0418	0.1408	-1.49966893551506e+50
0.044	0.1408	8.74344835725503e+50
0.0462	0.1408	-5.06164205502047e+51
0.0484	0.1408	2.87643513859795e+52
0.0506	0.1408	-1.59749403195105e+53
0.0528	0.1408	8.63743476381582e+53
0.055	0.1408	-4.52678910149843e+54
0.0572	0.1408	2.28728093012453e+55
0.0594	0.1408	-1.10677517579265e+56
0.0616	0.1408	5.08542651224687e+56
0.0638	0.1408	-2.19483206983597e+57
0.066	0.1408	8.77308623210484e+57
0.0682	0.1408	-3.18862297717896e+58
0.0704	0.1408	1.02956501717619e+59
0.0726	0.1408	-2.87868877486062e+59
0.0748	0.1408	6.89367872211609e+59
0.077	0.1408	1.16295995960763e+60
0.0792	0.1408	1.36922920244652e+60
0.0814	0.1408	1.90549931071642e+60
0.0836	0.1408	2.22652370734293e+60
0.0858	0.1408	2.84499722921095e+60
0.088	0.1408	3.33421726565421e+60
0.0902	0.1408	4.11585127481419e+60
0.0924	0.1408	4.35783751306434e+60
0.0946	0.1408	5.07915660715681e+60
0.0968	0.1408	5.75497777193173e+60
0.099	0.1408	6.63334053421203e+60
0.1012	0.1408	7.48301167826225e+60
0.1034	0.1408	8.5330707895679e+60
0.1056	0.1408	9.60537061802868e+60
0.1078	0.1408	1.07946556184452e+61
0.11	0.1408	1.21031837886131e+61
0	0.144	-2.43611203413143e+44
0.0022	0.144	1.39081893625791e+45
0.0044	0.144	-8.22918941435501e+44
0.0066	0.144	6.14133188363069e+44
0.0088	0.144	9.33731108111965e+44
0.011	0.144	-7.9582072546609e+45
0.0132	0.144	8.52235116322541e+45
0.0154	0.144	-9.49989112549122e+45
0.0176	0.144	1.85678055268616e+46
0.0198	0.144	-1.59382377649092e+46
0.022	0.144	1.34770851327607e+46
0.0242	0.144	-1.59989355805472e+46
0.0264	0.144	6.57889238756774e+45
0.0286	0.144	1.36344896934649e+46
0.0308	0.144	-5.57148526930819e+46
0.033	0.144	1.48510442048018e+47
0.0352	0.144	-4.75741315413622e+47
0.0374	0.144	1.99719796477854e+48
0.0396	0.144	-1.01503658067105e+49
0.0418	0.144	5.71351860827311e+49
0.044	0.144	-3.26074662302072e+50
0.0462	0.144	1.83633723153628e+51
0.0484	0.144	-1.01286679085852e+52
0.0506	0.144	5.4501367836874e+52
0.0528	0.144	-2.85001017551959e+53
0.055	0.144	1.44184228063454e+54
0.0572	0.144	-7.01847668653828e+54
0.0594	0.144	3.26501389638104e+55
0.0616	0.144	-1.43938010902595e+56
0.0638	0.144	5.94951583614496e+56
0.066	0.144	-2.27467741303382e+57
0.0682	0.144	7.90830648030541e+57
0.0704	0.144	-2.44975785004225e+58
0.0726	0.144	6.6289724838346e+58
0.0748	0.144	-1.56228063618955e+59
0.077	0.144	-2.81794431944582e+59
0.0792	0.144	-3.37834102097722e+59
0.0814	0.144	-4.81145829952269e+59
0.0836	0.144	-5.69146434342029e+59
0.0858	0.144	-7.35805002056947e+59
0.088	0.144	-8.7024269991292e+59
0.0902	0.144	-1.08215896876839e+60
0.0924	0.144	-1.15477668588343e+60
0.0946	0.144	-1.35298686846315e+60
0.0968	0.144	-1.54210246853563e+60
0.099	0.144	-1.78484867025251e+60
0.1012	0.144	-2.02339525469712e+60
0.1034	0.144	-2.31536801868854e+60
0.1056	0.144	-2.61702380828574e+60
0.1078	0.144	-2.95073130140469e+60
0.11	0.144	-3.31996426801041e+60
0	0.1472	2.55787056593036e+44
0.0022	0.1472	-3.75600892506158e+42
0.0044	0.1472	6.55684743050903e+44
0.0066	0.1472	-8.02728305862718e+43
0.0088	0.1472	-2.90066156341848e+44
0.011	0.1472	1.61225485040608e+45
0.0132	0.1472	-1.83186990749264e+45
0.0154	0.1472	2.15507638351698e+45
0.0176	0.1472	-3.78905033606039e+45
0.0198	0.1472	3.38954198186661e+45
0.022	0.1472	-2.93305508590363e+45
0.0242	0.1472	3.189690842762e+45
0.0264	0.1472	-1.11942366693902e+45
0.0286	0.1472	-3.54058175229886e+45
0.0308	0.1472	1.38662421001874e+46
0.033	0.1472	-4.13365598191826e+46
0.0352	0.1472	1.52997521461525e+47
0.0374	0.1472	-7.13240685074789e+47
0.0396	0.1472	3.78288927041454e+48
0.0418	0.1472	-2.11098557606724e+49
0.044	0.1472	1.17676620042116e+50
0.0462	0.1472	-6.4484808655873e+50
0.0484	0.1472	3.4546905892605e+51
0.0506	0.1472	-1.80278489159166e+52
0.0528	0.1472	9.12796563550911e+52
0.055	0.1472	-4.46389664710046e+53
0.0572	0.1472	2.09682966580545e+54
0.0594	0.1472	-9.39689391980801e+54
0.0616	0.1472	3.9842939753952e+55
0.0638	0.1472	-1.58181503088275e+56
0.066	0.1472	5.80490904121496e+56
0.0682	0.1472	-1.93842929174499e+57
0.0704	0.1472	5.78640992853007e+57
0.0726	0.1472	-1.52038604842301e+58
0.0748	0.1472	3.51483870604283e+58
0.077	0.1472	6.8401059712388e+58
0.0792	0.1472	8.35819324545336e+58
0.0814	0.1472	1.21826197875187e+59
0.0836	0.1472	1.45872399003694e+59
0.0858	0.1472	1.90706891061691e+59
0.088	0.1472	2.2754180178347e+59
0.0902	0.1472	2.84897783130648e+59
0.0924	0.1472	3.06285711126651e+59
0.0946	0.1472	3.60603940603258e+59
0.0968	0.1472	4.13291245900171e+59
0.099	0.1472	4.80184094014605e+59
0.1012	0.1472	5.46857007814329e+59
0.1034	0.1472	6.2778235447665e+59
0.1056	0.1472	7.12270589841045e+59
0.1078	0.1472	8.05538098636919e+59
0.11	0.1472	9.09261489428249e+59
0	0.1504	-3.03006413965939e+44
0.0022	0.1504	1.33990134781222e+44
0.0044	0.1504	-1.35532596032096e+44
0.0066	0.1504	1.45630825853374e+43
0.0088	0.1504	7.8565722248923e+43
0.011	0.1504	-3.30607323980744e+44
0.0132	0.1504	3.94122671536093e+44
0.0154	0.1504	-4.80940832990946e+44
0.0176	0.1504	7.78340554903334e+44
0.0198	0.1504	-7.19551940343126e+44
0.022	0.1504	6.32131144761632e+44
0.0242	0.1504	-6.34244253586616e+44
0.0264	0.1504	1.68146948199746e+44
0.0286	0.1504	9.36446154035832e+44
0.0308	0.1504	-3.64623649519942e+45
0.033	0.1504	1.23334171498979e+46
0.0352	0.1504	-5.16459158330455e+46
0.0374	0.1504	2.56836864618065e+47
0.0396	0.1504	-1.38084276979616e+48
0.0418	0.1504	7.58339432765001e+48
0.044	0.1504	-4.12545962039574e+49
0.0462	0.1504	2.20057413461984e+50
0.0484	0.1504	-1.14588519315985e+51
0.0506	0.1504	5.8041452026202e+51
0.0528	0.1504	-2.84855725040955e+52
0.055	0.1504	1.34832811616996e+53
0.0572	0.1504	-6.12127843140406e+53
0.0594	0.1504	2.64756215630588e+54
0.0616	0.1504	-1.08204433948548e+55
0.0638	0.1504	4.13690792254515e+55
0.066	0.1504	-1.46160345042814e+56
0.0682	0.1504	4.70360043564388e+56
0.0704	0.1504	-1.35726548856436e+57
0.0726	0.1504	3.46535443155251e+57
0.0748	0.1504	-7.79205252842046e+57
0.077	0.1504	-1.65915778668146e+58
0.0792	0.1504	-2.06960911551788e+58
0.0814	0.1504	-3.08936275373988e+58
0.0836	0.1504	-3.74501926760654e+58
0.0858	0.1504	-4.94994565300636e+58
0.088	0.1504	-5.95716611991631e+58
0.0902	0.1504	-7.50781034108402e+58
0.0924	0.1504	-8.129226875537e+58
0.0946	0.1504	-9.61493543042843e+58
0.0968	0.1504	-1.10779376027815e+59
0.099	0.1504	-1.29174242881539e+59
0.1012	0.1504	-1.47746422050255e+59
0.1034	0.1504	-1.70123933889169e+59
0.1056	0.1504	-1.93709584033427e+59
0.1078	0.1504	-2.19699759534879e+59
0.11	0.1504	-2.48739109756502e+59
0	0.1536	6.59582154971656e+43
0.0022	0.1536	-2.29965698428274e+43
0.0044	0.1536	2.63080864178066e+43
0.0066	0.1536	-2.2461271136431e+42
0.0088	0.1536	-1.98940635774998e+43
0.011	0.1536	6.85380661390525e+43
0.0132	0.1536	-8.49929744162794e+43
0.0154	0.1536	1.0628868508117e+44
0.0176	0.1536	-1.61036565321306e+44
0.0198	0.1536	1.52749337614349e+44
0.022	0.1536	-1.35297440092923e+44
0.0242	0.1536	1.25407310188269e+44
0.0264	0.1536	-1.71705580264162e+43
0.0286	0.1536	-2.57113447530153e+44
0.0308	0.1536	1.02799847878573e+45
0.033	0.1536	-3.93796588948197e+45
0.0352	0.1536	1.80529687272588e+46
0.0374	0.1536	-9.27756951338097e+46
0.0396	0.1536	4.97241652615122e+47
0.0418	0.1536	-2.67619174565638e+48
0.044	0.1536	1.41962729053189e+49
0.0462	0.1536	-7.37044359578239e+49
0.0484	0.1536	3.73091336677426e+50
0.0506	0.1536	-1.8349188782405e+51
0.0528	0.1536	8.73347242362762e+51
0.055	0.1536	-4.00415992759932e+52
0.0572	0.1536	1.75868747579899e+53
0.0594	0.1536	-7.35077508268195e+53
0.0616	0.1536	2.90041435907467e+54
0.0638	0.1536	-1.0699419671038e+55
0.066	0.1536	3.64753991587183e+55
0.0682	0.1536	-1.13381928776818e+56
0.0704	0.1536	3.1673602755882e+56
0.0726	0.1536	-7.84263118301478e+56
0.0748	0.1536	1.69467935735626e+57
0.077	0.1536	4.0323931013203e+57
0.0792	0.1536	5.14557722317851e+57
0.0814	0.1536	7.87420453767957e+57
0.0836	0.1536	9.66740206087376e+57
0.0858	0.1536	1.29170685578282e+58
0.088	0.1536	1.568033038372e+58
0.0902	0.1536	1.98879340287343e+58
0.0924	0.1536	2.16847957946883e+58
0.0946	0.1536	2.57609849258261e+58
0.0968	0.1536	2.98327171772729e+58
0.099	0.1536	3.49065811432044e+58
0.1012	0.1536	4.00923542592766e+58
0.1034	0.1536	4.62987677217533e+58
0.1056	0.1536	5.28985606015432e+58
0.1078	0.1536	6.0159293749872e+58
0.11	0.1536	6.83094355513222e+58
0	0.1568	-1.46003496896382e+43
0.0022	0.1568	4.84796054627608e+42
0.0044	0.1568	-5.64744568483613e+42
0.0066	0.1568	2.80778422976192e+41
0.0088	0.1568	5.16003235032938e+42
0.011	0.1568	-1.49724338185532e+43
0.0132	0.1568	1.91134176797026e+43
0.0154	0.1568	-2.42694896334748e+43
0.0176	0.1568	3.47866338137879e+43
0.0198	0.1568	-3.36736153155831e+43
0.022	0.1568	2.98689689546161e+43
0.0242	0.1568	-2.52901250440107e+43
0.0264	0.1568	-2.14481452684235e+42
0.0286	0.1568	7.88498403622861e+43
0.0308	0.1568	-3.32448404365261e+44
0.033	0.1568	1.42292961897681e+45
0.0352	0.1568	-6.92085022367876e+45
0.0374	0.1568	3.59546961785293e+46
0.0396	0.1568	-1.9008349910827e+47
0.0418	0.1568	9.98615038419794e+47
0.044	0.1568	-5.15345680674194e+48
0.0462	0.1568	2.59901347034711e+49
0.0484	0.1568	-1.27649846244838e+50
0.0506	0.1568	6.08461476987344e+50
0.0528	0.1568	-2.80373247102053e+51
0.055	0.1568	1.24314969375664e+52
0.0572	0.1568	-5.27491826264197e+52
0.0594	0.1568	2.12803693102018e+53
0.0616	0.1568	-8.09886048712765e+53
0.0638	0.1568	2.88072133564883e+54
0.066	0.1568	-9.4715224797565e+54
0.0682	0.1568	2.84200894356656e+55
0.0704	0.1568	-7.67001374474834e+55
0.0726	0.1568	1.82789967094581e+56
0.0748	0.1568	-3.68907301408267e+56
0.077	0.1568	-1.02916490391413e+57
0.0792	0.1568	-1.35052038334221e+57
0.0814	0.1568	-2.12801555549504e+57
0.0836	0.1568	-2.65046085312557e+57
0.0858	0.1568	-3.58338971227381e+57
0.088	0.1568	-4.39146301326483e+57
0.0902	0.1568	-5.60762923107165e+57
0.0924	0.1568	-6.15986271414948e+57
0.0946	0.1568	-7.35167539357709e+57
0.0968	0.1568	-8.55955305591824e+57
0.099	0.1568	-1.0051692603869e+58
0.1012	0.1568	-1.15946309431165e+58
0.1034	0.1568	-1.34302838804768e+58
0.1056	0.1568	-1.54007180554356e+58
0.1078	0.1568	-1.75649491181959e+58
0.11	0.1568	-2.00063902352966e+58
0	0.16	5.63657638618492e+42
0.0022	0.16	-2.55810260038646e+42
0.0044	0.16	2.13560603982787e+42
0.0066	0.16	-1.85721431980361e+41
0.0088	0.16	-2.40220904622295e+42
0.011	0.16	6.17522663492479e+42
0.0132	0.16	-7.90551403700231e+42
0.0154	0.16	1.00660772777445e+43
0.0176	0.16	-1.38599437423981e+43
0.0198	0.16	1.36086889168564e+43
0.022	0.16	-1.20393259666151e+43
0.0242	0.16	9.35389222293944e+42
0.0264	0.16	3.45804020819803e+42
0.0286	0.16	-4.27372648737575e+43
0.0308	0.16	1.88495908654186e+44
0.033	0.16	-8.5842948281664e+44
0.0352	0.16	4.28150662157276e+45
0.0374	0.16	-2.22354559187416e+46
0.0396	0.16	1.16137195547321e+47
0.0418	0.16	-5.99735787468983e+47
0.044	0.16	3.03621279865197e+48
0.0462	0.16	-1.50038605790886e+49
0.0484	0.16	7.21319003073067e+49
0.0506	0.16	-3.36206373387521e+50
0.0528	0.16	1.51329066779741e+51
0.055	0.16	-6.54741089843147e+51
0.0572	0.16	2.70822299481517e+52
0.0594	0.16	-1.06406970855652e+53
0.0616	0.16	3.94102567548531e+53
0.0638	0.16	-1.36355856010501e+54
0.066	0.16	4.36054309117522e+54
0.0682	0.16	-1.27290014686872e+55
0.0704	0.16	3.34076796954339e+55
0.0726	0.16	-7.7018742453716e+55
0.0748	0.16	1.46383966636529e+56
0.077	0.16	4.77154517031576e+56
0.0792	0.16	6.40923146576696e+56
0.0814	0.16	1.03304042134939e+57
0.0836	0.16	1.30099670509048e+57
0.0858	0.16	1.77461297239041e+57
0.088	0.16	2.18973686388095e+57
0.0902	0.16	2.81070986765083e+57
0.0924	0.16	3.10453921960139e+57
0.0946	0.16	3.71842168459145e+57
0.0968	0.16	4.34768671032462e+57
0.099	0.16	5.12015603919648e+57
0.1012	0.16	5.92668132729907e+57
0.1034	0.16	6.88202452867744e+57
0.1056	0.16	7.91335237288792e+57
0.1078	0.16	9.04547632602286e+57
0.11	0.16	1.03266181572027e+58
