0	0	19.9999999621576
0.0022	0	19.9999999621576
0.0044	0	19.9999999621575
0.0066	0	19.9999999621575
0.0088	0	19.9999999621575
0.011	0	19.9999999621574
0.0132	0	19.9999999621573
0.0154	0	19.9999999621572
0.0176	0	19.9999999621571
0.0198	0	19.999999962157
0.022	0	19.9999999621569
0.0242	0	19.9999999621568
0.0264	0	19.9999999621567
0.0286	0	19.9999999621565
0.0308	0	19.9999999621564
0.033	0	19.9999999621562
0.0352	0	19.999999962156
0.0374	0	19.9999999621559
0.0396	0	19.9999999621557
0.0418	0	19.9999999621555
0.044	0	19.9999999621553
0.0462	0	19.9999999621551
0.0484	0	19.9999999621549
0.0506	0	19.9999999621547
0.0528	0	19.9999999621545
0.055	0	19.9999999621543
0.0572	0	19.999999962154
0.0594	0	19.9999999621538
0.0616	0	19.9999999621536
0.0638	0	19.9999999621534
0.066	0	19.9999999621532
0.0682	0	19.999999962153
0.0704	0	19.9999999621528
0.0726	0	19.9999999621526
0.0748	0	19.9999999621523
0.077	0	19.9999999621522
0.0792	0	19.9999999621519
0.0814	0	19.9999999621518
0.0836	0	19.9999999621516
0.0858	0	19.9999999621514
0.088	0	19.9999999621512
0.0902	0	19.999999962151
0.0924	0	19.9999999621509
0.0946	0	19.9999999621508
0.0968	0	19.9999999621506
0.099	0	19.9999999621505
0.1012	0	19.9999999621505
0.1034	0	19.9999999621504
0.1056	0	19.9999999621504
0.1078	0	19.9999999621503
0.11	0	19.9999999621503
0	0.0032	19.9999999621576
0.0022	0.0032	19.9999999621576
0.0044	0.0032	19.9999999621576
0.0066	0.0032	19.9999999621575
0.0088	0.0032	19.9999999621575
0.011	0.0032	19.9999999621574
0.0132	0.0032	19.9999999621573
0.0154	0.0032	19.9999999621572
0.0176	0.0032	19.9999999621572
0.0198	0.0032	19.9999999621571
0.022	0.0032	19.9999999621569
0.0242	0.0032	19.9999999621568
0.0264	0.0032	19.9999999621567
0.0286	0.0032	19.9999999621566
0.0308	0.0032	19.9999999621564
0.033	0.0032	19.9999999621562
0.0352	0.0032	19.9999999621561
0.0374	0.0032	19.9999999621559
0.0396	0.0032	19.9999999621557
0.0418	0.0032	19.9999999621555
0.044	0.0032	19.9999999621553
0.0462	0.0032	19.9999999621551
0.0484	0.0032	19.9999999621549
0.0506	0.0032	19.9999999621547
0.0528	0.0032	19.9999999621545
0.055	0.0032	19.9999999621542
0.0572	0.0032	19.999999962154
0.0594	0.0032	19.9999999621538
0.0616	0.0032	19.9999999621536
0.0638	0.0032	19.9999999621534
0.066	0.0032	19.9999999621532
0.0682	0.0032	19.999999962153
0.0704	0.0032	19.9999999621528
0.0726	0.0032	19.9999999621526
0.0748	0.0032	19.9999999621524
0.077	0.0032	19.9999999621521
0.0792	0.0032	19.9999999621519
0.0814	0.0032	19.9999999621517
0.0836	0.0032	19.9999999621516
0.0858	0.0032	19.9999999621514
0.088	0.0032	19.9999999621512
0.0902	0.0032	19.999999962151
0.0924	0.0032	19.9999999621509
0.0946	0.0032	19.9999999621507
0.0968	0.0032	19.9999999621506
0.099	0.0032	19.9999999621505
0.1012	0.0032	19.9999999621504
0.1034	0.0032	19.9999999621504
0.1056	0.0032	19.9999999621503
0.1078	0.0032	19.9999999621503
0.11	0.0032	19.9999999621503
0	0.0064	19.9999999621576
0.0022	0.0064	19.9999999621576
0.0044	0.0064	19.9999999621576
0.0066	0.0064	19.9999999621576
0.0088	0.0064	19.9999999621575
0.011	0.0064	19.9999999621575
0.0132	0.0064	19.9999999621574
0.0154	0.0064	19.9999999621573
0.0176	0.0064	19.9999999621572
0.0198	0.0064	19.9999999621571
0.022	0.0064	19.999999962157
0.0242	0.0064	19.9999999621569
0.0264	0.0064	19.9999999621567
0.0286	0.0064	19.9999999621566
0.0308	0.0064	19.9999999621565
0.033	0.0064	19.9999999621563
0.0352	0.0064	19.9999999621561
0.0374	0.0064	19.9999999621559
0.0396	0.0064	19.9999999621557
0.0418	0.0064	19.9999999621555
0.044	0.0064	19.9999999621554
0.0462	0.0064	19.9999999621552
0.0484	0.0064	19.9999999621549
0.0506	0.0064	19.9999999621547
0.0528	0.0064	19.9999999621545
0.055	0.0064	19.9999999621543
0.0572	0.0064	19.9999999621541
0.0594	0.0064	19.9999999621539
0.0616	0.0064	19.9999999621537
0.0638	0.0064	19.9999999621534
0.066	0.0064	19.9999999621532
0.0682	0.0064	19.999999962153
0.0704	0.0064	19.9999999621528
0.0726	0.0064	19.9999999621526
0.0748	0.0064	19.9999999621524
0.077	0.0064	19.9999999621522
0.0792	0.0064	19.999999962152
0.0814	0.0064	19.9999999621518
0.0836	0.0064	19.9999999621516
0.0858	0.0064	19.9999999621514
0.088	0.0064	19.9999999621512
0.0902	0.0064	19.9999999621511
0.0924	0.0064	19.9999999621509
0.0946	0.0064	19.9999999621508
0.0968	0.0064	19.9999999621506
0.099	0.0064	19.9999999621505
0.1012	0.0064	19.9999999621504
0.1034	0.0064	19.9999999621503
0.1056	0.0064	19.9999999621503
0.1078	0.0064	19.9999999621503
0.11	0.0064	19.9999999621503
0	0.0096	19.9999999621577
0.0022	0.0096	19.9999999621577
0.0044	0.0096	19.9999999621577
0.0066	0.0096	19.9999999621576
0.0088	0.0096	19.9999999621576
0.011	0.0096	19.9999999621575
0.0132	0.0096	19.9999999621575
0.0154	0.0096	19.9999999621574
0.0176	0.0096	19.9999999621573
0.0198	0.0096	19.9999999621572
0.022	0.0096	19.9999999621571
0.0242	0.0096	19.999999962157
0.0264	0.0096	19.9999999621568
0.0286	0.0096	19.9999999621567
0.0308	0.0096	19.9999999621565
0.033	0.0096	19.9999999621564
0.0352	0.0096	19.9999999621562
0.0374	0.0096	19.999999962156
0.0396	0.0096	19.9999999621558
0.0418	0.0096	19.9999999621556
0.044	0.0096	19.9999999621554
0.0462	0.0096	19.9999999621553
0.0484	0.0096	19.999999962155
0.0506	0.0096	19.9999999621548
0.0528	0.0096	19.9999999621546
0.055	0.0096	19.9999999621544
0.0572	0.0096	19.9999999621542
0.0594	0.0096	19.999999962154
0.0616	0.0096	19.9999999621538
0.0638	0.0096	19.9999999621535
0.066	0.0096	19.9999999621533
0.0682	0.0096	19.9999999621531
0.0704	0.0096	19.9999999621529
0.0726	0.0096	19.9999999621527
0.0748	0.0096	19.9999999621525
0.077	0.0096	19.9999999621523
0.0792	0.0096	19.9999999621521
0.0814	0.0096	19.9999999621519
0.0836	0.0096	19.9999999621517
0.0858	0.0096	19.9999999621515
0.088	0.0096	19.9999999621513
0.0902	0.0096	19.9999999621511
0.0924	0.0096	19.999999962151
0.0946	0.0096	19.9999999621508
0.0968	0.0096	19.9999999621507
0.099	0.0096	19.9999999621505
0.1012	0.0096	19.9999999621504
0.1034	0.0096	19.9999999621503
0.1056	0.0096	19.9999999621503
0.1078	0.0096	19.9999999621503
0.11	0.0096	19.9999999621503
0	0.0128	19.9999999621943
0.0022	0.0128	19.9999999621943
0.0044	0.0128	19.9999999621942
0.0066	0.0128	19.9999999621941
0.0088	0.0128	19.999999962194
0.011	0.0128	19.9999999621938
0.0132	0.0128	19.9999999621936
0.0154	0.0128	19.9999999621934
0.0176	0.0128	19.9999999621931
0.0198	0.0128	19.9999999621928
0.022	0.0128	19.9999999621925
0.0242	0.0128	19.9999999621921
0.0264	0.0128	19.9999999621917
0.0286	0.0128	19.9999999621913
0.0308	0.0128	19.9999999621908
0.033	0.0128	19.9999999621903
0.0352	0.0128	19.9999999621898
0.0374	0.0128	19.9999999621892
0.0396	0.0128	19.9999999621886
0.0418	0.0128	19.999999962188
0.044	0.0128	19.9999999621873
0.0462	0.0128	19.9999999621866
0.0484	0.0128	19.9999999621858
0.0506	0.0128	19.9999999621851
0.0528	0.0128	19.9999999621842
0.055	0.0128	19.9999999621834
0.0572	0.0128	19.9999999621825
0.0594	0.0128	19.9999999621815
0.0616	0.0128	19.9999999621805
0.0638	0.0128	19.9999999621795
0.066	0.0128	19.9999999621784
0.0682	0.0128	19.9999999621773
0.0704	0.0128	19.9999999621761
0.0726	0.0128	19.9999999621749
0.0748	0.0128	19.9999999621736
0.077	0.0128	19.9999999621722
0.0792	0.0128	19.9999999621707
0.0814	0.0128	19.9999999621692
0.0836	0.0128	19.9999999621675
0.0858	0.0128	19.9999999621658
0.088	0.0128	19.9999999621639
0.0902	0.0128	19.9999999621618
0.0924	0.0128	19.9999999621596
0.0946	0.0128	19.999999962157
0.0968	0.0128	19.9999999621541
0.099	0.0128	19.9999999621504
0.1012	0.0128	19.9999999621504
0.1034	0.0128	19.9999999621503
0.1056	0.0128	19.9999999621503
0.1078	0.0128	19.9999999621503
0.11	0.0128	19.9999999621503
0	0.016	19.9999999622287
0.0022	0.016	19.9999999622286
0.0044	0.016	19.9999999622285
0.0066	0.016	19.9999999622284
0.0088	0.016	19.9999999622282
0.011	0.016	19.9999999622279
0.0132	0.016	19.9999999622276
0.0154	0.016	19.9999999622272
0.0176	0.016	19.9999999622268
0.0198	0.016	19.9999999622263
0.022	0.016	19.9999999622257
0.0242	0.016	19.9999999622251
0.0264	0.016	19.9999999622245
0.0286	0.016	19.9999999622237
0.0308	0.016	19.999999962223
0.033	0.016	19.9999999622221
0.0352	0.016	19.9999999622212
0.0374	0.016	19.9999999622202
0.0396	0.016	19.9999999622192
0.0418	0.016	19.9999999622181
0.044	0.016	19.999999962217
0.0462	0.016	19.9999999622157
0.0484	0.016	19.9999999622144
0.0506	0.016	19.9999999622131
0.0528	0.016	19.9999999622117
0.055	0.016	19.9999999622101
0.0572	0.016	19.9999999622086
0.0594	0.016	19.9999999622069
0.0616	0.016	19.9999999622051
0.0638	0.016	19.9999999622033
0.066	0.016	19.9999999622013
0.0682	0.016	19.9999999621993
0.0704	0.016	19.9999999621972
0.0726	0.016	19.9999999621949
0.0748	0.016	19.9999999621925
0.077	0.016	19.99999996219
0.0792	0.016	19.9999999621873
0.0814	0.016	19.9999999621844
0.0836	0.016	19.9999999621814
0.0858	0.016	19.9999999621781
0.088	0.016	19.9999999621745
0.0902	0.016	19.9999999621707
0.0924	0.016	19.9999999621665
0.0946	0.016	19.9999999621618
0.0968	0.016	19.9999999621565
0.099	0.016	19.9999999621504
0.1012	0.016	19.9999999621503
0.1034	0.016	19.9999999621503
0.1056	0.016	19.9999999621503
0.1078	0.016	19.9999999621503
0.11	0.016	19.9999999621503
0	0.0192	19.999999962261
0.0022	0.0192	19.9999999622609
0.0044	0.0192	19.9999999622608
0.0066	0.0192	19.9999999622606
0.0088	0.0192	19.9999999622603
0.011	0.0192	19.9999999622599
0.0132	0.0192	19.9999999622595
0.0154	0.0192	19.999999962259
0.0176	0.0192	19.9999999622584
0.0198	0.0192	19.9999999622577
0.022	0.0192	19.9999999622569
0.0242	0.0192	19.9999999622561
0.0264	0.0192	19.9999999622551
0.0286	0.0192	19.9999999622541
0.0308	0.0192	19.999999962253
0.033	0.0192	19.9999999622518
0.0352	0.0192	19.9999999622506
0.0374	0.0192	19.9999999622492
0.0396	0.0192	19.9999999622477
0.0418	0.0192	19.9999999622462
0.044	0.0192	19.9999999622446
0.0462	0.0192	19.9999999622428
0.0484	0.0192	19.999999962241
0.0506	0.0192	19.9999999622391
0.0528	0.0192	19.999999962237
0.055	0.0192	19.9999999622349
0.0572	0.0192	19.9999999622326
0.0594	0.0192	19.9999999622302
0.0616	0.0192	19.9999999622277
0.0638	0.0192	19.9999999622251
0.066	0.0192	19.9999999622223
0.0682	0.0192	19.9999999622193
0.0704	0.0192	19.9999999622163
0.0726	0.0192	19.999999962213
0.0748	0.0192	19.9999999622096
0.077	0.0192	19.9999999622059
0.0792	0.0192	19.999999962202
0.0814	0.0192	19.9999999621979
0.0836	0.0192	19.9999999621935
0.0858	0.0192	19.9999999621888
0.088	0.0192	19.9999999621837
0.0902	0.0192	19.9999999621782
0.0924	0.0192	19.9999999621722
0.0946	0.0192	19.9999999621657
0.0968	0.0192	19.9999999621584
0.099	0.0192	19.9999999621504
0.1012	0.0192	19.9999999621503
0.1034	0.0192	19.9999999621503
0.1056	0.0192	19.9999999621503
0.1078	0.0192	19.9999999621503
0.11	0.0192	19.9999999621503
0	0.0224	19.9999999622913
0.0022	0.0224	19.9999999622912
0.0044	0.0224	19.999999962291
0.0066	0.0224	19.9999999622908
0.0088	0.0224	19.9999999622904
0.011	0.0224	19.99999996229
0.0132	0.0224	19.9999999622894
0.0154	0.0224	19.9999999622888
0.0176	0.0224	19.999999962288
0.0198	0.0224	19.9999999622871
0.022	0.0224	19.9999999622861
0.0242	0.0224	19.999999962285
0.0264	0.0224	19.9999999622838
0.0286	0.0224	19.9999999622825
0.0308	0.0224	19.9999999622811
0.033	0.0224	19.9999999622796
0.0352	0.0224	19.9999999622779
0.0374	0.0224	19.9999999622762
0.0396	0.0224	19.9999999622743
0.0418	0.0224	19.9999999622723
0.044	0.0224	19.9999999622702
0.0462	0.0224	19.999999962268
0.0484	0.0224	19.9999999622657
0.0506	0.0224	19.9999999622631
0.0528	0.0224	19.9999999622605
0.055	0.0224	19.9999999622577
0.0572	0.0224	19.9999999622548
0.0594	0.0224	19.9999999622517
0.0616	0.0224	19.9999999622485
0.0638	0.0224	19.9999999622451
0.066	0.0224	19.9999999622414
0.0682	0.0224	19.9999999622376
0.0704	0.0224	19.9999999622336
0.0726	0.0224	19.9999999622294
0.0748	0.0224	19.9999999622249
0.077	0.0224	19.9999999622202
0.0792	0.0224	19.9999999622152
0.0814	0.0224	19.9999999622099
0.0836	0.0224	19.9999999622042
0.0858	0.0224	19.9999999621981
0.088	0.0224	19.9999999621916
0.0902	0.0224	19.9999999621846
0.0924	0.0224	19.9999999621771
0.0946	0.0224	19.9999999621689
0.0968	0.0224	19.9999999621601
0.099	0.0224	19.9999999621504
0.1012	0.0224	19.9999999621504
0.1034	0.0224	19.9999999621503
0.1056	0.0224	19.9999999621503
0.1078	0.0224	19.9999999621503
0.11	0.0224	19.9999999621504
0	0.0256	19.9999999623197
0.0022	0.0256	19.9999999623196
0.0044	0.0256	19.9999999623194
0.0066	0.0256	19.9999999623191
0.0088	0.0256	19.9999999623187
0.011	0.0256	19.9999999623181
0.0132	0.0256	19.9999999623174
0.0154	0.0256	19.9999999623166
0.0176	0.0256	19.9999999623157
0.0198	0.0256	19.9999999623146
0.022	0.0256	19.9999999623134
0.0242	0.0256	19.9999999623121
0.0264	0.0256	19.9999999623107
0.0286	0.0256	19.9999999623091
0.0308	0.0256	19.9999999623073
0.033	0.0256	19.9999999623055
0.0352	0.0256	19.9999999623035
0.0374	0.0256	19.9999999623014
0.0396	0.0256	19.9999999622991
0.0418	0.0256	19.9999999622967
0.044	0.0256	19.9999999622941
0.0462	0.0256	19.9999999622914
0.0484	0.0256	19.9999999622885
0.0506	0.0256	19.9999999622855
0.0528	0.0256	19.9999999622822
0.055	0.0256	19.9999999622788
0.0572	0.0256	19.9999999622753
0.0594	0.0256	19.9999999622715
0.0616	0.0256	19.9999999622675
0.0638	0.0256	19.9999999622633
0.066	0.0256	19.9999999622589
0.0682	0.0256	19.9999999622543
0.0704	0.0256	19.9999999622494
0.0726	0.0256	19.9999999622442
0.0748	0.0256	19.9999999622388
0.077	0.0256	19.9999999622331
0.0792	0.0256	19.999999962227
0.0814	0.0256	19.9999999622205
0.0836	0.0256	19.9999999622137
0.0858	0.0256	19.9999999622064
0.088	0.0256	19.9999999621986
0.0902	0.0256	19.9999999621903
0.0924	0.0256	19.9999999621814
0.0946	0.0256	19.9999999621718
0.0968	0.0256	19.9999999621615
0.099	0.0256	19.9999999621504
0.1012	0.0256	19.9999999621504
0.1034	0.0256	19.9999999621504
0.1056	0.0256	19.9999999621504
0.1078	0.0256	19.9999999621504
0.11	0.0256	19.9999999621504
0	0.0288	19.9999999623463
0.0022	0.0288	19.9999999623462
0.0044	0.0288	19.999999962346
0.0066	0.0288	19.9999999623456
0.0088	0.0288	19.9999999623451
0.011	0.0288	19.9999999623445
0.0132	0.0288	19.9999999623437
0.0154	0.0288	19.9999999623427
0.0176	0.0288	19.9999999623416
0.0198	0.0288	19.9999999623404
0.022	0.0288	19.999999962339
0.0242	0.0288	19.9999999623374
0.0264	0.0288	19.9999999623357
0.0286	0.0288	19.9999999623338
0.0308	0.0288	19.9999999623318
0.033	0.0288	19.9999999623296
0.0352	0.0288	19.9999999623273
0.0374	0.0288	19.9999999623248
0.0396	0.0288	19.9999999623221
0.0418	0.0288	19.9999999623193
0.044	0.0288	19.9999999623163
0.0462	0.0288	19.9999999623131
0.0484	0.0288	19.9999999623097
0.0506	0.0288	19.9999999623061
0.0528	0.0288	19.9999999623023
0.055	0.0288	19.9999999622983
0.0572	0.0288	19.9999999622941
0.0594	0.0288	19.9999999622897
0.0616	0.0288	19.999999962285
0.0638	0.0288	19.9999999622801
0.066	0.0288	19.9999999622749
0.0682	0.0288	19.9999999622695
0.0704	0.0288	19.9999999622638
0.0726	0.0288	19.9999999622577
0.0748	0.0288	19.9999999622514
0.077	0.0288	19.9999999622447
0.0792	0.0288	19.9999999622376
0.0814	0.0288	19.9999999622301
0.0836	0.0288	19.9999999622221
0.0858	0.0288	19.9999999622137
0.088	0.0288	19.9999999622048
0.0902	0.0288	19.9999999621952
0.0924	0.0288	19.9999999621851
0.0946	0.0288	19.9999999621743
0.0968	0.0288	19.9999999621628
0.099	0.0288	19.9999999621505
0.1012	0.0288	19.9999999621504
0.1034	0.0288	19.9999999621504
0.1056	0.0288	19.9999999621504
0.1078	0.0288	19.9999999621504
0.11	0.0288	19.9999999621504
0	0.032	19.9999999623712
0.0022	0.032	19.9999999623711
0.0044	0.032	19.9999999623708
0.0066	0.032	19.9999999623704
0.0088	0.032	19.9999999623698
0.011	0.032	19.9999999623691
0.0132	0.032	19.9999999623682
0.0154	0.032	19.9999999623671
0.0176	0.032	19.9999999623658
0.0198	0.032	19.9999999623644
0.022	0.032	19.9999999623628
0.0242	0.032	19.999999962361
0.0264	0.032	19.9999999623591
0.0286	0.032	19.9999999623569
0.0308	0.032	19.9999999623546
0.033	0.032	19.9999999623521
0.0352	0.032	19.9999999623494
0.0374	0.032	19.9999999623466
0.0396	0.032	19.9999999623435
0.0418	0.032	19.9999999623403
0.044	0.032	19.9999999623368
0.0462	0.032	19.9999999623331
0.0484	0.032	19.9999999623293
0.0506	0.032	19.9999999623252
0.0528	0.032	19.9999999623208
0.055	0.032	19.9999999623163
0.0572	0.032	19.9999999623115
0.0594	0.032	19.9999999623064
0.0616	0.032	19.9999999623011
0.0638	0.032	19.9999999622955
0.066	0.032	19.9999999622896
0.0682	0.032	19.9999999622834
0.0704	0.032	19.9999999622768
0.0726	0.032	19.99999996227
0.0748	0.032	19.9999999622627
0.077	0.032	19.9999999622551
0.0792	0.032	19.9999999622471
0.0814	0.032	19.9999999622386
0.0836	0.032	19.9999999622297
0.0858	0.032	19.9999999622202
0.088	0.032	19.9999999622102
0.0902	0.032	19.9999999621996
0.0924	0.032	19.9999999621884
0.0946	0.032	19.9999999621765
0.0968	0.032	19.9999999621639
0.099	0.032	19.9999999621505
0.1012	0.032	19.9999999621505
0.1034	0.032	19.9999999621505
0.1056	0.032	19.9999999621504
0.1078	0.032	19.9999999621505
0.11	0.032	19.9999999621505
0	0.0352	19.9999999623945
0.0022	0.0352	19.9999999623943
0.0044	0.0352	19.9999999623941
0.0066	0.0352	19.9999999623936
0.0088	0.0352	19.9999999623929
0.011	0.0352	19.9999999623921
0.0132	0.0352	19.9999999623911
0.0154	0.0352	19.9999999623899
0.0176	0.0352	19.9999999623885
0.0198	0.0352	19.9999999623868
0.022	0.0352	19.9999999623851
0.0242	0.0352	19.9999999623831
0.0264	0.0352	19.9999999623809
0.0286	0.0352	19.9999999623785
0.0308	0.0352	19.9999999623759
0.033	0.0352	19.9999999623731
0.0352	0.0352	19.9999999623701
0.0374	0.0352	19.9999999623668
0.0396	0.0352	19.9999999623634
0.0418	0.0352	19.9999999623597
0.044	0.0352	19.9999999623559
0.0462	0.0352	19.9999999623518
0.0484	0.0352	19.9999999623474
0.0506	0.0352	19.9999999623428
0.0528	0.0352	19.999999962338
0.055	0.0352	19.9999999623328
0.0572	0.0352	19.9999999623275
0.0594	0.0352	19.9999999623218
0.0616	0.0352	19.9999999623158
0.0638	0.0352	19.9999999623095
0.066	0.0352	19.9999999623029
0.0682	0.0352	19.999999962296
0.0704	0.0352	19.9999999622888
0.0726	0.0352	19.9999999622811
0.0748	0.0352	19.9999999622731
0.077	0.0352	19.9999999622646
0.0792	0.0352	19.9999999622557
0.0814	0.0352	19.9999999622463
0.0836	0.0352	19.9999999622365
0.0858	0.0352	19.9999999622261
0.088	0.0352	19.9999999622151
0.0902	0.0352	19.9999999622036
0.0924	0.0352	19.9999999621914
0.0946	0.0352	19.9999999621785
0.0968	0.0352	19.9999999621649
0.099	0.0352	19.9999999621506
0.1012	0.0352	19.9999999621505
0.1034	0.0352	19.9999999621505
0.1056	0.0352	19.9999999621505
0.1078	0.0352	19.9999999621505
0.11	0.0352	19.9999999621505
0	0.0384	19.9999999624162
0.0022	0.0384	19.9999999624161
0.0044	0.0384	19.9999999624157
0.0066	0.0384	19.9999999624152
0.0088	0.0384	19.9999999624145
0.011	0.0384	19.9999999624136
0.0132	0.0384	19.9999999624124
0.0154	0.0384	19.9999999624111
0.0176	0.0384	19.9999999624096
0.0198	0.0384	19.9999999624078
0.022	0.0384	19.9999999624058
0.0242	0.0384	19.9999999624036
0.0264	0.0384	19.9999999624012
0.0286	0.0384	19.9999999623985
0.0308	0.0384	19.9999999623956
0.033	0.0384	19.9999999623926
0.0352	0.0384	19.9999999623892
0.0374	0.0384	19.9999999623857
0.0396	0.0384	19.9999999623819
0.0418	0.0384	19.9999999623778
0.044	0.0384	19.9999999623735
0.0462	0.0384	19.999999962369
0.0484	0.0384	19.9999999623642
0.0506	0.0384	19.9999999623591
0.0528	0.0384	19.9999999623538
0.055	0.0384	19.9999999623481
0.0572	0.0384	19.9999999623422
0.0594	0.0384	19.9999999623359
0.0616	0.0384	19.9999999623294
0.0638	0.0384	19.9999999623225
0.066	0.0384	19.9999999623152
0.0682	0.0384	19.9999999623076
0.0704	0.0384	19.9999999622996
0.0726	0.0384	19.9999999622912
0.0748	0.0384	19.9999999622824
0.077	0.0384	19.9999999622732
0.0792	0.0384	19.9999999622635
0.0814	0.0384	19.9999999622533
0.0836	0.0384	19.9999999622426
0.0858	0.0384	19.9999999622314
0.088	0.0384	19.9999999622195
0.0902	0.0384	19.9999999622071
0.0924	0.0384	19.999999962194
0.0946	0.0384	19.9999999621803
0.0968	0.0384	19.9999999621658
0.099	0.0384	19.9999999621506
0.1012	0.0384	19.9999999621506
0.1034	0.0384	19.9999999621506
0.1056	0.0384	19.9999999621506
0.1078	0.0384	19.9999999621506
0.11	0.0384	19.9999999621506
0	0.0416	19.9999999624365
0.0022	0.0416	19.9999999624363
0.0044	0.0416	19.999999962436
0.0066	0.0416	19.9999999624354
0.0088	0.0416	19.9999999624346
0.011	0.0416	19.9999999624336
0.0132	0.0416	19.9999999624324
0.0154	0.0416	19.9999999624309
0.0176	0.0416	19.9999999624292
0.0198	0.0416	19.9999999624273
0.022	0.0416	19.9999999624251
0.0242	0.0416	19.9999999624227
0.0264	0.0416	19.9999999624201
0.0286	0.0416	19.9999999624172
0.0308	0.0416	19.999999962414
0.033	0.0416	19.9999999624107
0.0352	0.0416	19.999999962407
0.0374	0.0416	19.9999999624031
0.0396	0.0416	19.999999962399
0.0418	0.0416	19.9999999623946
0.044	0.0416	19.9999999623899
0.0462	0.0416	19.9999999623849
0.0484	0.0416	19.9999999623797
0.0506	0.0416	19.9999999623742
0.0528	0.0416	19.9999999623683
0.055	0.0416	19.9999999623622
0.0572	0.0416	19.9999999623557
0.0594	0.0416	19.9999999623489
0.0616	0.0416	19.9999999623418
0.0638	0.0416	19.9999999623343
0.066	0.0416	19.9999999623264
0.0682	0.0416	19.9999999623182
0.0704	0.0416	19.9999999623095
0.0726	0.0416	19.9999999623005
0.0748	0.0416	19.999999962291
0.077	0.0416	19.999999962281
0.0792	0.0416	19.9999999622706
0.0814	0.0416	19.9999999622596
0.0836	0.0416	19.9999999622482
0.0858	0.0416	19.9999999622361
0.088	0.0416	19.9999999622235
0.0902	0.0416	19.9999999622103
0.0924	0.0416	19.9999999621964
0.0946	0.0416	19.9999999621819
0.0968	0.0416	19.9999999621667
0.099	0.0416	19.9999999621507
0.1012	0.0416	19.9999999621507
0.1034	0.0416	19.9999999621506
0.1056	0.0416	19.9999999621506
0.1078	0.0416	19.9999999621506
0.11	0.0416	19.9999999621506
0	0.0448	19.9999999624554
0.0022	0.0448	19.9999999624552
0.0044	0.0448	19.9999999624548
0.0066	0.0448	19.9999999624542
0.0088	0.0448	19.9999999624534
0.011	0.0448	19.9999999624523
0.0132	0.0448	19.9999999624509
0.0154	0.0448	19.9999999624494
0.0176	0.0448	19.9999999624475
0.0198	0.0448	19.9999999624454
0.022	0.0448	19.9999999624431
0.0242	0.0448	19.9999999624405
0.0264	0.0448	19.9999999624376
0.0286	0.0448	19.9999999624345
0.0308	0.0448	19.9999999624311
0.033	0.0448	19.9999999624275
0.0352	0.0448	19.9999999624235
0.0374	0.0448	19.9999999624193
0.0396	0.0448	19.9999999624149
0.0418	0.0448	19.9999999624101
0.044	0.0448	19.9999999624051
0.0462	0.0448	19.9999999623997
0.0484	0.0448	19.9999999623941
0.0506	0.0448	19.9999999623881
0.0528	0.0448	19.9999999623818
0.055	0.0448	19.9999999623752
0.0572	0.0448	19.9999999623682
0.0594	0.0448	19.9999999623609
0.0616	0.0448	19.9999999623532
0.0638	0.0448	19.9999999623452
0.066	0.0448	19.9999999623367
0.0682	0.0448	19.9999999623279
0.0704	0.0448	19.9999999623186
0.0726	0.0448	19.9999999623089
0.0748	0.0448	19.9999999622988
0.077	0.0448	19.9999999622881
0.0792	0.0448	19.999999962277
0.0814	0.0448	19.9999999622654
0.0836	0.0448	19.9999999622532
0.0858	0.0448	19.9999999622405
0.088	0.0448	19.9999999622271
0.0902	0.0448	19.9999999622132
0.0924	0.0448	19.9999999621986
0.0946	0.0448	19.9999999621834
0.0968	0.0448	19.9999999621674
0.099	0.0448	19.9999999621508
0.1012	0.0448	19.9999999621507
0.1034	0.0448	19.9999999621507
0.1056	0.0448	19.9999999621507
0.1078	0.0448	19.9999999621507
0.11	0.0448	19.9999999621507
0	0.048	19.999999962473
0.0022	0.048	19.9999999624728
0.0044	0.048	19.9999999624724
0.0066	0.048	19.9999999624717
0.0088	0.048	19.9999999624708
0.011	0.048	19.9999999624697
0.0132	0.048	19.9999999624682
0.0154	0.048	19.9999999624665
0.0176	0.048	19.9999999624646
0.0198	0.048	19.9999999624623
0.022	0.048	19.9999999624598
0.0242	0.048	19.999999962457
0.0264	0.048	19.999999962454
0.0286	0.048	19.9999999624506
0.0308	0.048	19.999999962447
0.033	0.048	19.9999999624431
0.0352	0.048	19.9999999624389
0.0374	0.048	19.9999999624344
0.0396	0.048	19.9999999624296
0.0418	0.048	19.9999999624245
0.044	0.048	19.9999999624191
0.0462	0.048	19.9999999624134
0.0484	0.048	19.9999999624073
0.0506	0.048	19.9999999624009
0.0528	0.048	19.9999999623942
0.055	0.048	19.9999999623871
0.0572	0.048	19.9999999623797
0.0594	0.048	19.9999999623719
0.0616	0.048	19.9999999623637
0.0638	0.048	19.9999999623552
0.066	0.048	19.9999999623462
0.0682	0.048	19.9999999623368
0.0704	0.048	19.9999999623269
0.0726	0.048	19.9999999623166
0.0748	0.048	19.9999999623059
0.077	0.048	19.9999999622946
0.0792	0.048	19.9999999622829
0.0814	0.048	19.9999999622706
0.0836	0.048	19.9999999622578
0.0858	0.048	19.9999999622444
0.088	0.048	19.9999999622304
0.0902	0.048	19.9999999622158
0.0924	0.048	19.9999999622006
0.0946	0.048	19.9999999621847
0.0968	0.048	19.9999999621681
0.099	0.048	19.9999999621509
0.1012	0.048	19.9999999621508
0.1034	0.048	19.9999999621508
0.1056	0.048	19.9999999621508
0.1078	0.048	19.9999999621508
0.11	0.048	19.9999999621508
0	0.0512	19.9999999624894
0.0022	0.0512	19.9999999624892
0.0044	0.0512	19.9999999624888
0.0066	0.0512	19.9999999624881
0.0088	0.0512	19.9999999624871
0.011	0.0512	19.9999999624859
0.0132	0.0512	19.9999999624843
0.0154	0.0512	19.9999999624825
0.0176	0.0512	19.9999999624804
0.0198	0.0512	19.999999962478
0.022	0.0512	19.9999999624753
0.0242	0.0512	19.9999999624724
0.0264	0.0512	19.9999999624691
0.0286	0.0512	19.9999999624656
0.0308	0.0512	19.9999999624617
0.033	0.0512	19.9999999624576
0.0352	0.0512	19.9999999624531
0.0374	0.0512	19.9999999624483
0.0396	0.0512	19.9999999624432
0.0418	0.0512	19.9999999624378
0.044	0.0512	19.9999999624321
0.0462	0.0512	19.999999962426
0.0484	0.0512	19.9999999624196
0.0506	0.0512	19.9999999624128
0.0528	0.0512	19.9999999624057
0.055	0.0512	19.9999999623982
0.0572	0.0512	19.9999999623903
0.0594	0.0512	19.999999962382
0.0616	0.0512	19.9999999623734
0.0638	0.0512	19.9999999623643
0.066	0.0512	19.9999999623548
0.0682	0.0512	19.9999999623449
0.0704	0.0512	19.9999999623345
0.0726	0.0512	19.9999999623237
0.0748	0.0512	19.9999999623124
0.077	0.0512	19.9999999623006
0.0792	0.0512	19.9999999622882
0.0814	0.0512	19.9999999622754
0.0836	0.0512	19.9999999622619
0.0858	0.0512	19.999999962248
0.088	0.0512	19.9999999622334
0.0902	0.0512	19.9999999622182
0.0924	0.0512	19.9999999622024
0.0946	0.0512	19.9999999621859
0.0968	0.0512	19.9999999621688
0.099	0.0512	19.999999962151
0.1012	0.0512	19.9999999621509
0.1034	0.0512	19.9999999621509
0.1056	0.0512	19.9999999621509
0.1078	0.0512	19.9999999621509
0.11	0.0512	19.9999999621509
0	0.0544	19.9999999625047
0.0022	0.0544	19.9999999625045
0.0044	0.0544	19.999999962504
0.0066	0.0544	19.9999999625033
0.0088	0.0544	19.9999999625022
0.011	0.0544	19.9999999625009
0.0132	0.0544	19.9999999624993
0.0154	0.0544	19.9999999624974
0.0176	0.0544	19.9999999624951
0.0198	0.0544	19.9999999624926
0.022	0.0544	19.9999999624898
0.0242	0.0544	19.9999999624867
0.0264	0.0544	19.9999999624832
0.0286	0.0544	19.9999999624795
0.0308	0.0544	19.9999999624754
0.033	0.0544	19.999999962471
0.0352	0.0544	19.9999999624663
0.0374	0.0544	19.9999999624612
0.0396	0.0544	19.9999999624558
0.0418	0.0544	19.9999999624501
0.044	0.0544	19.9999999624441
0.0462	0.0544	19.9999999624377
0.0484	0.0544	19.9999999624309
0.0506	0.0544	19.9999999624238
0.0528	0.0544	19.9999999624162
0.055	0.0544	19.9999999624083
0.0572	0.0544	19.9999999624001
0.0594	0.0544	19.9999999623914
0.0616	0.0544	19.9999999623823
0.0638	0.0544	19.9999999623727
0.066	0.0544	19.9999999623628
0.0682	0.0544	19.9999999623524
0.0704	0.0544	19.9999999623415
0.0726	0.0544	19.9999999623301
0.0748	0.0544	19.9999999623183
0.077	0.0544	19.999999962306
0.0792	0.0544	19.9999999622931
0.0814	0.0544	19.9999999622797
0.0836	0.0544	19.9999999622658
0.0858	0.0544	19.9999999622512
0.088	0.0544	19.9999999622361
0.0902	0.0544	19.9999999622204
0.0924	0.0544	19.999999962204
0.0946	0.0544	19.999999962187
0.0968	0.0544	19.9999999621694
0.099	0.0544	19.9999999621511
0.1012	0.0544	19.999999962151
0.1034	0.0544	19.999999962151
0.1056	0.0544	19.9999999621509
0.1078	0.0544	19.9999999621509
0.11	0.0544	19.999999962151
0	0.0576	19.9999999625188
0.0022	0.0576	19.9999999625186
0.0044	0.0576	19.9999999625181
0.0066	0.0576	19.9999999625174
0.0088	0.0576	19.9999999625163
0.011	0.0576	19.9999999625149
0.0132	0.0576	19.9999999625132
0.0154	0.0576	19.9999999625112
0.0176	0.0576	19.9999999625088
0.0198	0.0576	19.9999999625062
0.022	0.0576	19.9999999625032
0.0242	0.0576	19.9999999624999
0.0264	0.0576	19.9999999624963
0.0286	0.0576	19.9999999624923
0.0308	0.0576	19.999999962488
0.033	0.0576	19.9999999624834
0.0352	0.0576	19.9999999624785
0.0374	0.0576	19.9999999624732
0.0396	0.0576	19.9999999624675
0.0418	0.0576	19.9999999624615
0.044	0.0576	19.9999999624552
0.0462	0.0576	19.9999999624485
0.0484	0.0576	19.9999999624414
0.0506	0.0576	19.9999999624339
0.0528	0.0576	19.999999962426
0.055	0.0576	19.9999999624177
0.0572	0.0576	19.999999962409
0.0594	0.0576	19.9999999624
0.0616	0.0576	19.9999999623904
0.0638	0.0576	19.9999999623805
0.066	0.0576	19.9999999623701
0.0682	0.0576	19.9999999623592
0.0704	0.0576	19.9999999623479
0.0726	0.0576	19.9999999623361
0.0748	0.0576	19.9999999623238
0.077	0.0576	19.9999999623109
0.0792	0.0576	19.9999999622976
0.0814	0.0576	19.9999999622837
0.0836	0.0576	19.9999999622692
0.0858	0.0576	19.9999999622542
0.088	0.0576	19.9999999622386
0.0902	0.0576	19.9999999622224
0.0924	0.0576	19.9999999622055
0.0946	0.0576	19.9999999621881
0.0968	0.0576	19.9999999621699
0.099	0.0576	19.9999999621512
0.1012	0.0576	19.9999999621511
0.1034	0.0576	19.9999999621511
0.1056	0.0576	19.999999962151
0.1078	0.0576	19.999999962151
0.11	0.0576	19.9999999621511
0	0.0608	19.999999962532
0.0022	0.0608	19.9999999625318
0.0044	0.0608	19.9999999625313
0.0066	0.0608	19.9999999625305
0.0088	0.0608	19.9999999625293
0.011	0.0608	19.9999999625279
0.0132	0.0608	19.9999999625261
0.0154	0.0608	19.999999962524
0.0176	0.0608	19.9999999625215
0.0198	0.0608	19.9999999625188
0.022	0.0608	19.9999999625156
0.0242	0.0608	19.9999999625122
0.0264	0.0608	19.9999999625084
0.0286	0.0608	19.9999999625043
0.0308	0.0608	19.9999999624998
0.033	0.0608	19.999999962495
0.0352	0.0608	19.9999999624898
0.0374	0.0608	19.9999999624842
0.0396	0.0608	19.9999999624783
0.0418	0.0608	19.9999999624721
0.044	0.0608	19.9999999624654
0.0462	0.0608	19.9999999624584
0.0484	0.0608	19.999999962451
0.0506	0.0608	19.9999999624432
0.0528	0.0608	19.999999962435
0.055	0.0608	19.9999999624264
0.0572	0.0608	19.9999999624173
0.0594	0.0608	19.9999999624078
0.0616	0.0608	19.999999962398
0.0638	0.0608	19.9999999623876
0.066	0.0608	19.9999999623768
0.0682	0.0608	19.9999999623655
0.0704	0.0608	19.9999999623538
0.0726	0.0608	19.9999999623415
0.0748	0.0608	19.9999999623288
0.077	0.0608	19.9999999623155
0.0792	0.0608	19.9999999623017
0.0814	0.0608	19.9999999622873
0.0836	0.0608	19.9999999622724
0.0858	0.0608	19.999999962257
0.088	0.0608	19.9999999622409
0.0902	0.0608	19.9999999622242
0.0924	0.0608	19.9999999622069
0.0946	0.0608	19.999999962189
0.0968	0.0608	19.9999999621705
0.099	0.0608	19.9999999621512
0.1012	0.0608	19.9999999621512
0.1034	0.0608	19.9999999621512
0.1056	0.0608	19.9999999621511
0.1078	0.0608	19.9999999621511
0.11	0.0608	19.9999999621512
0	0.064	19.9999999625443
0.0022	0.064	19.999999962544
0.0044	0.064	19.9999999625435
0.0066	0.064	19.9999999625427
0.0088	0.064	19.9999999625415
0.011	0.064	19.9999999625399
0.0132	0.064	19.9999999625381
0.0154	0.064	19.9999999625359
0.0176	0.064	19.9999999625333
0.0198	0.064	19.9999999625304
0.022	0.064	19.9999999625272
0.0242	0.064	19.9999999625236
0.0264	0.064	19.9999999625197
0.0286	0.064	19.9999999625153
0.0308	0.064	19.9999999625107
0.033	0.064	19.9999999625056
0.0352	0.064	19.9999999625003
0.0374	0.064	19.9999999624945
0.0396	0.064	19.9999999624883
0.0418	0.064	19.9999999624818
0.044	0.064	19.9999999624749
0.0462	0.064	19.9999999624676
0.0484	0.064	19.9999999624599
0.0506	0.064	19.9999999624518
0.0528	0.064	19.9999999624433
0.055	0.064	19.9999999624343
0.0572	0.064	19.999999962425
0.0594	0.064	19.9999999624151
0.0616	0.064	19.9999999624049
0.0638	0.064	19.9999999623941
0.066	0.064	19.999999962383
0.0682	0.064	19.9999999623713
0.0704	0.064	19.9999999623591
0.0726	0.064	19.9999999623465
0.0748	0.064	19.9999999623333
0.077	0.064	19.9999999623197
0.0792	0.064	19.9999999623054
0.0814	0.064	19.9999999622907
0.0836	0.064	19.9999999622754
0.0858	0.064	19.9999999622595
0.088	0.064	19.999999962243
0.0902	0.064	19.9999999622259
0.0924	0.064	19.9999999622082
0.0946	0.064	19.9999999621899
0.0968	0.064	19.999999962171
0.099	0.064	19.9999999621513
0.1012	0.064	19.9999999621513
0.1034	0.064	19.9999999621512
0.1056	0.064	19.9999999621512
0.1078	0.064	19.9999999621512
0.11	0.064	19.9999999621512
0	0.0672	19.9999999625556
0.0022	0.0672	19.9999999625554
0.0044	0.0672	19.9999999625548
0.0066	0.0672	19.9999999625539
0.0088	0.0672	19.9999999625527
0.011	0.0672	19.9999999625511
0.0132	0.0672	19.9999999625492
0.0154	0.0672	19.9999999625469
0.0176	0.0672	19.9999999625443
0.0198	0.0672	19.9999999625412
0.022	0.0672	19.9999999625379
0.0242	0.0672	19.9999999625342
0.0264	0.0672	19.99999996253
0.0286	0.0672	19.9999999625256
0.0308	0.0672	19.9999999625207
0.033	0.0672	19.9999999625155
0.0352	0.0672	19.9999999625099
0.0374	0.0672	19.9999999625039
0.0396	0.0672	19.9999999624976
0.0418	0.0672	19.9999999624908
0.044	0.0672	19.9999999624837
0.0462	0.0672	19.9999999624761
0.0484	0.0672	19.9999999624681
0.0506	0.0672	19.9999999624597
0.0528	0.0672	19.9999999624509
0.055	0.0672	19.9999999624417
0.0572	0.0672	19.999999962432
0.0594	0.0672	19.9999999624218
0.0616	0.0672	19.9999999624112
0.0638	0.0672	19.9999999624002
0.066	0.0672	19.9999999623886
0.0682	0.0672	19.9999999623766
0.0704	0.0672	19.9999999623641
0.0726	0.0672	19.9999999623511
0.0748	0.0672	19.9999999623375
0.077	0.0672	19.9999999623235
0.0792	0.0672	19.9999999623089
0.0814	0.0672	19.9999999622937
0.0836	0.0672	19.999999962278
0.0858	0.0672	19.9999999622618
0.088	0.0672	19.9999999622449
0.0902	0.0672	19.9999999622275
0.0924	0.0672	19.9999999622094
0.0946	0.0672	19.9999999621907
0.0968	0.0672	19.9999999621714
0.099	0.0672	19.9999999621514
0.1012	0.0672	19.9999999621514
0.1034	0.0672	19.9999999621513
0.1056	0.0672	19.9999999621513
0.1078	0.0672	19.9999999621513
0.11	0.0672	19.9999999621513
0	0.0704	19.9999999625661
0.0022	0.0704	19.9999999625659
0.0044	0.0704	19.9999999625653
0.0066	0.0704	19.9999999625644
0.0088	0.0704	19.9999999625631
0.011	0.0704	19.9999999625615
0.0132	0.0704	19.9999999625595
0.0154	0.0704	19.9999999625571
0.0176	0.0704	19.9999999625544
0.0198	0.0704	19.9999999625513
0.022	0.0704	19.9999999625478
0.0242	0.0704	19.9999999625439
0.0264	0.0704	19.9999999625397
0.0286	0.0704	19.9999999625351
0.0308	0.0704	19.9999999625301
0.033	0.0704	19.9999999625247
0.0352	0.0704	19.9999999625189
0.0374	0.0704	19.9999999625127
0.0396	0.0704	19.9999999625061
0.0418	0.0704	19.9999999624992
0.044	0.0704	19.9999999624918
0.0462	0.0704	19.999999962484
0.0484	0.0704	19.9999999624757
0.0506	0.0704	19.9999999624671
0.0528	0.0704	19.999999962458
0.055	0.0704	19.9999999624484
0.0572	0.0704	19.9999999624385
0.0594	0.0704	19.999999962428
0.0616	0.0704	19.9999999624171
0.0638	0.0704	19.9999999624057
0.066	0.0704	19.9999999623939
0.0682	0.0704	19.9999999623815
0.0704	0.0704	19.9999999623687
0.0726	0.0704	19.9999999623553
0.0748	0.0704	19.9999999623414
0.077	0.0704	19.999999962327
0.0792	0.0704	19.999999962312
0.0814	0.0704	19.9999999622965
0.0836	0.0704	19.9999999622805
0.0858	0.0704	19.9999999622639
0.088	0.0704	19.9999999622467
0.0902	0.0704	19.9999999622289
0.0924	0.0704	19.9999999622105
0.0946	0.0704	19.9999999621915
0.0968	0.0704	19.9999999621718
0.099	0.0704	19.9999999621515
0.1012	0.0704	19.9999999621515
0.1034	0.0704	19.9999999621515
0.1056	0.0704	19.9999999621514
0.1078	0.0704	19.9999999621514
0.11	0.0704	19.9999999621514
0	0.0736	19.9999999625759
0.0022	0.0736	19.9999999625756
0.0044	0.0736	19.999999962575
0.0066	0.0736	19.9999999625741
0.0088	0.0736	19.9999999625728
0.011	0.0736	19.9999999625711
0.0132	0.0736	19.999999962569
0.0154	0.0736	19.9999999625666
0.0176	0.0736	19.9999999625638
0.0198	0.0736	19.9999999625606
0.022	0.0736	19.999999962557
0.0242	0.0736	19.999999962553
0.0264	0.0736	19.9999999625486
0.0286	0.0736	19.9999999625438
0.0308	0.0736	19.9999999625387
0.033	0.0736	19.9999999625331
0.0352	0.0736	19.9999999625272
0.0374	0.0736	19.9999999625208
0.0396	0.0736	19.999999962514
0.0418	0.0736	19.9999999625068
0.044	0.0736	19.9999999624992
0.0462	0.0736	19.9999999624912
0.0484	0.0736	19.9999999624828
0.0506	0.0736	19.9999999624738
0.0528	0.0736	19.9999999624645
0.055	0.0736	19.9999999624547
0.0572	0.0736	19.9999999624444
0.0594	0.0736	19.9999999624337
0.0616	0.0736	19.9999999624225
0.0638	0.0736	19.9999999624108
0.066	0.0736	19.9999999623987
0.0682	0.0736	19.999999962386
0.0704	0.0736	19.9999999623728
0.0726	0.0736	19.9999999623591
0.0748	0.0736	19.9999999623449
0.077	0.0736	19.9999999623302
0.0792	0.0736	19.9999999623149
0.0814	0.0736	19.9999999622991
0.0836	0.0736	19.9999999622827
0.0858	0.0736	19.9999999622658
0.088	0.0736	19.9999999622483
0.0902	0.0736	19.9999999622302
0.0924	0.0736	19.9999999622115
0.0946	0.0736	19.9999999621922
0.0968	0.0736	19.9999999621722
0.099	0.0736	19.9999999621517
0.1012	0.0736	19.9999999621516
0.1034	0.0736	19.9999999621516
0.1056	0.0736	19.9999999621515
0.1078	0.0736	19.9999999621515
0.11	0.0736	19.9999999621516
0	0.0768	19.9999999625849
0.0022	0.0768	19.9999999625847
0.0044	0.0768	19.9999999625841
0.0066	0.0768	19.9999999625831
0.0088	0.0768	19.9999999625817
0.011	0.0768	19.99999996258
0.0132	0.0768	19.9999999625778
0.0154	0.0768	19.9999999625753
0.0176	0.0768	19.9999999625724
0.0198	0.0768	19.9999999625691
0.022	0.0768	19.9999999625654
0.0242	0.0768	19.9999999625613
0.0264	0.0768	19.9999999625568
0.0286	0.0768	19.999999962552
0.0308	0.0768	19.9999999625466
0.033	0.0768	19.9999999625409
0.0352	0.0768	19.9999999625348
0.0374	0.0768	19.9999999625283
0.0396	0.0768	19.9999999625213
0.0418	0.0768	19.9999999625139
0.044	0.0768	19.9999999625061
0.0462	0.0768	19.9999999624979
0.0484	0.0768	19.9999999624892
0.0506	0.0768	19.9999999624801
0.0528	0.0768	19.9999999624705
0.055	0.0768	19.9999999624604
0.0572	0.0768	19.9999999624499
0.0594	0.0768	19.9999999624389
0.0616	0.0768	19.9999999624275
0.0638	0.0768	19.9999999624155
0.066	0.0768	19.9999999624031
0.0682	0.0768	19.9999999623901
0.0704	0.0768	19.9999999623767
0.0726	0.0768	19.9999999623627
0.0748	0.0768	19.9999999623482
0.077	0.0768	19.9999999623332
0.0792	0.0768	19.9999999623176
0.0814	0.0768	19.9999999623015
0.0836	0.0768	19.9999999622848
0.0858	0.0768	19.9999999622676
0.088	0.0768	19.9999999622498
0.0902	0.0768	19.9999999622314
0.0924	0.0768	19.9999999622124
0.0946	0.0768	19.9999999621928
0.0968	0.0768	19.9999999621726
0.099	0.0768	19.9999999621518
0.1012	0.0768	19.9999999621517
0.1034	0.0768	19.9999999621517
0.1056	0.0768	19.9999999621516
0.1078	0.0768	19.9999999621517
0.11	0.0768	19.9999999621517
0	0.08	19.9999999625933
0.0022	0.08	19.999999962593
0.0044	0.08	19.9999999625924
0.0066	0.08	19.9999999625914
0.0088	0.08	19.99999996259
0.011	0.08	19.9999999625882
0.0132	0.08	19.999999962586
0.0154	0.08	19.9999999625834
0.0176	0.08	19.9999999625805
0.0198	0.08	19.9999999625771
0.022	0.08	19.9999999625733
0.0242	0.08	19.9999999625691
0.0264	0.08	19.9999999625645
0.0286	0.08	19.9999999625594
0.0308	0.08	19.999999962554
0.033	0.08	19.9999999625482
0.0352	0.08	19.9999999625419
0.0374	0.08	19.9999999625352
0.0396	0.08	19.9999999625281
0.0418	0.08	19.9999999625205
0.044	0.08	19.9999999625125
0.0462	0.08	19.9999999625041
0.0484	0.08	19.9999999624952
0.0506	0.08	19.9999999624858
0.0528	0.08	19.999999962476
0.055	0.08	19.9999999624657
0.0572	0.08	19.999999962455
0.0594	0.08	19.9999999624437
0.0616	0.08	19.999999962432
0.0638	0.08	19.9999999624198
0.066	0.08	19.9999999624071
0.0682	0.08	19.9999999623939
0.0704	0.08	19.9999999623802
0.0726	0.08	19.999999962366
0.0748	0.08	19.9999999623512
0.077	0.08	19.9999999623359
0.0792	0.08	19.9999999623201
0.0814	0.08	19.9999999623037
0.0836	0.08	19.9999999622868
0.0858	0.08	19.9999999622692
0.088	0.08	19.9999999622512
0.0902	0.08	19.9999999622325
0.0924	0.08	19.9999999622133
0.0946	0.08	19.9999999621934
0.0968	0.08	19.999999962173
0.099	0.08	19.9999999621519
0.1012	0.08	19.9999999621518
0.1034	0.08	19.9999999621518
0.1056	0.08	19.9999999621518
0.1078	0.08	19.9999999621518
0.11	0.08	19.9999999621518
0	0.0832	19.999999962601
0.0022	0.0832	19.9999999626007
0.0044	0.0832	19.9999999626001
0.0066	0.0832	19.9999999625991
0.0088	0.0832	19.9999999625976
0.011	0.0832	19.9999999625958
0.0132	0.0832	19.9999999625936
0.0154	0.0832	19.9999999625909
0.0176	0.0832	19.9999999625879
0.0198	0.0832	19.9999999625844
0.022	0.0832	19.9999999625805
0.0242	0.0832	19.9999999625762
0.0264	0.0832	19.9999999625715
0.0286	0.0832	19.9999999625664
0.0308	0.0832	19.9999999625608
0.033	0.0832	19.9999999625548
0.0352	0.0832	19.9999999625484
0.0374	0.0832	19.9999999625415
0.0396	0.0832	19.9999999625343
0.0418	0.0832	19.9999999625265
0.044	0.0832	19.9999999625184
0.0462	0.0832	19.9999999625097
0.0484	0.0832	19.9999999625006
0.0506	0.0832	19.9999999624911
0.0528	0.0832	19.9999999624811
0.055	0.0832	19.9999999624706
0.0572	0.0832	19.9999999624596
0.0594	0.0832	19.9999999624482
0.0616	0.0832	19.9999999624362
0.0638	0.0832	19.9999999624238
0.066	0.0832	19.9999999624109
0.0682	0.0832	19.9999999623974
0.0704	0.0832	19.9999999623835
0.0726	0.0832	19.999999962369
0.0748	0.0832	19.999999962354
0.077	0.0832	19.9999999623384
0.0792	0.0832	19.9999999623223
0.0814	0.0832	19.9999999623057
0.0836	0.0832	19.9999999622885
0.0858	0.0832	19.9999999622708
0.088	0.0832	19.9999999622524
0.0902	0.0832	19.9999999622335
0.0924	0.0832	19.999999962214
0.0946	0.0832	19.999999962194
0.0968	0.0832	19.9999999621733
0.099	0.0832	19.999999962152
0.1012	0.0832	19.9999999621519
0.1034	0.0832	19.9999999621519
0.1056	0.0832	19.9999999621519
0.1078	0.0832	19.9999999621519
0.11	0.0832	19.9999999621519
0	0.0864	19.9999999626081
0.0022	0.0864	19.9999999626079
0.0044	0.0864	19.9999999626072
0.0066	0.0864	19.9999999626062
0.0088	0.0864	19.9999999626047
0.011	0.0864	19.9999999626028
0.0132	0.0864	19.9999999626006
0.0154	0.0864	19.9999999625978
0.0176	0.0864	19.9999999625947
0.0198	0.0864	19.9999999625912
0.022	0.0864	19.9999999625872
0.0242	0.0864	19.9999999625828
0.0264	0.0864	19.999999962578
0.0286	0.0864	19.9999999625728
0.0308	0.0864	19.9999999625671
0.033	0.0864	19.999999962561
0.0352	0.0864	19.9999999625544
0.0374	0.0864	19.9999999625474
0.0396	0.0864	19.99999996254
0.0418	0.0864	19.9999999625321
0.044	0.0864	19.9999999625238
0.0462	0.0864	19.999999962515
0.0484	0.0864	19.9999999625057
0.0506	0.0864	19.999999962496
0.0528	0.0864	19.9999999624858
0.055	0.0864	19.9999999624751
0.0572	0.0864	19.9999999624639
0.0594	0.0864	19.9999999624523
0.0616	0.0864	19.9999999624401
0.0638	0.0864	19.9999999624275
0.066	0.0864	19.9999999624143
0.0682	0.0864	19.9999999624006
0.0704	0.0864	19.9999999623865
0.0726	0.0864	19.9999999623717
0.0748	0.0864	19.9999999623565
0.077	0.0864	19.9999999623407
0.0792	0.0864	19.9999999623244
0.0814	0.0864	19.9999999623075
0.0836	0.0864	19.9999999622901
0.0858	0.0864	19.9999999622721
0.088	0.0864	19.9999999622536
0.0902	0.0864	19.9999999622345
0.0924	0.0864	19.9999999622148
0.0946	0.0864	19.9999999621945
0.0968	0.0864	19.9999999621736
0.099	0.0864	19.9999999621521
0.1012	0.0864	19.999999962152
0.1034	0.0864	19.999999962152
0.1056	0.0864	19.9999999621519
0.1078	0.0864	19.999999962152
0.11	0.0864	19.999999962152
0	0.0896	19.9999999626147
0.0022	0.0896	19.9999999626144
0.0044	0.0896	19.9999999626138
0.0066	0.0896	19.9999999626127
0.0088	0.0896	19.9999999626112
0.011	0.0896	19.9999999626093
0.0132	0.0896	19.999999962607
0.0154	0.0896	19.9999999626042
0.0176	0.0896	19.999999962601
0.0198	0.0896	19.9999999625974
0.022	0.0896	19.9999999625934
0.0242	0.0896	19.9999999625889
0.0264	0.0896	19.999999962584
0.0286	0.0896	19.9999999625786
0.0308	0.0896	19.9999999625728
0.033	0.0896	19.9999999625666
0.0352	0.0896	19.9999999625599
0.0374	0.0896	19.9999999625528
0.0396	0.0896	19.9999999625452
0.0418	0.0896	19.9999999625372
0.044	0.0896	19.9999999625287
0.0462	0.0896	19.9999999625198
0.0484	0.0896	19.9999999625104
0.0506	0.0896	19.9999999625004
0.0528	0.0896	19.9999999624901
0.055	0.0896	19.9999999624792
0.0572	0.0896	19.9999999624679
0.0594	0.0896	19.999999962456
0.0616	0.0896	19.9999999624437
0.0638	0.0896	19.9999999624308
0.066	0.0896	19.9999999624175
0.0682	0.0896	19.9999999624036
0.0704	0.0896	19.9999999623892
0.0726	0.0896	19.9999999623743
0.0748	0.0896	19.9999999623588
0.077	0.0896	19.9999999623428
0.0792	0.0896	19.9999999623263
0.0814	0.0896	19.9999999623092
0.0836	0.0896	19.9999999622916
0.0858	0.0896	19.9999999622734
0.088	0.0896	19.9999999622547
0.0902	0.0896	19.9999999622354
0.0924	0.0896	19.9999999622155
0.0946	0.0896	19.999999962195
0.0968	0.0896	19.9999999621739
0.099	0.0896	19.9999999621522
0.1012	0.0896	19.9999999621521
0.1034	0.0896	19.9999999621521
0.1056	0.0896	19.999999962152
0.1078	0.0896	19.999999962152
0.11	0.0896	19.9999999621521
0	0.0928	19.9999999626208
0.0022	0.0928	19.9999999626205
0.0044	0.0928	19.9999999626199
0.0066	0.0928	19.9999999626188
0.0088	0.0928	19.9999999626172
0.011	0.0928	19.9999999626153
0.0132	0.0928	19.9999999626129
0.0154	0.0928	19.9999999626101
0.0176	0.0928	19.9999999626069
0.0198	0.0928	19.9999999626032
0.022	0.0928	19.9999999625991
0.0242	0.0928	19.9999999625945
0.0264	0.0928	19.9999999625895
0.0286	0.0928	19.9999999625841
0.0308	0.0928	19.9999999625782
0.033	0.0928	19.9999999625718
0.0352	0.0928	19.999999962565
0.0374	0.0928	19.9999999625578
0.0396	0.0928	19.9999999625501
0.0418	0.0928	19.9999999625419
0.044	0.0928	19.9999999625333
0.0462	0.0928	19.9999999625242
0.0484	0.0928	19.9999999625146
0.0506	0.0928	19.9999999625046
0.0528	0.0928	19.999999962494
0.055	0.0928	19.999999962483
0.0572	0.0928	19.9999999624715
0.0594	0.0928	19.9999999624595
0.0616	0.0928	19.9999999624469
0.0638	0.0928	19.9999999624339
0.066	0.0928	19.9999999624204
0.0682	0.0928	19.9999999624063
0.0704	0.0928	19.9999999623917
0.0726	0.0928	19.9999999623766
0.0748	0.0928	19.999999962361
0.077	0.0928	19.9999999623448
0.0792	0.0928	19.9999999623281
0.0814	0.0928	19.9999999623108
0.0836	0.0928	19.999999962293
0.0858	0.0928	19.9999999622746
0.088	0.0928	19.9999999622557
0.0902	0.0928	19.9999999622362
0.0924	0.0928	19.9999999622161
0.0946	0.0928	19.9999999621954
0.0968	0.0928	19.9999999621741
0.099	0.0928	19.9999999621523
0.1012	0.0928	19.9999999621522
0.1034	0.0928	19.9999999621522
0.1056	0.0928	19.9999999621521
0.1078	0.0928	19.9999999621521
0.11	0.0928	19.9999999621522
0	0.096	19.9999999626264
0.0022	0.096	19.9999999626261
0.0044	0.096	19.9999999626254
0.0066	0.096	19.9999999626243
0.0088	0.096	19.9999999626228
0.011	0.096	19.9999999626208
0.0132	0.096	19.9999999626184
0.0154	0.096	19.9999999626155
0.0176	0.096	19.9999999626122
0.0198	0.096	19.9999999626085
0.022	0.096	19.9999999626043
0.0242	0.096	19.9999999625997
0.0264	0.096	19.9999999625946
0.0286	0.096	19.9999999625891
0.0308	0.096	19.9999999625831
0.033	0.096	19.9999999625766
0.0352	0.096	19.9999999625697
0.0374	0.096	19.9999999625624
0.0396	0.096	19.9999999625546
0.0418	0.096	19.9999999625463
0.044	0.096	19.9999999625375
0.0462	0.096	19.9999999625283
0.0484	0.096	19.9999999625186
0.0506	0.096	19.9999999625083
0.0528	0.096	19.9999999624977
0.055	0.096	19.9999999624865
0.0572	0.096	19.9999999624748
0.0594	0.096	19.9999999624626
0.0616	0.096	19.9999999624499
0.0638	0.096	19.9999999624367
0.066	0.096	19.999999962423
0.0682	0.096	19.9999999624088
0.0704	0.096	19.999999962394
0.0726	0.096	19.9999999623787
0.0748	0.096	19.9999999623629
0.077	0.096	19.9999999623466
0.0792	0.096	19.9999999623297
0.0814	0.096	19.9999999623122
0.0836	0.096	19.9999999622942
0.0858	0.096	19.9999999622757
0.088	0.096	19.9999999622566
0.0902	0.096	19.9999999622369
0.0924	0.096	19.9999999622166
0.0946	0.096	19.9999999621958
0.0968	0.096	19.9999999621744
0.099	0.096	19.9999999621524
0.1012	0.096	19.9999999621523
0.1034	0.096	19.9999999621523
0.1056	0.096	19.9999999621522
0.1078	0.096	19.9999999621522
0.11	0.096	19.9999999621523
0	0.0992	19.9999999626316
0.0022	0.0992	19.9999999626313
0.0044	0.0992	19.9999999626306
0.0066	0.0992	19.9999999626294
0.0088	0.0992	19.9999999626279
0.011	0.0992	19.9999999626259
0.0132	0.0992	19.9999999626234
0.0154	0.0992	19.9999999626205
0.0176	0.0992	19.9999999626172
0.0198	0.0992	19.9999999626134
0.022	0.0992	19.9999999626091
0.0242	0.0992	19.9999999626044
0.0264	0.0992	19.9999999625993
0.0286	0.0992	19.9999999625936
0.0308	0.0992	19.9999999625876
0.033	0.0992	19.999999962581
0.0352	0.0992	19.999999962574
0.0374	0.0992	19.9999999625666
0.0396	0.0992	19.9999999625587
0.0418	0.0992	19.9999999625503
0.044	0.0992	19.9999999625414
0.0462	0.0992	19.999999962532
0.0484	0.0992	19.9999999625222
0.0506	0.0992	19.9999999625118
0.0528	0.0992	19.999999962501
0.055	0.0992	19.9999999624897
0.0572	0.0992	19.9999999624779
0.0594	0.0992	19.9999999624655
0.0616	0.0992	19.9999999624527
0.0638	0.0992	19.9999999624393
0.066	0.0992	19.9999999624255
0.0682	0.0992	19.9999999624111
0.0704	0.0992	19.9999999623962
0.0726	0.0992	19.9999999623807
0.0748	0.0992	19.9999999623647
0.077	0.0992	19.9999999623482
0.0792	0.0992	19.9999999623311
0.0814	0.0992	19.9999999623135
0.0836	0.0992	19.9999999622954
0.0858	0.0992	19.9999999622767
0.088	0.0992	19.9999999622574
0.0902	0.0992	19.9999999622376
0.0924	0.0992	19.9999999622172
0.0946	0.0992	19.9999999621962
0.0968	0.0992	19.9999999621746
0.099	0.0992	19.9999999621525
0.1012	0.0992	19.9999999621524
0.1034	0.0992	19.9999999621524
0.1056	0.0992	19.9999999621523
0.1078	0.0992	19.9999999621523
0.11	0.0992	19.9999999621524
0	0.1024	19.9999999626363
0.0022	0.1024	19.999999962636
0.0044	0.1024	19.9999999626353
0.0066	0.1024	19.9999999626341
0.0088	0.1024	19.9999999626325
0.011	0.1024	19.9999999626305
0.0132	0.1024	19.999999962628
0.0154	0.1024	19.9999999626251
0.0176	0.1024	19.9999999626217
0.0198	0.1024	19.9999999626178
0.022	0.1024	19.9999999626135
0.0242	0.1024	19.9999999626088
0.0264	0.1024	19.9999999626035
0.0286	0.1024	19.9999999625978
0.0308	0.1024	19.9999999625917
0.033	0.1024	19.9999999625851
0.0352	0.1024	19.999999962578
0.0374	0.1024	19.9999999625704
0.0396	0.1024	19.9999999625624
0.0418	0.1024	19.9999999625539
0.044	0.1024	19.9999999625449
0.0462	0.1024	19.9999999625354
0.0484	0.1024	19.9999999625255
0.0506	0.1024	19.999999962515
0.0528	0.1024	19.9999999625041
0.055	0.1024	19.9999999624926
0.0572	0.1024	19.9999999624807
0.0594	0.1024	19.9999999624682
0.0616	0.1024	19.9999999624552
0.0638	0.1024	19.9999999624417
0.066	0.1024	19.9999999624277
0.0682	0.1024	19.9999999624132
0.0704	0.1024	19.9999999623981
0.0726	0.1024	19.9999999623825
0.0748	0.1024	19.9999999623664
0.077	0.1024	19.9999999623497
0.0792	0.1024	19.9999999623325
0.0814	0.1024	19.9999999623147
0.0836	0.1024	19.9999999622964
0.0858	0.1024	19.9999999622776
0.088	0.1024	19.9999999622581
0.0902	0.1024	19.9999999622382
0.0924	0.1024	19.9999999622176
0.0946	0.1024	19.9999999621965
0.0968	0.1024	19.9999999621748
0.099	0.1024	19.9999999621526
0.1012	0.1024	19.9999999621525
0.1034	0.1024	19.9999999621524
0.1056	0.1024	19.9999999621524
0.1078	0.1024	19.9999999621524
0.11	0.1024	19.9999999621524
0	0.1056	19.9999999626406
0.0022	0.1056	19.9999999626403
0.0044	0.1056	19.9999999626396
0.0066	0.1056	19.9999999626384
0.0088	0.1056	19.9999999626368
0.011	0.1056	19.9999999626348
0.0132	0.1056	19.9999999626322
0.0154	0.1056	19.9999999626293
0.0176	0.1056	19.9999999626259
0.0198	0.1056	19.9999999626219
0.022	0.1056	19.9999999626176
0.0242	0.1056	19.9999999626128
0.0264	0.1056	19.9999999626075
0.0286	0.1056	19.9999999626017
0.0308	0.1056	19.9999999625955
0.033	0.1056	19.9999999625888
0.0352	0.1056	19.9999999625816
0.0374	0.1056	19.999999962574
0.0396	0.1056	19.9999999625658
0.0418	0.1056	19.9999999625572
0.044	0.1056	19.9999999625481
0.0462	0.1056	19.9999999625386
0.0484	0.1056	19.9999999625285
0.0506	0.1056	19.9999999625179
0.0528	0.1056	19.9999999625069
0.055	0.1056	19.9999999624953
0.0572	0.1056	19.9999999624832
0.0594	0.1056	19.9999999624706
0.0616	0.1056	19.9999999624575
0.0638	0.1056	19.9999999624439
0.066	0.1056	19.9999999624298
0.0682	0.1056	19.9999999624151
0.0704	0.1056	19.9999999623999
0.0726	0.1056	19.9999999623841
0.0748	0.1056	19.9999999623679
0.077	0.1056	19.9999999623511
0.0792	0.1056	19.9999999623337
0.0814	0.1056	19.9999999623158
0.0836	0.1056	19.9999999622974
0.0858	0.1056	19.9999999622784
0.088	0.1056	19.9999999622588
0.0902	0.1056	19.9999999622387
0.0924	0.1056	19.9999999622181
0.0946	0.1056	19.9999999621968
0.0968	0.1056	19.999999962175
0.099	0.1056	19.9999999621526
0.1012	0.1056	19.9999999621526
0.1034	0.1056	19.9999999621525
0.1056	0.1056	19.9999999621525
0.1078	0.1056	19.9999999621525
0.11	0.1056	19.9999999621525
0	0.1088	19.9999999626446
0.0022	0.1088	19.9999999626443
0.0044	0.1088	19.9999999626435
0.0066	0.1088	19.9999999626424
0.0088	0.1088	19.9999999626408
0.011	0.1088	19.9999999626387
0.0132	0.1088	19.9999999626361
0.0154	0.1088	19.9999999626331
0.0176	0.1088	19.9999999626296
0.0198	0.1088	19.9999999626257
0.022	0.1088	19.9999999626213
0.0242	0.1088	19.9999999626164
0.0264	0.1088	19.9999999626111
0.0286	0.1088	19.9999999626052
0.0308	0.1088	19.9999999625989
0.033	0.1088	19.9999999625922
0.0352	0.1088	19.9999999625849
0.0374	0.1088	19.9999999625772
0.0396	0.1088	19.999999962569
0.0418	0.1088	19.9999999625603
0.044	0.1088	19.9999999625511
0.0462	0.1088	19.9999999625414
0.0484	0.1088	19.9999999625313
0.0506	0.1088	19.9999999625206
0.0528	0.1088	19.9999999625094
0.055	0.1088	19.9999999624977
0.0572	0.1088	19.9999999624856
0.0594	0.1088	19.9999999624728
0.0616	0.1088	19.9999999624596
0.0638	0.1088	19.9999999624459
0.066	0.1088	19.9999999624316
0.0682	0.1088	19.9999999624168
0.0704	0.1088	19.9999999624015
0.0726	0.1088	19.9999999623856
0.0748	0.1088	19.9999999623692
0.077	0.1088	19.9999999623523
0.0792	0.1088	19.9999999623348
0.0814	0.1088	19.9999999623168
0.0836	0.1088	19.9999999622982
0.0858	0.1088	19.9999999622791
0.088	0.1088	19.9999999622595
0.0902	0.1088	19.9999999622392
0.0924	0.1088	19.9999999622185
0.0946	0.1088	19.9999999621971
0.0968	0.1088	19.9999999621752
0.099	0.1088	19.9999999621527
0.1012	0.1088	19.9999999621527
0.1034	0.1088	19.9999999621526
0.1056	0.1088	19.9999999621526
0.1078	0.1088	19.9999999621526
0.11	0.1088	19.9999999621526
0	0.112	19.9999999626482
0.0022	0.112	19.9999999626479
0.0044	0.112	19.9999999626472
0.0066	0.112	19.999999962646
0.0088	0.112	19.9999999626443
0.011	0.112	19.9999999626422
0.0132	0.112	19.9999999626396
0.0154	0.112	19.9999999626366
0.0176	0.112	19.9999999626331
0.0198	0.112	19.9999999626291
0.022	0.112	19.9999999626247
0.0242	0.112	19.9999999626197
0.0264	0.112	19.9999999626143
0.0286	0.112	19.9999999626085
0.0308	0.112	19.9999999626021
0.033	0.112	19.9999999625953
0.0352	0.112	19.9999999625879
0.0374	0.112	19.9999999625801
0.0396	0.112	19.9999999625718
0.0418	0.112	19.9999999625631
0.044	0.112	19.9999999625538
0.0462	0.112	19.999999962544
0.0484	0.112	19.9999999625338
0.0506	0.112	19.999999962523
0.0528	0.112	19.9999999625118
0.055	0.112	19.9999999625
0.0572	0.112	19.9999999624877
0.0594	0.112	19.9999999624749
0.0616	0.112	19.9999999624615
0.0638	0.112	19.9999999624477
0.066	0.112	19.9999999624333
0.0682	0.112	19.9999999624184
0.0704	0.112	19.999999962403
0.0726	0.112	19.999999962387
0.0748	0.112	19.9999999623705
0.077	0.112	19.9999999623534
0.0792	0.112	19.9999999623358
0.0814	0.112	19.9999999623177
0.0836	0.112	19.999999962299
0.0858	0.112	19.9999999622798
0.088	0.112	19.99999996226
0.0902	0.112	19.9999999622397
0.0924	0.112	19.9999999622188
0.0946	0.112	19.9999999621974
0.0968	0.112	19.9999999621754
0.099	0.112	19.9999999621528
0.1012	0.112	19.9999999621528
0.1034	0.112	19.9999999621527
0.1056	0.112	19.9999999621527
0.1078	0.112	19.9999999621527
0.11	0.112	19.9999999621527
0	0.1152	19.9999999626515
0.0022	0.1152	19.9999999626512
0.0044	0.1152	19.9999999626504
0.0066	0.1152	19.9999999626493
0.0088	0.1152	19.9999999626476
0.011	0.1152	19.9999999626455
0.0132	0.1152	19.9999999626429
0.0154	0.1152	19.9999999626398
0.0176	0.1152	19.9999999626363
0.0198	0.1152	19.9999999626322
0.022	0.1152	19.9999999626278
0.0242	0.1152	19.9999999626228
0.0264	0.1152	19.9999999626173
0.0286	0.1152	19.9999999626114
0.0308	0.1152	19.999999962605
0.033	0.1152	19.9999999625981
0.0352	0.1152	19.9999999625907
0.0374	0.1152	19.9999999625828
0.0396	0.1152	19.9999999625744
0.0418	0.1152	19.9999999625656
0.044	0.1152	19.9999999625563
0.0462	0.1152	19.9999999625464
0.0484	0.1152	19.9999999625361
0.0506	0.1152	19.9999999625252
0.0528	0.1152	19.9999999625139
0.055	0.1152	19.999999962502
0.0572	0.1152	19.9999999624896
0.0594	0.1152	19.9999999624767
0.0616	0.1152	19.9999999624633
0.0638	0.1152	19.9999999624493
0.066	0.1152	19.9999999624349
0.0682	0.1152	19.9999999624198
0.0704	0.1152	19.9999999624043
0.0726	0.1152	19.9999999623882
0.0748	0.1152	19.9999999623716
0.077	0.1152	19.9999999623544
0.0792	0.1152	19.9999999623367
0.0814	0.1152	19.9999999623185
0.0836	0.1152	19.9999999622997
0.0858	0.1152	19.9999999622804
0.088	0.1152	19.9999999622606
0.0902	0.1152	19.9999999622401
0.0924	0.1152	19.9999999622192
0.0946	0.1152	19.9999999621977
0.0968	0.1152	19.9999999621756
0.099	0.1152	19.9999999621529
0.1012	0.1152	19.9999999621528
0.1034	0.1152	19.9999999621528
0.1056	0.1152	19.9999999621528
0.1078	0.1152	19.9999999621528
0.11	0.1152	19.9999999621528
0	0.1184	19.9999999626545
0.0022	0.1184	19.9999999626542
0.0044	0.1184	19.9999999626534
0.0066	0.1184	19.9999999626522
0.0088	0.1184	19.9999999626506
0.011	0.1184	19.9999999626484
0.0132	0.1184	19.9999999626458
0.0154	0.1184	19.9999999626427
0.0176	0.1184	19.9999999626391
0.0198	0.1184	19.9999999626351
0.022	0.1184	19.9999999626305
0.0242	0.1184	19.9999999626255
0.0264	0.1184	19.99999996262
0.0286	0.1184	19.999999962614
0.0308	0.1184	19.9999999626076
0.033	0.1184	19.9999999626006
0.0352	0.1184	19.9999999625932
0.0374	0.1184	19.9999999625852
0.0396	0.1184	19.9999999625768
0.0418	0.1184	19.9999999625679
0.044	0.1184	19.9999999625585
0.0462	0.1184	19.9999999625486
0.0484	0.1184	19.9999999625382
0.0506	0.1184	19.9999999625272
0.0528	0.1184	19.9999999625158
0.055	0.1184	19.9999999625038
0.0572	0.1184	19.9999999624914
0.0594	0.1184	19.9999999624784
0.0616	0.1184	19.9999999624649
0.0638	0.1184	19.9999999624508
0.066	0.1184	19.9999999624363
0.0682	0.1184	19.9999999624211
0.0704	0.1184	19.9999999624055
0.0726	0.1184	19.9999999623893
0.0748	0.1184	19.9999999623726
0.077	0.1184	19.9999999623554
0.0792	0.1184	19.9999999623376
0.0814	0.1184	19.9999999623193
0.0836	0.1184	19.9999999623004
0.0858	0.1184	19.999999962281
0.088	0.1184	19.999999962261
0.0902	0.1184	19.9999999622405
0.0924	0.1184	19.9999999622195
0.0946	0.1184	19.9999999621979
0.0968	0.1184	19.9999999621757
0.099	0.1184	19.999999962153
0.1012	0.1184	19.9999999621529
0.1034	0.1184	19.9999999621529
0.1056	0.1184	19.9999999621528
0.1078	0.1184	19.9999999621528
0.11	0.1184	19.9999999621529
0	0.1216	19.9999999626572
0.0022	0.1216	19.9999999626569
0.0044	0.1216	19.9999999626561
0.0066	0.1216	19.9999999626549
0.0088	0.1216	19.9999999626532
0.011	0.1216	19.9999999626511
0.0132	0.1216	19.9999999626484
0.0154	0.1216	19.9999999626453
0.0176	0.1216	19.9999999626417
0.0198	0.1216	19.9999999626376
0.022	0.1216	19.9999999626331
0.0242	0.1216	19.999999962628
0.0264	0.1216	19.9999999626225
0.0286	0.1216	19.9999999626164
0.0308	0.1216	19.9999999626099
0.033	0.1216	19.9999999626029
0.0352	0.1216	19.9999999625954
0.0374	0.1216	19.9999999625874
0.0396	0.1216	19.999999962579
0.0418	0.1216	19.99999996257
0.044	0.1216	19.9999999625605
0.0462	0.1216	19.9999999625505
0.0484	0.1216	19.99999996254
0.0506	0.1216	19.999999962529
0.0528	0.1216	19.9999999625175
0.055	0.1216	19.9999999625055
0.0572	0.1216	19.999999962493
0.0594	0.1216	19.9999999624799
0.0616	0.1216	19.9999999624663
0.0638	0.1216	19.9999999624522
0.066	0.1216	19.9999999624375
0.0682	0.1216	19.9999999624223
0.0704	0.1216	19.9999999624066
0.0726	0.1216	19.9999999623903
0.0748	0.1216	19.9999999623735
0.077	0.1216	19.9999999623562
0.0792	0.1216	19.9999999623383
0.0814	0.1216	19.9999999623199
0.0836	0.1216	19.999999962301
0.0858	0.1216	19.9999999622815
0.088	0.1216	19.9999999622615
0.0902	0.1216	19.9999999622409
0.0924	0.1216	19.9999999622198
0.0946	0.1216	19.9999999621981
0.0968	0.1216	19.9999999621759
0.099	0.1216	19.9999999621531
0.1012	0.1216	19.999999962153
0.1034	0.1216	19.999999962153
0.1056	0.1216	19.9999999621529
0.1078	0.1216	19.9999999621529
0.11	0.1216	19.999999962153
0	0.1248	19.9999999626597
0.0022	0.1248	19.9999999626593
0.0044	0.1248	19.9999999626586
0.0066	0.1248	19.9999999626574
0.0088	0.1248	19.9999999626556
0.011	0.1248	19.9999999626535
0.0132	0.1248	19.9999999626508
0.0154	0.1248	19.9999999626477
0.0176	0.1248	19.999999962644
0.0198	0.1248	19.9999999626399
0.022	0.1248	19.9999999626353
0.0242	0.1248	19.9999999626302
0.0264	0.1248	19.9999999626247
0.0286	0.1248	19.9999999626186
0.0308	0.1248	19.999999962612
0.033	0.1248	19.999999962605
0.0352	0.1248	19.9999999625974
0.0374	0.1248	19.9999999625894
0.0396	0.1248	19.9999999625809
0.0418	0.1248	19.9999999625718
0.044	0.1248	19.9999999625623
0.0462	0.1248	19.9999999625523
0.0484	0.1248	19.9999999625417
0.0506	0.1248	19.9999999625307
0.0528	0.1248	19.9999999625191
0.055	0.1248	19.999999962507
0.0572	0.1248	19.9999999624944
0.0594	0.1248	19.9999999624812
0.0616	0.1248	19.9999999624676
0.0638	0.1248	19.9999999624534
0.066	0.1248	19.9999999624386
0.0682	0.1248	19.9999999624234
0.0704	0.1248	19.9999999624076
0.0726	0.1248	19.9999999623912
0.0748	0.1248	19.9999999623744
0.077	0.1248	19.9999999623569
0.0792	0.1248	19.999999962339
0.0814	0.1248	19.9999999623205
0.0836	0.1248	19.9999999623015
0.0858	0.1248	19.999999962282
0.088	0.1248	19.9999999622619
0.0902	0.1248	19.9999999622412
0.0924	0.1248	19.99999996222
0.0946	0.1248	19.9999999621983
0.0968	0.1248	19.999999962176
0.099	0.1248	19.9999999621531
0.1012	0.1248	19.9999999621531
0.1034	0.1248	19.999999962153
0.1056	0.1248	19.999999962153
0.1078	0.1248	19.999999962153
0.11	0.1248	19.999999962153
0	0.128	19.9999999626618
0.0022	0.128	19.9999999626615
0.0044	0.128	19.9999999626607
0.0066	0.128	19.9999999626595
0.0088	0.128	19.9999999626578
0.011	0.128	19.9999999626556
0.0132	0.128	19.9999999626529
0.0154	0.128	19.9999999626498
0.0176	0.128	19.9999999626461
0.0198	0.128	19.999999962642
0.022	0.128	19.9999999626374
0.0242	0.128	19.9999999626322
0.0264	0.128	19.9999999626266
0.0286	0.128	19.9999999626205
0.0308	0.128	19.9999999626139
0.033	0.128	19.9999999626068
0.0352	0.128	19.9999999625993
0.0374	0.128	19.9999999625912
0.0396	0.128	19.9999999625826
0.0418	0.128	19.9999999625735
0.044	0.128	19.9999999625639
0.0462	0.128	19.9999999625539
0.0484	0.128	19.9999999625432
0.0506	0.128	19.9999999625321
0.0528	0.128	19.9999999625205
0.055	0.128	19.9999999625083
0.0572	0.128	19.9999999624956
0.0594	0.128	19.9999999624824
0.0616	0.128	19.9999999624687
0.0638	0.128	19.9999999624544
0.066	0.128	19.9999999624396
0.0682	0.128	19.9999999624243
0.0704	0.128	19.9999999624085
0.0726	0.128	19.999999962392
0.0748	0.128	19.9999999623751
0.077	0.128	19.9999999623576
0.0792	0.128	19.9999999623396
0.0814	0.128	19.9999999623211
0.0836	0.128	19.999999962302
0.0858	0.128	19.9999999622824
0.088	0.128	19.9999999622622
0.0902	0.128	19.9999999622415
0.0924	0.128	19.9999999622203
0.0946	0.128	19.9999999621985
0.0968	0.128	19.9999999621761
0.099	0.128	19.9999999621532
0.1012	0.128	19.9999999621532
0.1034	0.128	19.9999999621531
0.1056	0.128	19.9999999621531
0.1078	0.128	19.9999999621531
0.11	0.128	19.9999999621531
0	0.1312	19.9999999626638
0.0022	0.1312	19.9999999626634
0.0044	0.1312	19.9999999626627
0.0066	0.1312	19.9999999626614
0.0088	0.1312	19.9999999626597
0.011	0.1312	19.9999999626575
0.0132	0.1312	19.9999999626548
0.0154	0.1312	19.9999999626516
0.0176	0.1312	19.999999962648
0.0198	0.1312	19.9999999626438
0.022	0.1312	19.9999999626392
0.0242	0.1312	19.999999962634
0.0264	0.1312	19.9999999626284
0.0286	0.1312	19.9999999626222
0.0308	0.1312	19.9999999626156
0.033	0.1312	19.9999999626085
0.0352	0.1312	19.9999999626009
0.0374	0.1312	19.9999999625927
0.0396	0.1312	19.9999999625841
0.0418	0.1312	19.999999962575
0.044	0.1312	19.9999999625654
0.0462	0.1312	19.9999999625552
0.0484	0.1312	19.9999999625446
0.0506	0.1312	19.9999999625334
0.0528	0.1312	19.9999999625217
0.055	0.1312	19.9999999625095
0.0572	0.1312	19.9999999624968
0.0594	0.1312	19.9999999624835
0.0616	0.1312	19.9999999624697
0.0638	0.1312	19.9999999624554
0.066	0.1312	19.9999999624405
0.0682	0.1312	19.9999999624252
0.0704	0.1312	19.9999999624092
0.0726	0.1312	19.9999999623928
0.0748	0.1312	19.9999999623758
0.077	0.1312	19.9999999623582
0.0792	0.1312	19.9999999623401
0.0814	0.1312	19.9999999623216
0.0836	0.1312	19.9999999623024
0.0858	0.1312	19.9999999622828
0.088	0.1312	19.9999999622625
0.0902	0.1312	19.9999999622418
0.0924	0.1312	19.9999999622205
0.0946	0.1312	19.9999999621987
0.0968	0.1312	19.9999999621763
0.099	0.1312	19.9999999621533
0.1012	0.1312	19.9999999621532
0.1034	0.1312	19.9999999621532
0.1056	0.1312	19.9999999621532
0.1078	0.1312	19.9999999621532
0.11	0.1312	19.9999999621532
0	0.1344	19.9999999626655
0.0022	0.1344	19.9999999626651
0.0044	0.1344	19.9999999626644
0.0066	0.1344	19.9999999626631
0.0088	0.1344	19.9999999626614
0.011	0.1344	19.9999999626592
0.0132	0.1344	19.9999999626565
0.0154	0.1344	19.9999999626533
0.0176	0.1344	19.9999999626496
0.0198	0.1344	19.9999999626454
0.022	0.1344	19.9999999626407
0.0242	0.1344	19.9999999626356
0.0264	0.1344	19.9999999626299
0.0286	0.1344	19.9999999626238
0.0308	0.1344	19.9999999626171
0.033	0.1344	19.9999999626099
0.0352	0.1344	19.9999999626023
0.0374	0.1344	19.9999999625941
0.0396	0.1344	19.9999999625855
0.0418	0.1344	19.9999999625763
0.044	0.1344	19.9999999625666
0.0462	0.1344	19.9999999625565
0.0484	0.1344	19.9999999625458
0.0506	0.1344	19.9999999625345
0.0528	0.1344	19.9999999625228
0.055	0.1344	19.9999999625105
0.0572	0.1344	19.9999999624978
0.0594	0.1344	19.9999999624844
0.0616	0.1344	19.9999999624706
0.0638	0.1344	19.9999999624562
0.066	0.1344	19.9999999624413
0.0682	0.1344	19.9999999624259
0.0704	0.1344	19.9999999624099
0.0726	0.1344	19.9999999623934
0.0748	0.1344	19.9999999623763
0.077	0.1344	19.9999999623587
0.0792	0.1344	19.9999999623406
0.0814	0.1344	19.999999962322
0.0836	0.1344	19.9999999623028
0.0858	0.1344	19.9999999622831
0.088	0.1344	19.9999999622628
0.0902	0.1344	19.999999962242
0.0924	0.1344	19.9999999622207
0.0946	0.1344	19.9999999621988
0.0968	0.1344	19.9999999621764
0.099	0.1344	19.9999999621534
0.1012	0.1344	19.9999999621533
0.1034	0.1344	19.9999999621533
0.1056	0.1344	19.9999999621532
0.1078	0.1344	19.9999999621532
0.11	0.1344	19.9999999621532
0	0.1376	19.999999962667
0.0022	0.1376	19.9999999626666
0.0044	0.1376	19.9999999626658
0.0066	0.1376	19.9999999626646
0.0088	0.1376	19.9999999626629
0.011	0.1376	19.9999999626606
0.0132	0.1376	19.9999999626579
0.0154	0.1376	19.9999999626547
0.0176	0.1376	19.999999962651
0.0198	0.1376	19.9999999626468
0.022	0.1376	19.9999999626421
0.0242	0.1376	19.9999999626369
0.0264	0.1376	19.9999999626312
0.0286	0.1376	19.9999999626251
0.0308	0.1376	19.9999999626184
0.033	0.1376	19.9999999626112
0.0352	0.1376	19.9999999626035
0.0374	0.1376	19.9999999625953
0.0396	0.1376	19.9999999625866
0.0418	0.1376	19.9999999625774
0.044	0.1376	19.9999999625677
0.0462	0.1376	19.9999999625575
0.0484	0.1376	19.9999999625468
0.0506	0.1376	19.9999999625355
0.0528	0.1376	19.9999999625238
0.055	0.1376	19.9999999625115
0.0572	0.1376	19.9999999624986
0.0594	0.1376	19.9999999624853
0.0616	0.1376	19.9999999624714
0.0638	0.1376	19.999999962457
0.066	0.1376	19.999999962442
0.0682	0.1376	19.9999999624265
0.0704	0.1376	19.9999999624105
0.0726	0.1376	19.999999962394
0.0748	0.1376	19.9999999623768
0.077	0.1376	19.9999999623592
0.0792	0.1376	19.999999962341
0.0814	0.1376	19.9999999623224
0.0836	0.1376	19.9999999623031
0.0858	0.1376	19.9999999622834
0.088	0.1376	19.9999999622631
0.0902	0.1376	19.9999999622422
0.0924	0.1376	19.9999999622208
0.0946	0.1376	19.9999999621989
0.0968	0.1376	19.9999999621765
0.099	0.1376	19.9999999621535
0.1012	0.1376	19.9999999621534
0.1034	0.1376	19.9999999621533
0.1056	0.1376	19.9999999621533
0.1078	0.1376	19.9999999621533
0.11	0.1376	19.9999999621533
0	0.1408	19.9999999626682
0.0022	0.1408	19.9999999626679
0.0044	0.1408	19.9999999626671
0.0066	0.1408	19.9999999626659
0.0088	0.1408	19.9999999626641
0.011	0.1408	19.9999999626619
0.0132	0.1408	19.9999999626592
0.0154	0.1408	19.9999999626559
0.0176	0.1408	19.9999999626522
0.0198	0.1408	19.999999962648
0.022	0.1408	19.9999999626433
0.0242	0.1408	19.9999999626381
0.0264	0.1408	19.9999999626324
0.0286	0.1408	19.9999999626262
0.0308	0.1408	19.9999999626195
0.033	0.1408	19.9999999626123
0.0352	0.1408	19.9999999626046
0.0374	0.1408	19.9999999625963
0.0396	0.1408	19.9999999625876
0.0418	0.1408	19.9999999625784
0.044	0.1408	19.9999999625687
0.0462	0.1408	19.9999999625584
0.0484	0.1408	19.9999999625477
0.0506	0.1408	19.9999999625364
0.0528	0.1408	19.9999999625246
0.055	0.1408	19.9999999625122
0.0572	0.1408	19.9999999624994
0.0594	0.1408	19.999999962486
0.0616	0.1408	19.999999962472
0.0638	0.1408	19.9999999624576
0.066	0.1408	19.9999999624426
0.0682	0.1408	19.9999999624271
0.0704	0.1408	19.999999962411
0.0726	0.1408	19.9999999623944
0.0748	0.1408	19.9999999623773
0.077	0.1408	19.9999999623596
0.0792	0.1408	19.9999999623414
0.0814	0.1408	19.9999999623227
0.0836	0.1408	19.9999999623034
0.0858	0.1408	19.9999999622836
0.088	0.1408	19.9999999622633
0.0902	0.1408	19.9999999622424
0.0924	0.1408	19.999999962221
0.0946	0.1408	19.999999962199
0.0968	0.1408	19.9999999621766
0.099	0.1408	19.9999999621535
0.1012	0.1408	19.9999999621535
0.1034	0.1408	19.9999999621534
0.1056	0.1408	19.9999999621534
0.1078	0.1408	19.9999999621534
0.11	0.1408	19.9999999621534
0	0.144	19.9999999626693
0.0022	0.144	19.9999999626689
0.0044	0.144	19.9999999626682
0.0066	0.144	19.9999999626669
0.0088	0.144	19.9999999626652
0.011	0.144	19.9999999626629
0.0132	0.144	19.9999999626602
0.0154	0.144	19.999999962657
0.0176	0.144	19.9999999626532
0.0198	0.144	19.999999962649
0.022	0.144	19.9999999626443
0.0242	0.144	19.9999999626391
0.0264	0.144	19.9999999626333
0.0286	0.144	19.9999999626271
0.0308	0.144	19.9999999626204
0.033	0.144	19.9999999626132
0.0352	0.144	19.9999999626054
0.0374	0.144	19.9999999625972
0.0396	0.144	19.9999999625885
0.0418	0.144	19.9999999625792
0.044	0.144	19.9999999625695
0.0462	0.144	19.9999999625592
0.0484	0.144	19.9999999625484
0.0506	0.144	19.9999999625371
0.0528	0.144	19.9999999625252
0.055	0.144	19.9999999625129
0.0572	0.144	19.9999999625
0.0594	0.144	19.9999999624865
0.0616	0.144	19.9999999624726
0.0638	0.144	19.9999999624581
0.066	0.144	19.9999999624431
0.0682	0.144	19.9999999624275
0.0704	0.144	19.9999999624114
0.0726	0.144	19.9999999623948
0.0748	0.144	19.9999999623776
0.077	0.144	19.9999999623599
0.0792	0.144	19.9999999623417
0.0814	0.144	19.9999999623229
0.0836	0.144	19.9999999623036
0.0858	0.144	19.9999999622838
0.088	0.144	19.9999999622634
0.0902	0.144	19.9999999622425
0.0924	0.144	19.9999999622211
0.0946	0.144	19.9999999621992
0.0968	0.144	19.9999999621766
0.099	0.144	19.9999999621536
0.1012	0.144	19.9999999621535
0.1034	0.144	19.9999999621535
0.1056	0.144	19.9999999621534
0.1078	0.144	19.9999999621534
0.11	0.144	19.9999999621535
0	0.1472	19.9999999626701
0.0022	0.1472	19.9999999626698
0.0044	0.1472	19.999999962669
0.0066	0.1472	19.9999999626678
0.0088	0.1472	19.999999962666
0.011	0.1472	19.9999999626638
0.0132	0.1472	19.999999962661
0.0154	0.1472	19.9999999626578
0.0176	0.1472	19.999999962654
0.0198	0.1472	19.9999999626498
0.022	0.1472	19.9999999626451
0.0242	0.1472	19.9999999626398
0.0264	0.1472	19.9999999626341
0.0286	0.1472	19.9999999626279
0.0308	0.1472	19.9999999626211
0.033	0.1472	19.9999999626139
0.0352	0.1472	19.9999999626061
0.0374	0.1472	19.9999999625979
0.0396	0.1472	19.9999999625891
0.0418	0.1472	19.9999999625799
0.044	0.1472	19.9999999625701
0.0462	0.1472	19.9999999625598
0.0484	0.1472	19.999999962549
0.0506	0.1472	19.9999999625376
0.0528	0.1472	19.9999999625258
0.055	0.1472	19.9999999625134
0.0572	0.1472	19.9999999625005
0.0594	0.1472	19.999999962487
0.0616	0.1472	19.999999962473
0.0638	0.1472	19.9999999624585
0.066	0.1472	19.9999999624435
0.0682	0.1472	19.9999999624279
0.0704	0.1472	19.9999999624118
0.0726	0.1472	19.9999999623951
0.0748	0.1472	19.9999999623779
0.077	0.1472	19.9999999623602
0.0792	0.1472	19.9999999623419
0.0814	0.1472	19.9999999623231
0.0836	0.1472	19.9999999623038
0.0858	0.1472	19.999999962284
0.088	0.1472	19.9999999622636
0.0902	0.1472	19.9999999622427
0.0924	0.1472	19.9999999622212
0.0946	0.1472	19.9999999621992
0.0968	0.1472	19.9999999621767
0.099	0.1472	19.9999999621536
0.1012	0.1472	19.9999999621536
0.1034	0.1472	19.9999999621535
0.1056	0.1472	19.9999999621535
0.1078	0.1472	19.9999999621535
0.11	0.1472	19.9999999621535
0	0.1504	19.9999999626708
0.0022	0.1504	19.9999999626705
0.0044	0.1504	19.9999999626697
0.0066	0.1504	19.9999999626684
0.0088	0.1504	19.9999999626667
0.011	0.1504	19.9999999626644
0.0132	0.1504	19.9999999626617
0.0154	0.1504	19.9999999626584
0.0176	0.1504	19.9999999626547
0.0198	0.1504	19.9999999626504
0.022	0.1504	19.9999999626457
0.0242	0.1504	19.9999999626404
0.0264	0.1504	19.9999999626347
0.0286	0.1504	19.9999999626285
0.0308	0.1504	19.9999999626217
0.033	0.1504	19.9999999626144
0.0352	0.1504	19.9999999626067
0.0374	0.1504	19.9999999625984
0.0396	0.1504	19.9999999625896
0.0418	0.1504	19.9999999625804
0.044	0.1504	19.9999999625706
0.0462	0.1504	19.9999999625603
0.0484	0.1504	19.9999999625494
0.0506	0.1504	19.9999999625381
0.0528	0.1504	19.9999999625262
0.055	0.1504	19.9999999625138
0.0572	0.1504	19.9999999625009
0.0594	0.1504	19.9999999624874
0.0616	0.1504	19.9999999624734
0.0638	0.1504	19.9999999624589
0.066	0.1504	19.9999999624438
0.0682	0.1504	19.9999999624282
0.0704	0.1504	19.999999962412
0.0726	0.1504	19.9999999623954
0.0748	0.1504	19.9999999623781
0.077	0.1504	19.9999999623604
0.0792	0.1504	19.9999999623421
0.0814	0.1504	19.9999999623233
0.0836	0.1504	19.9999999623039
0.0858	0.1504	19.9999999622841
0.088	0.1504	19.9999999622637
0.0902	0.1504	19.9999999622428
0.0924	0.1504	19.9999999622213
0.0946	0.1504	19.9999999621993
0.0968	0.1504	19.9999999621768
0.099	0.1504	19.9999999621537
0.1012	0.1504	19.9999999621536
0.1034	0.1504	19.9999999621536
0.1056	0.1504	19.9999999621536
0.1078	0.1504	19.9999999621536
0.11	0.1504	19.9999999621536
0	0.1536	19.9999999626713
0.0022	0.1536	19.9999999626709
0.0044	0.1536	19.9999999626701
0.0066	0.1536	19.9999999626689
0.0088	0.1536	19.9999999626671
0.011	0.1536	19.9999999626649
0.0132	0.1536	19.9999999626621
0.0154	0.1536	19.9999999626589
0.0176	0.1536	19.9999999626551
0.0198	0.1536	19.9999999626509
0.022	0.1536	19.9999999626461
0.0242	0.1536	19.9999999626409
0.0264	0.1536	19.9999999626351
0.0286	0.1536	19.9999999626289
0.0308	0.1536	19.9999999626221
0.033	0.1536	19.9999999626149
0.0352	0.1536	19.9999999626071
0.0374	0.1536	19.9999999625988
0.0396	0.1536	19.99999996259
0.0418	0.1536	19.9999999625807
0.044	0.1536	19.9999999625709
0.0462	0.1536	19.9999999625606
0.0484	0.1536	19.9999999625498
0.0506	0.1536	19.9999999625384
0.0528	0.1536	19.9999999625265
0.055	0.1536	19.9999999625141
0.0572	0.1536	19.9999999625011
0.0594	0.1536	19.9999999624876
0.0616	0.1536	19.9999999624736
0.0638	0.1536	19.9999999624591
0.066	0.1536	19.999999962444
0.0682	0.1536	19.9999999624284
0.0704	0.1536	19.9999999624122
0.0726	0.1536	19.9999999623955
0.0748	0.1536	19.9999999623783
0.077	0.1536	19.9999999623605
0.0792	0.1536	19.9999999623422
0.0814	0.1536	19.9999999623234
0.0836	0.1536	19.9999999623041
0.0858	0.1536	19.9999999622842
0.088	0.1536	19.9999999622638
0.0902	0.1536	19.9999999622428
0.0924	0.1536	19.9999999622213
0.0946	0.1536	19.9999999621994
0.0968	0.1536	19.9999999621768
0.099	0.1536	19.9999999621537
0.1012	0.1536	19.9999999621537
0.1034	0.1536	19.9999999621536
0.1056	0.1536	19.9999999621536
0.1078	0.1536	19.9999999621536
0.11	0.1536	19.9999999621536
0	0.1568	19.9999999626715
0.0022	0.1568	19.9999999626712
0.0044	0.1568	19.9999999626704
0.0066	0.1568	19.9999999626692
0.0088	0.1568	19.9999999626674
0.011	0.1568	19.9999999626651
0.0132	0.1568	19.9999999626624
0.0154	0.1568	19.9999999626591
0.0176	0.1568	19.9999999626554
0.0198	0.1568	19.9999999626511
0.022	0.1568	19.9999999626464
0.0242	0.1568	19.9999999626411
0.0264	0.1568	19.9999999626354
0.0286	0.1568	19.9999999626291
0.0308	0.1568	19.9999999626223
0.033	0.1568	19.9999999626151
0.0352	0.1568	19.9999999626073
0.0374	0.1568	19.999999962599
0.0396	0.1568	19.9999999625902
0.0418	0.1568	19.999999962581
0.044	0.1568	19.9999999625711
0.0462	0.1568	19.9999999625608
0.0484	0.1568	19.99999996255
0.0506	0.1568	19.9999999625386
0.0528	0.1568	19.9999999625267
0.055	0.1568	19.9999999625142
0.0572	0.1568	19.9999999625013
0.0594	0.1568	19.9999999624878
0.0616	0.1568	19.9999999624738
0.0638	0.1568	19.9999999624592
0.066	0.1568	19.9999999624441
0.0682	0.1568	19.9999999624285
0.0704	0.1568	19.9999999624123
0.0726	0.1568	19.9999999623956
0.0748	0.1568	19.9999999623784
0.077	0.1568	19.9999999623606
0.0792	0.1568	19.9999999623423
0.0814	0.1568	19.9999999623235
0.0836	0.1568	19.9999999623041
0.0858	0.1568	19.9999999622842
0.088	0.1568	19.9999999622638
0.0902	0.1568	19.9999999622429
0.0924	0.1568	19.9999999622214
0.0946	0.1568	19.9999999621994
0.0968	0.1568	19.9999999621769
0.099	0.1568	19.9999999621538
0.1012	0.1568	19.9999999621537
0.1034	0.1568	19.9999999621537
0.1056	0.1568	19.9999999621537
0.1078	0.1568	19.9999999621537
0.11	0.1568	19.9999999621537
0	0.16	19.9999999626716
0.0022	0.16	19.9999999626713
0.0044	0.16	19.9999999626705
0.0066	0.16	19.9999999626692
0.0088	0.16	19.9999999626675
0.011	0.16	19.9999999626652
0.0132	0.16	19.9999999626625
0.0154	0.16	19.9999999626592
0.0176	0.16	19.9999999626555
0.0198	0.16	19.9999999626512
0.022	0.16	19.9999999626465
0.0242	0.16	19.9999999626412
0.0264	0.16	19.9999999626355
0.0286	0.16	19.9999999626292
0.0308	0.16	19.9999999626224
0.033	0.16	19.9999999626151
0.0352	0.16	19.9999999626074
0.0374	0.16	19.9999999625991
0.0396	0.16	19.9999999625903
0.0418	0.16	19.999999962581
0.044	0.16	19.9999999625712
0.0462	0.16	19.9999999625609
0.0484	0.16	19.99999996255
0.0506	0.16	19.9999999625386
0.0528	0.16	19.9999999625267
0.055	0.16	19.9999999625143
0.0572	0.16	19.9999999625013
0.0594	0.16	19.9999999624879
0.0616	0.16	19.9999999624738
0.0638	0.16	19.9999999624593
0.066	0.16	19.9999999624442
0.0682	0.16	19.9999999624285
0.0704	0.16	19.9999999624124
0.0726	0.16	19.9999999623957
0.0748	0.16	19.9999999623784
0.077	0.16	19.9999999623606
0.0792	0.16	19.9999999623423
0.0814	0.16	19.9999999623235
0.0836	0.16	19.9999999623041
0.0858	0.16	19.9999999622842
0.088	0.16	19.9999999622638
0.0902	0.16	19.9999999622429
0.0924	0.16	19.9999999622214
0.0946	0.16	19.9999999621994
0.0968	0.16	19.9999999621769
0.099	0.16	19.9999999621538
0.1012	0.16	19.9999999621538
0.1034	0.16	19.9999999621537
0.1056	0.16	19.9999999621537
0.1078	0.16	19.9999999621537
0.11	0.16	19.9999999621538
