0	0	5.43128466150752e+68
0.0022	0	-3.5118566708666e+67
0.0044	0	7.07860956080822e+67
0.0066	0	-1.51539238811419e+69
0.0088	0	3.40492275480091e+69
0.011	0	-1.89391012852979e+69
0.0132	0	1.27148753189154e+69
0.0154	0	-1.66052106013919e+69
0.0176	0	1.379492391295e+70
0.0198	0	-1.24710626796805e+70
0.022	0	9.20045515095335e+69
0.0242	0	-1.01341734238731e+70
0.0264	0	-1.56307308313316e+69
0.0286	0	3.61611633338558e+70
0.0308	0	-8.51221385460392e+70
0.033	0	1.18007742337623e+71
0.0352	0	-1.66077445660785e+71
0.0374	0	2.47771156314112e+71
0.0396	0	-2.13491369392762e+71
0.0418	0	-1.2708707291429e+70
0.044	0	6.56356917649401e+71
0.0462	0	-2.69745214957922e+72
0.0484	0	9.31537274199248e+72
0.0506	0	-2.7750468515291e+73
0.0528	0	6.13818825271665e+73
0.055	0	-1.61163863817498e+73
0.0572	0	-8.91463268648968e+74
0.0594	0	7.14629363374645e+75
0.0616	0	-4.03606280494891e+76
0.0638	0	1.93026803912841e+77
0.066	0	-8.20914752134106e+77
0.0682	0	3.12836811358155e+78
0.0704	0	-1.04038186692083e+79
0.0726	0	2.76239923887477e+79
0.0748	0	-4.65272647126331e+79
0.077	0	-2.85583571727654e+79
0.0792	0	2.97378788096851e+78
0.0814	0	4.49168035688358e+80
0.0836	0	1.61356250347596e+80
0.0858	0	2.88117669603188e+80
0.088	0	1.59877688242195e+81
0.0902	0	4.3511906989374e+80
0.0924	0	-9.21787428002733e+80
0.0946	0	-8.03694686330382e+80
0.0968	0	-5.48117390665961e+80
0.099	0	-3.80556594034145e+80
0.1012	0	-2.45600171887225e+80
0.1034	0	-1.67513751407204e+80
0.1056	0	-1.22692376792813e+80
0.1078	0	-8.24182802387918e+79
0.11	0	-6.07198708352402e+79
0	0.0032	1.16898524835594e+68
0.0022	0.0032	1.08185507366213e+69
0.0044	0.0032	3.51287861755569e+67
0.0066	0.0032	3.46124760679063e+69
0.0088	0.0032	-9.09346004002516e+69
0.011	0.0032	4.62553527756337e+69
0.0132	0.0032	-2.84333192629165e+69
0.0154	0.0032	1.57178164807242e+69
0.0176	0.0032	-3.65205919219675e+70
0.0198	0.0032	3.09803182225426e+70
0.022	0.0032	-2.17328045433474e+70
0.0242	0.0032	2.75896850167193e+70
0.0264	0.0032	-1.43839023463243e+69
0.0286	0.0032	-8.49454828043929e+70
0.0308	0.0032	2.10975472529974e+71
0.033	0.0032	-2.85260316514152e+71
0.0352	0.0032	3.99629815857424e+71
0.0374	0.0032	-6.31043669509511e+71
0.0396	0.0032	5.66306161506939e+71
0.0418	0.0032	-6.72999732019805e+70
0.044	0.0032	-1.28205431630735e+72
0.0462	0.0032	5.56227976768232e+72
0.0484	0.0032	-2.01958453264494e+73
0.0506	0.0032	6.50440823584147e+73
0.0528	0.0032	-1.7106651495342e+74
0.055	0.0032	2.47148656503468e+74
0.0572	0.0032	9.30507373875686e+74
0.0594	0.0032	-1.13186780030171e+76
0.0616	0.0032	7.21440084699311e+76
0.0638	0.0032	-3.70857320837222e+77
0.066	0.0032	1.67912527023844e+78
0.0682	0.0032	-6.86625592586216e+78
0.0704	0.0032	2.49298304523577e+79
0.0726	0.0032	-7.09182082129673e+79
0.0748	0.0032	3.11498098235867e+79
0.077	0.0032	-7.59283073960416e+77
0.0792	0.0032	-6.35716377955807e+79
0.0814	0.0032	-9.41409813940807e+80
0.0836	0.0032	-3.88743335264887e+80
0.0858	0.0032	-6.43561734345017e+80
0.088	0.0032	-3.29182731013555e+81
0.0902	0.0032	-9.76034082549208e+80
0.0924	0.0032	1.73086284801848e+81
0.0946	0.0032	1.5120212098029e+81
0.0968	0.0032	9.99786474479886e+80
0.099	0.0032	6.63081730874167e+80
0.1012	0.0032	3.8810673126606e+80
0.1034	0.0032	2.29629435008137e+80
0.1056	0.0032	1.41821844899753e+80
0.1078	0.0032	6.61084563030752e+79
0.11	0.0032	2.73397634216518e+79
0	0.0064	-1.16078869153387e+69
0.0022	0.0064	2.42918150314099e+69
0.0044	0.0064	-1.96777405661331e+68
0.0066	0.0064	-1.35881537568426e+70
0.0088	0.0064	4.63150566876314e+70
0.011	0.0064	-2.05856739879524e+70
0.0132	0.0064	1.20177400141092e+70
0.0154	0.0064	9.43673697863484e+69
0.0176	0.0064	1.81489937538699e+71
0.0198	0.0064	-1.4086381648735e+71
0.022	0.0064	9.13073754874556e+70
0.0242	0.0064	-1.38784600354507e+71
0.0264	0.0064	3.62448150157722e+70
0.0286	0.0064	3.60345309589211e+71
0.0308	0.0064	-9.65514120451283e+71
0.033	0.0064	1.25961341367642e+72
0.0352	0.0064	-1.74212995475332e+72
0.0374	0.0064	2.96544433606813e+72
0.0396	0.0064	-2.75596685822172e+72
0.0418	0.0064	7.45678893195784e+71
0.044	0.0064	4.24990738372587e+72
0.0462	0.0064	-1.97940622944096e+73
0.0484	0.0064	7.60318390827361e+73
0.0506	0.0064	-2.64901082267682e+74
0.0528	0.0064	8.01434273634136e+74
0.055	0.0064	-1.818882570101e+75
0.0572	0.0064	7.47456907282168e+74
0.0594	0.0064	2.45316417042745e+76
0.0616	0.0064	-2.02222210483789e+77
0.0638	0.0064	1.1583572863988e+78
0.066	0.0064	-5.6457558873223e+78
0.0682	0.0064	2.49160590614341e+79
0.0704	0.0064	-1.0244618054375e+80
0.0726	0.0064	3.98092195775691e+80
0.0748	0.0064	-1.47817757495553e+81
0.077	0.0064	-1.35140013964562e+81
0.0792	0.0064	-1.12109210924498e+81
0.0814	0.0064	1.99404987631528e+81
0.0836	0.0064	1.20424074375709e+80
0.0858	0.0064	1.0483294546335e+81
0.088	0.0064	1.0418825865181e+82
0.0902	0.0064	2.43836921328773e+81
0.0924	0.0064	-7.00200268558787e+81
0.0946	0.0064	-6.19354420666535e+81
0.0968	0.0064	-4.34227499764632e+81
0.099	0.0064	-3.10632547012043e+81
0.1012	0.0064	-2.09392132396759e+81
0.1034	0.0064	-1.44717209265575e+81
0.1056	0.0064	-1.05736145111006e+81
0.1078	0.0064	-7.39490550147684e+80
0.11	0.0064	-5.18972477271688e+80
0	0.0096	-2.53471632305026e+68
0.0022	0.0096	-8.95713128159432e+67
0.0044	0.0096	6.89560866322647e+69
0.0066	0.0096	-3.28121530200398e+70
0.0088	0.0096	8.77545212722686e+70
0.011	0.0096	7.75201403857108e+70
0.0132	0.0096	-6.20804041746303e+70
0.0154	0.0096	-1.36823515282065e+71
0.0176	0.0096	-9.42264698256951e+71
0.0198	0.0096	6.6403577050191e+71
0.022	0.0096	-3.87200835895464e+71
0.0242	0.0096	7.15654923505296e+71
0.0264	0.0096	-3.09925157485054e+71
0.0286	0.0096	-1.57923881331237e+72
0.0308	0.0096	4.62718035085051e+72
0.033	0.0096	-5.7924789134968e+72
0.0352	0.0096	7.82344978500399e+72
0.0374	0.0096	-1.44776672588683e+73
0.0396	0.0096	1.37383598147005e+73
0.0418	0.0096	-5.01335792998007e+72
0.044	0.0096	-1.45480871025458e+73
0.0462	0.0096	7.25770908106465e+73
0.0484	0.0096	-2.91886854745525e+74
0.0506	0.0096	1.078891276482e+75
0.0528	0.0096	-3.56966175467158e+75
0.055	0.0096	9.79270139921335e+75
0.0572	0.0096	-1.6410583281875e+76
0.0594	0.0096	-3.63230807898421e+76
0.0616	0.0096	5.52987952324183e+77
0.0638	0.0096	-3.66194137474957e+78
0.066	0.0096	1.91742405809465e+79
0.0682	0.0096	-8.87566567345959e+79
0.0704	0.0096	3.80336837073174e+80
0.0726	0.0096	-1.54576632254635e+81
0.0748	0.0096	6.02146967945769e+81
0.077	0.0096	5.61314267010626e+81
0.0792	0.0096	4.75648106880377e+81
0.0814	0.0096	-6.82997091498439e+81
0.0836	0.0096	2.41280712128237e+79
0.0858	0.0096	-3.40919797015276e+81
0.088	0.0096	-3.84137891243832e+82
0.0902	0.0096	-8.98617077321956e+81
0.0924	0.0096	2.61190137629977e+82
0.0946	0.0096	2.3233965780827e+82
0.0968	0.0096	1.64297857833868e+82
0.099	0.0096	1.18780393985289e+82
0.1012	0.0096	8.13271695960187e+81
0.1034	0.0096	5.72700633032315e+81
0.1056	0.0096	4.25328014543752e+81
0.1078	0.0096	3.05049471362107e+81
0.11	0.0096	2.17948853421939e+81
0	0.0128	-6.80400253347387e+68
0.0022	0.0128	-1.13802193387161e+69
0.0044	0.0128	1.19964679130597e+70
0.0066	0.0128	-4.06230589252018e+70
0.0088	0.0128	9.08699499473629e+70
0.011	0.0128	1.23143166378002e+71
0.0132	0.0128	3.51982847696819e+71
0.0154	0.0128	1.19973440533991e+72
0.0176	0.0128	4.96131047687707e+72
0.0198	0.0128	-3.12955475674095e+72
0.022	0.0128	1.56641402480179e+72
0.0242	0.0128	-3.67361795179126e+72
0.0264	0.0128	2.1518686273296e+72
0.0286	0.0128	6.82697356607292e+72
0.0308	0.0128	-2.23802566760806e+73
0.033	0.0128	2.66867096995973e+73
0.0352	0.0128	-3.46530665705566e+73
0.0374	0.0128	7.09272929265364e+73
0.0396	0.0128	-6.80863756321427e+73
0.0418	0.0128	2.90465693798399e+73
0.044	0.0128	4.86408993395452e+73
0.0462	0.0128	-2.6071414322612e+74
0.0484	0.0128	1.09331297709648e+75
0.0506	0.0128	-4.25345217061444e+75
0.0528	0.0128	1.50850142611293e+76
0.055	0.0128	-4.6568201646525e+76
0.0572	0.0128	1.0951778715196e+77
0.0594	0.0128	-6.97211360504089e+76
0.0616	0.0128	-1.28129894565706e+78
0.0638	0.0128	1.09715404992848e+79
0.066	0.0128	-6.3097478294103e+79
0.0682	0.0128	3.06788905287158e+80
0.0704	0.0128	-1.35521874081558e+81
0.0726	0.0128	5.6320222704434e+81
0.0748	0.0128	-2.23111004366801e+82
0.077	0.0128	-2.10536889734985e+82
0.0792	0.0128	-1.79176413726418e+82
0.0814	0.0128	2.52043254477713e+82
0.0836	0.0128	-8.77763773537781e+79
0.0858	0.0128	1.25219627241763e+82
0.088	0.0128	1.4374634738919e+83
0.0902	0.0128	3.4662570832949e+82
0.0924	0.0128	-9.66407721552649e+82
0.0946	0.0128	-8.64597498745128e+82
0.0968	0.0128	-6.14890321261441e+82
0.099	0.0128	-4.48039511079972e+82
0.1012	0.0128	-3.10385794193397e+82
0.1034	0.0128	-2.22108665783081e+82
0.1056	0.0128	-1.68202956966704e+82
0.1078	0.0128	-1.24202550181803e+82
0.11	0.0128	-9.20486536633752e+81
0	0.016	7.77573693133091e+67
0.0022	0.016	-3.95637508267394e+69
0.0044	0.016	1.71005400456573e+70
0.0066	0.016	-4.8611194234271e+70
0.0088	0.016	9.21151088390816e+70
0.011	0.016	1.77639462937391e+71
0.0132	0.016	2.40521929314234e+71
0.0154	0.016	1.82590351673647e+72
0.0176	0.016	-2.66105153941638e+73
0.0198	0.016	1.47085542154838e+73
0.022	0.016	-5.81605693492458e+72
0.0242	0.016	1.88004497427742e+73
0.0264	0.016	-1.35818440309965e+73
0.0286	0.016	-2.88252079340272e+73
0.0308	0.016	1.09162777215372e+74
0.033	0.016	-1.23080590364415e+74
0.0352	0.016	1.50188074960247e+74
0.0374	0.016	-3.48559788387011e+74
0.0396	0.016	3.35768410473399e+74
0.0418	0.016	-1.56171953510495e+74
0.044	0.016	-1.58648497842686e+74
0.0462	0.016	9.14516185746544e+74
0.0484	0.016	-3.98906808055535e+75
0.0506	0.016	1.62672725258186e+76
0.0528	0.016	-6.11864281953588e+76
0.055	0.016	2.05913845437744e+77
0.0572	0.016	-5.76819146374425e+77
0.0594	0.016	1.01841545063987e+78
0.0616	0.016	1.75738176178459e+78
0.0638	0.016	-3.01511138942317e+79
0.066	0.016	2.00567797317229e+80
0.0682	0.016	-1.04052418497885e+81
0.0704	0.016	4.76727162381952e+81
0.0726	0.016	-2.03559561770066e+82
0.0748	0.016	8.29512168562081e+82
0.077	0.016	7.91915805401914e+82
0.0792	0.016	6.76440747271376e+82
0.0814	0.016	-9.28903346138248e+82
0.0836	0.016	3.96219600036656e+80
0.0858	0.016	-4.59151407605419e+82
0.088	0.016	-5.37913748880236e+83
0.0902	0.016	-1.3342321626465e+83
0.0924	0.016	3.57775076801461e+83
0.0946	0.016	3.21890104408439e+83
0.0968	0.016	2.30233894805561e+83
0.099	0.016	1.69067111865568e+83
0.1012	0.016	1.18450719352776e+83
0.1034	0.016	8.60082668349489e+82
0.1056	0.016	6.62358182609092e+82
0.1078	0.016	5.00768036377471e+82
0.11	0.016	3.82244521006706e+82
0	0.0192	7.1590650228244e+67
0.0022	0.0192	-3.38711680288134e+69
0.0044	0.0192	1.27041603809832e+70
0.0066	0.0192	-2.48556559694439e+70
0.0088	0.0192	2.65133615708748e+69
0.011	0.0192	4.84142139012071e+71
0.0132	0.0192	-6.01742377065491e+71
0.0154	0.0192	4.42687833645835e+72
0.0176	0.0192	-3.59042417786974e+73
0.0198	0.0192	-6.43016846320824e+73
0.022	0.0192	1.80261138547517e+73
0.0242	0.0192	-9.58939656759218e+73
0.0264	0.0192	8.09082650139625e+73
0.0286	0.0192	1.17249824937371e+74
0.0308	0.0192	-5.37375201162605e+74
0.033	0.0192	5.69125602161509e+74
0.0352	0.0192	-6.30416340020541e+74
0.0374	0.0192	1.72015366750533e+75
0.0396	0.0192	-1.65010396092236e+75
0.0418	0.0192	8.03171532308394e+74
0.044	0.0192	5.10270647004555e+74
0.0462	0.0192	-3.13041458900465e+75
0.0484	0.0192	1.41748650157698e+76
0.0506	0.0192	-6.04671446092952e+76
0.0528	0.0192	2.39745082968898e+77
0.055	0.0192	-8.64924753470538e+77
0.0572	0.0192	2.71779460256864e+78
0.0594	0.0192	-6.54135944498128e+78
0.0616	0.0192	4.96820458243466e+78
0.0638	0.0192	6.97495367640792e+79
0.066	0.0192	-6.06348710233189e+80
0.0682	0.0192	3.44662174328559e+81
0.0704	0.0192	-1.64979245616546e+82
0.0726	0.0192	7.24206636141874e+82
0.0748	0.0192	-3.03681912167328e+83
0.077	0.0192	-2.93319207996572e+83
0.0792	0.0192	-2.50903332359193e+83
0.0814	0.0192	3.46628889840131e+83
0.0836	0.0192	2.49170202659355e+81
0.0858	0.0192	1.72489289052605e+83
0.088	0.0192	2.01709621824019e+84
0.0902	0.0192	5.17266094422387e+83
0.0924	0.0192	-1.32028779255638e+84
0.0946	0.0192	-1.19437752311644e+84
0.0968	0.0192	-8.58241615589461e+83
0.099	0.0192	-6.34253852892654e+83
0.1012	0.0192	-4.48299565811548e+83
0.1034	0.0192	-3.29247996983657e+83
0.1056	0.0192	-2.56875139556717e+83
0.1078	0.0192	-1.97686092954662e+83
0.11	0.0192	-1.54163616921817e+83
0	0.0224	4.59834867425684e+68
0.0022	0.0224	-4.23109254929739e+69
0.0044	0.0224	1.55362245442616e+70
0.0066	0.0224	-2.95710631203739e+70
0.0088	0.0224	3.17756095540628e+69
0.011	0.0224	5.1663638266769e+71
0.0132	0.0224	-4.92237081661366e+71
0.0154	0.0224	4.03124408717387e+72
0.0176	0.0224	-3.2971975135115e+73
0.0198	0.0224	-8.3664031703712e+73
0.022	0.0224	-2.36154151205522e+73
0.0242	0.0224	4.88274433798062e+74
0.0264	0.0224	-4.64163829635153e+74
0.0286	0.0224	-4.47173823727508e+74
0.0308	0.0224	2.67148159548164e+75
0.033	0.0224	-2.64444276691621e+75
0.0352	0.0224	2.51585966431902e+75
0.0374	0.0224	-8.53479846655356e+75
0.0396	0.0224	8.08914235673188e+75
0.0418	0.0224	-4.01492006106384e+75
0.044	0.0224	-1.66754681217455e+75
0.0462	0.0224	1.044747763754e+76
0.0484	0.0224	-4.90047280210392e+76
0.0506	0.0224	2.18571552003356e+77
0.0528	0.0224	-9.10505279929491e+77
0.055	0.0224	3.48781431338872e+78
0.0572	0.0224	-1.19506125140367e+79
0.0594	0.0224	3.40427514984573e+79
0.0616	0.0224	-6.1736628451615e+79
0.0638	0.0224	-9.2584232898351e+79
0.066	0.0224	1.69022206937e+81
0.0682	0.0224	-1.10812444068832e+82
0.0704	0.0224	5.61166315033201e+82
0.0726	0.0224	-2.53456716679503e+83
0.0748	0.0224	1.09691289029378e+84
0.077	0.0224	1.07205871933417e+84
0.0792	0.0224	9.16315594312908e+83
0.0814	0.0224	-1.30765345076692e+84
0.0836	0.0224	-3.83487130151956e+82
0.0858	0.0224	-6.62157788843923e+83
0.088	0.0224	-7.57779881290653e+84
0.0902	0.0224	-2.01694935611499e+84
0.0924	0.0224	4.85697866115258e+84
0.0946	0.0224	4.41683271116766e+84
0.0968	0.0224	3.18439615866924e+84
0.099	0.0224	2.36450147855932e+84
0.1012	0.0224	1.68151367967409e+84
0.1034	0.0224	1.24499726515614e+84
0.1056	0.0224	9.80400004423309e+83
0.1078	0.0224	7.63826998661586e+83
0.11	0.0224	6.04384021167429e+83
0	0.0256	3.3828638656872e+69
0.0022	0.0256	-5.56530471047896e+69
0.0044	0.0256	1.26010128300923e+70
0.0066	0.0256	-1.01609081433461e+70
0.0088	0.0256	-7.03830597780594e+70
0.011	0.0256	7.54920461144308e+71
0.0132	0.0256	-1.07495020327534e+72
0.0154	0.0256	5.72648742803068e+72
0.0176	0.0256	-3.91168006330127e+73
0.0198	0.0256	-7.70085104433858e+73
0.022	0.0256	-5.60990109318775e+73
0.0242	0.0256	6.04432027516486e+74
0.0264	0.0256	2.51646403518025e+75
0.0286	0.0256	1.50158076209858e+75
0.0308	0.0256	-1.34178998639888e+76
0.033	0.0256	1.23855480659068e+76
0.0352	0.0256	-9.18181777865375e+75
0.0374	0.0256	4.26264722202517e+76
0.0396	0.0256	-3.95766427509318e+76
0.0418	0.0256	1.97007347869821e+76
0.044	0.0256	5.88928295510724e+75
0.0462	0.0256	-3.39494454893371e+76
0.0484	0.0256	1.64478847091541e+77
0.0506	0.0256	-7.67838005972825e+77
0.0528	0.0256	3.35640483633679e+78
0.055	0.0256	-1.35753862654964e+79
0.0572	0.0256	4.99649496657813e+79
0.0594	0.0256	-1.59632918356591e+80
0.0616	0.0256	3.88975675350435e+80
0.0638	0.0256	-3.05683272682127e+80
0.066	0.0256	-4.01283697785094e+81
0.0682	0.0256	3.4187362246773e+82
0.0704	0.0256	-1.87313810885301e+83
0.0726	0.0256	8.69422375990719e+83
0.0748	0.0256	-3.86846686269618e+84
0.077	0.0256	-3.82764827224619e+84
0.0792	0.0256	-3.2559565437661e+84
0.0814	0.0256	5.02076670358994e+84
0.0836	0.0256	3.39534565652739e+83
0.0858	0.0256	2.62767960666098e+84
0.088	0.0256	2.85546276344908e+85
0.0902	0.0256	7.93875072257282e+84
0.0924	0.0256	-1.77740990111317e+85
0.0946	0.0256	-1.62422356618276e+85
0.0968	0.0256	-1.17252048593039e+85
0.099	0.0256	-8.72575963103818e+84
0.1012	0.0256	-6.21866210698173e+84
0.1034	0.0256	-4.61966490661146e+84
0.1056	0.0256	-3.65392828495624e+84
0.1078	0.0256	-2.86302469935667e+84
0.11	0.0256	-2.28034751419892e+84
0	0.0288	-1.73908388883011e+69
0.0022	0.0288	2.04853356571725e+68
0.0044	0.0288	4.59108562174395e+69
0.0066	0.0288	8.83423790487555e+69
0.0088	0.0288	-1.17945395350751e+71
0.011	0.0288	8.8227961704427e+71
0.0132	0.0288	-1.12056517299559e+72
0.0154	0.0288	5.58687873911603e+72
0.0176	0.0288	-3.65377823063808e+73
0.0198	0.0288	-9.70244164464598e+73
0.022	0.0288	-1.70914439616098e+73
0.0242	0.0288	4.72446635283747e+74
0.0264	0.0288	3.12709667554699e+75
0.0286	0.0288	-3.91641286660836e+75
0.0308	0.0288	6.81042039702586e+76
0.033	0.0288	-5.87122377733606e+76
0.0352	0.0288	2.75474821047963e+76
0.0374	0.0288	-2.14563606644069e+77
0.0396	0.0288	1.93265285364097e+77
0.0418	0.0288	-9.5532788349104e+76
0.044	0.0288	-2.4374462918426e+76
0.0462	0.0288	1.07185686040519e+77
0.0484	0.0288	-5.34081961785771e+77
0.0506	0.0288	2.61683227368136e+78
0.0528	0.0288	-1.20105787014122e+79
0.055	0.0288	5.11260064362735e+79
0.0572	0.0288	-2.00431332534149e+80
0.0594	0.0288	7.00144418514811e+80
0.0616	0.0288	-2.01799225257076e+81
0.0638	0.0288	3.64026498135949e+81
0.066	0.0288	5.7885708224283e+81
0.0682	0.0288	-9.89382821467082e+82
0.0704	0.0288	6.13593842082409e+83
0.0726	0.0288	-2.92106596583176e+84
0.0748	0.0288	1.3125154679438e+85
0.077	0.0288	1.31672819250347e+85
0.0792	0.0288	1.1068915404357e+85
0.0814	0.0288	-1.97319280834361e+85
0.0836	0.0288	-2.46987995581734e+84
0.0858	0.0288	-1.08600469015855e+85
0.088	0.0288	-1.08059077746121e+86
0.0902	0.0288	-3.1636943817542e+85
0.0924	0.0288	6.45402295922447e+85
0.0946	0.0288	5.92342783791595e+85
0.0968	0.0288	4.2684118308627e+85
0.099	0.0288	3.17168037610519e+85
0.1012	0.0288	2.25186402084827e+85
0.1034	0.0288	1.66662132731581e+85
0.1056	0.0288	1.3146457708375e+85
0.1078	0.0288	1.02630898775022e+85
0.11	0.0288	8.13847202696429e+84
0	0.032	2.14741875220238e+69
0.0022	0.032	-5.01029009578454e+69
0.0044	0.032	1.35751739668355e+70
0.0066	0.032	-8.97494738145221e+69
0.0088	0.032	-7.95331954427484e+70
0.011	0.032	7.50519662373406e+71
0.0132	0.032	-4.44466994802268e+71
0.0154	0.032	3.20519012559106e+72
0.0176	0.032	-2.9405932803426e+73
0.0198	0.032	-1.34069017793291e+74
0.022	0.032	8.87945682735799e+73
0.0242	0.032	1.34301999343446e+74
0.0264	0.032	4.4356650117934e+75
0.0286	0.032	-8.54755518200736e+75
0.0308	0.032	8.63153928062555e+76
0.033	0.032	2.73077963049277e+77
0.0352	0.032	-3.70567731767972e+76
0.0374	0.032	1.08981565013686e+78
0.0396	0.032	-9.41645069770685e+77
0.0418	0.032	4.6015951372087e+77
0.044	0.032	1.22255472723103e+77
0.0462	0.032	-3.2744822847668e+77
0.0484	0.032	1.66838365137201e+78
0.0506	0.032	-8.62421738595329e+78
0.0528	0.032	4.16806161197303e+79
0.055	0.032	-1.8640604832119e+80
0.0572	0.032	7.74642689872179e+80
0.0594	0.032	-2.91946337188735e+81
0.0616	0.032	9.47529678759993e+81
0.0638	0.032	-2.30272145454708e+82
0.066	0.032	1.52540921232545e+82
0.0682	0.032	2.53893862097003e+83
0.0704	0.032	-1.97626916980339e+84
0.0726	0.032	9.67629046357575e+84
0.0748	0.032	-4.15053656560588e+85
0.077	0.032	-4.23869872245028e+85
0.0792	0.032	-3.46817558285214e+85
0.0814	0.032	7.99365249765884e+85
0.0836	0.032	1.62955409413908e+85
0.0858	0.032	4.70533808743922e+85
0.088	0.032	4.11444734496032e+86
0.0902	0.032	1.28183118832041e+86
0.0924	0.032	-2.31538656945499e+86
0.0946	0.032	-2.13258669675243e+86
0.0968	0.032	-1.52636962980509e+86
0.099	0.032	-1.12554618666663e+86
0.1012	0.032	-7.88239045763359e+85
0.1034	0.032	-5.74202126420932e+85
0.1056	0.032	-4.46095235003511e+85
0.1078	0.032	-3.41147527097998e+85
0.11	0.032	-2.63842402235777e+85
0	0.0352	-1.99847385848442e+69
0.0022	0.0352	1.41466521102721e+69
0.0044	0.0352	-1.04070516341673e+69
0.0066	0.0352	2.9489370544848e+70
0.0088	0.0352	-1.80108063228339e+71
0.011	0.0352	1.03916252625838e+72
0.0132	0.0352	-9.82018072986546e+71
0.0154	0.0352	4.82163275772868e+72
0.0176	0.0352	-3.32180824569907e+73
0.0198	0.0352	-1.31371636447489e+74
0.022	0.0352	4.04509841598423e+73
0.0242	0.0352	3.24757187349719e+74
0.0264	0.0352	3.86383523359479e+75
0.0286	0.0352	-5.01352148283128e+75
0.0308	0.0352	7.14474387182541e+76
0.033	0.0352	3.5738098263065e+77
0.0352	0.0352	-4.06356117279437e+77
0.0374	0.0352	-5.59161606828386e+78
0.0396	0.0352	4.57371959010825e+78
0.0418	0.0352	-2.21117740938063e+78
0.044	0.0352	-7.0541380759033e+77
0.0462	0.0352	9.58282272661154e+77
0.0484	0.0352	-4.96830641815961e+78
0.0506	0.0352	2.73375801942448e+79
0.0528	0.0352	-1.4001400408461e+80
0.055	0.0352	6.57403451329702e+80
0.0572	0.0352	-2.888161795629e+81
0.0594	0.0352	1.16586185111954e+82
0.0616	0.0352	-4.16389613293692e+82
0.0638	0.0352	1.2072480923132e+83
0.066	0.0352	-2.05154309123714e+83
0.0682	0.0352	-4.70662950533192e+83
0.0704	0.0352	6.27245554167922e+84
0.0726	0.0352	-3.24934260031281e+85
0.0748	0.0352	1.1278386042017e+86
0.077	0.0352	1.18750834883721e+86
0.0792	0.0352	9.04234513006044e+85
0.0814	0.0352	-3.36110067599138e+86
0.0836	0.0352	-1.01549293227633e+86
0.0858	0.0352	-2.14297780626768e+86
0.088	0.0352	-1.58037611316923e+87
0.0902	0.0352	-5.30594164921676e+86
0.0924	0.0352	8.14735555867742e+86
0.0946	0.0352	7.52131679133017e+86
0.0968	0.0352	5.30127808847204e+86
0.099	0.0352	3.83694243697548e+86
0.1012	0.0352	2.60044536488601e+86
0.1034	0.0352	1.81814441102154e+86
0.1056	0.0352	1.35241180771447e+86
0.1078	0.0352	9.7094757341139e+85
0.11	0.0352	6.90174125564198e+85
0	0.0384	-8.80945602862551e+68
0.0022	0.0384	-3.07838332603939e+69
0.0044	0.0384	1.41214937058051e+70
0.0066	0.0384	-1.44597312832707e+70
0.0088	0.0384	-5.10762949896488e+70
0.011	0.0384	5.97837391812506e+71
0.0132	0.0384	7.49595297650905e+71
0.0154	0.0384	-9.14461453328847e+71
0.0176	0.0384	-1.52184591685072e+73
0.0198	0.0384	-2.04204474872897e+74
0.022	0.0384	2.58630042337327e+74
0.0242	0.0384	-3.84546712306974e+74
0.0264	0.0384	6.44111962767515e+75
0.0286	0.0384	-1.42336049865066e+76
0.0308	0.0384	1.06929748782342e+77
0.033	0.0384	2.57379426224408e+77
0.0352	0.0384	1.52090048235692e+76
0.0374	0.0384	-7.7980579183271e+78
0.0396	0.0384	-2.12642489925251e+79
0.0418	0.0384	1.06231665574917e+79
0.044	0.0384	4.334605464361e+78
0.0462	0.0384	-2.60779273001308e+78
0.0484	0.0384	1.38836253289042e+79
0.0506	0.0384	-8.25668171288204e+79
0.0528	0.0384	4.54030751361102e+80
0.055	0.0384	-2.23807749223523e+81
0.0572	0.0384	1.0380083135413e+82
0.0594	0.0384	-4.4700769646148e+82
0.0616	0.0384	1.73633849525519e+83
0.0638	0.0384	-5.73441333809231e+83
0.066	0.0384	1.3596868791179e+84
0.0682	0.0384	-3.07278157227943e+83
0.0704	0.0384	-1.94491815494734e+85
0.0726	0.0384	1.18765107686886e+86
0.0748	0.0384	-1.84675196500693e+86
0.077	0.0384	-2.16723630990007e+86
0.0792	0.0384	-1.12345870261106e+86
0.0814	0.0384	1.47506369565477e+87
0.0836	0.0384	6.10903930065353e+86
0.0858	0.0384	1.02427428044685e+87
0.088	0.0384	6.14571876084702e+87
0.0902	0.0384	2.25578889663403e+87
0.0924	0.0384	-2.77516484888247e+87
0.0946	0.0384	-2.5621653826054e+87
0.0968	0.0384	-1.74925185934985e+87
0.099	0.0384	-1.21440725502054e+87
0.1012	0.0384	-7.61219471969318e+86
0.1034	0.0384	-4.75392144384818e+86
0.1056	0.0384	-3.06202155321779e+86
0.1078	0.0384	-1.67672253040263e+86
0.11	0.0384	-6.58178736023494e+85
0	0.0416	3.38457524943391e+69
0.0022	0.0416	-7.36341153709613e+69
0.0044	0.0416	1.41104062086298e+70
0.0066	0.0416	-3.66338520994391e+69
0.0088	0.0416	-8.99868750999011e+70
0.011	0.0416	7.5095396107079e+71
0.0132	0.0416	5.08502792158494e+71
0.0154	0.0416	3.31954829247224e+71
0.0176	0.0416	-1.95547559650066e+73
0.0198	0.0416	-1.95476063729201e+74
0.022	0.0416	1.70647458366879e+74
0.0242	0.0416	-1.28991494292913e+73
0.0264	0.0416	5.11722619869981e+75
0.0286	0.0416	-7.37555233006295e+75
0.0308	0.0416	7.77671348488809e+76
0.033	0.0416	4.0495671136119e+77
0.0352	0.0416	-4.07188482110348e+77
0.0374	0.0416	-6.16445655635334e+78
0.0396	0.0416	-3.16208492280448e+79
0.0418	0.0416	-4.86560961580444e+79
0.044	0.0416	-2.70555834760885e+79
0.0462	0.0416	5.91610626603273e+78
0.0484	0.0416	-3.53360652491725e+79
0.0506	0.0416	2.33295088595719e+80
0.0528	0.0416	-1.41613084284784e+81
0.055	0.0416	7.33227558539309e+81
0.0572	0.0416	-3.58779121323658e+82
0.0594	0.0416	1.64466264831909e+83
0.0616	0.0416	-6.90417534549461e+83
0.0638	0.0416	2.54294926427535e+84
0.066	0.0416	-7.40616316215512e+84
0.0682	0.0416	1.04926851180908e+85
0.0704	0.0416	5.76351575996602e+85
0.0726	0.0416	-6.29229449047807e+86
0.0748	0.0416	3.61796589077008e+87
0.077	0.0416	3.69306274645862e+87
0.0792	0.0416	3.08441451249221e+87
0.0814	0.0416	-6.53182715201933e+87
0.0836	0.0416	-1.22840665702749e+87
0.0858	0.0416	-3.97275992843496e+87
0.088	0.0416	-3.6252104926893e+88
0.0902	0.0416	-1.1283196376361e+88
0.0924	0.0416	2.13579195796275e+88
0.0946	0.0416	1.98459448088573e+88
0.0968	0.0416	1.43035218454731e+88
0.099	0.0416	1.05734435846961e+88
0.1012	0.0416	7.36648030764546e+87
0.1034	0.0416	5.29450054197978e+87
0.1056	0.0416	4.03591894271781e+87
0.1078	0.0416	2.98085212302804e+87
0.11	0.0416	2.1907458287774e+87
0	0.0448	-1.42742767289072e+68
0.0022	0.0448	6.44415965090714e+68
0.0044	0.0448	9.59807288728552e+68
0.0066	0.0448	2.27169171275469e+70
0.0088	0.0448	-1.4888110575518e+71
0.011	0.0448	8.50916157791346e+71
0.0132	0.0448	6.19666452471824e+71
0.0154	0.0448	-1.39142084681498e+71
0.0176	0.0448	-1.8826815371392e+73
0.0198	0.0448	-2.11349729962669e+74
0.022	0.0448	1.9225792844798e+74
0.0242	0.0448	-5.92666483313342e+73
0.0264	0.0448	5.44425217670092e+75
0.0286	0.0448	-8.27332464628357e+75
0.0308	0.0448	8.27425307869367e+76
0.033	0.0448	4.17602357911807e+77
0.0352	0.0448	-3.7219566976206e+77
0.0374	0.0448	-6.98710228200356e+78
0.0396	0.0448	-3.27374021222807e+79
0.0418	0.0448	-6.07537459490404e+79
0.044	0.0448	-4.3663128255147e+79
0.0462	0.0448	2.52599783978479e+77
0.0484	0.0448	7.65876573699921e+79
0.0506	0.0448	-5.91082338650988e+80
0.0528	0.0448	4.22929817609986e+81
0.055	0.0448	-2.30196301516979e+82
0.0572	0.0448	1.18819569490461e+83
0.0594	0.0448	-5.79084688568475e+83
0.0616	0.0448	2.61732418218274e+84
0.0638	0.0448	-1.06338730423177e+85
0.066	0.0448	3.6403909726278e+85
0.0682	0.0448	-8.61953468311522e+85
0.0704	0.0448	-2.65327411406197e+85
0.0726	0.0448	1.851282180948e+87
0.0748	0.0448	-1.32975919864921e+88
0.077	0.0448	-1.39775534477606e+88
0.0792	0.0448	-1.16030704126624e+88
0.0814	0.0448	2.68962764001508e+88
0.0836	0.0448	6.09804312228193e+87
0.0858	0.0448	1.68704111330452e+88
0.088	0.0448	1.48119750154173e+89
0.0902	0.0448	4.9028117659282e+88
0.0924	0.0448	-8.31776314522163e+88
0.0946	0.0448	-7.83383778268149e+88
0.0968	0.0448	-5.69277403062679e+88
0.099	0.0448	-4.25688720344179e+88
0.1012	0.0448	-3.00936409126548e+88
0.1034	0.0448	-2.20537951367503e+88
0.1056	0.0448	-1.71951750664701e+88
0.1078	0.0448	-1.30997242511364e+88
0.11	0.0448	-1.0008963162412e+88
0	0.048	3.38781890630717e+68
0.0022	0.048	-2.95862066370903e+69
0.0044	0.048	4.92702213932186e+69
0.0066	0.048	1.01891854974775e+70
0.0088	0.048	-9.63356738693571e+70
0.011	0.048	6.91458735733628e+71
0.0132	0.048	1.4222739692635e+72
0.0154	0.048	-2.1468608518441e+72
0.0176	0.048	-1.28223042499805e+73
0.0198	0.048	-2.37010577978325e+74
0.022	0.048	2.13194264159053e+74
0.0242	0.048	-5.31524633007884e+73
0.0264	0.048	5.39655339272252e+75
0.0286	0.048	-6.16785483754715e+75
0.0308	0.048	7.19431504003226e+76
0.033	0.048	4.95034524730601e+77
0.0352	0.048	-4.970863621705e+77
0.0374	0.048	-6.59767381198906e+78
0.0396	0.048	-3.85906931303919e+79
0.0418	0.048	-6.31692954940893e+79
0.044	0.048	-5.39404785459903e+79
0.0462	0.048	9.90050354764842e+78
0.0484	0.048	-1.20724215828249e+80
0.0506	0.048	1.17421555272261e+81
0.0528	0.048	-1.20310619387233e+82
0.055	0.048	6.88806055373775e+82
0.0572	0.048	-3.75136338582999e+83
0.0594	0.048	1.94241657545748e+84
0.0616	0.048	-9.42344525875715e+84
0.0638	0.048	4.18260401691322e+85
0.066	0.048	-1.62528560961267e+86
0.0682	0.048	4.97694185961204e+86
0.0704	0.048	-7.44681976242678e+86
0.0726	0.048	-4.00713715461292e+87
0.0748	0.048	4.40817321130767e+88
0.077	0.048	4.86207420931376e+88
0.0792	0.048	3.95533231142609e+88
0.0814	0.048	-1.11696962063921e+89
0.0836	0.048	-3.21185053164893e+88
0.0858	0.048	-7.32633286047362e+88
0.088	0.048	-5.97444090591165e+89
0.0902	0.048	-2.13578010229636e+89
0.0924	0.048	3.1111758590462e+89
0.0946	0.048	2.97988212124028e+89
0.0968	0.048	2.18068143063229e+89
0.099	0.048	1.64813915967534e+89
0.1012	0.048	1.17957731823164e+89
0.1034	0.048	8.7927730831172e+88
0.1056	0.048	6.9958157604337e+88
0.1078	0.048	5.47345619557715e+88
0.11	0.048	4.31578832158005e+88
0	0.0512	1.95119292110869e+69
0.0022	0.0512	6.77025070443383e+68
0.0044	0.0512	4.64002155078457e+67
0.0066	0.0512	1.43544038543118e+70
0.0088	0.0512	-8.94239699269842e+70
0.011	0.0512	6.08624078382595e+71
0.0132	0.0512	2.0597009617899e+72
0.0154	0.0512	-3.89587754056354e+72
0.0176	0.0512	-8.83816875456102e+72
0.0198	0.0512	-2.61791290431997e+74
0.022	0.0512	2.52833074443593e+74
0.0242	0.0512	-1.47625972359393e+74
0.0264	0.0512	5.88033109609815e+75
0.0286	0.0512	-7.54657559831766e+75
0.0308	0.0512	7.89984659592083e+76
0.033	0.0512	4.99178946087547e+77
0.0352	0.0512	-3.94502175397346e+77
0.0374	0.0512	-7.73263505078393e+78
0.0396	0.0512	-3.88226478397068e+79
0.0418	0.0512	-8.436154601764e+79
0.044	0.0512	-4.19560758097498e+79
0.0462	0.0512	-9.93812940000239e+79
0.0484	0.0512	3.7490159518879e+80
0.0506	0.0512	-3.58457791827913e+81
0.0528	0.0512	3.2506192542857e+82
0.055	0.0512	-1.95079215108367e+83
0.0572	0.0512	1.12187044979831e+84
0.0594	0.0512	-6.17312644063993e+84
0.0616	0.0512	3.21059670651691e+85
0.0638	0.0512	-1.54860684312144e+86
0.066	0.0512	6.70677752317796e+86
0.0682	0.0512	-2.44086415170327e+87
0.0704	0.0512	6.13191518884104e+87
0.0726	0.0512	1.38116806328856e+87
0.0748	0.0512	-1.31867277588805e+89
0.077	0.0512	-1.57818087077278e+89
0.0792	0.0512	-1.23059144032463e+89
0.0814	0.0512	4.73975696176984e+89
0.0836	0.0512	1.69501785586048e+89
0.0858	0.0512	3.26981874030935e+89
0.088	0.0512	2.43331484076665e+90
0.0902	0.0512	9.43665418762335e+89
0.0924	0.0512	-1.14891800720908e+90
0.0946	0.0512	-1.12276512953598e+90
0.0968	0.0512	-8.25978835982424e+89
0.099	0.0512	-6.3000008326838e+89
0.1012	0.0512	-4.54961790134496e+89
0.1034	0.0512	-3.43743707168186e+89
0.1056	0.0512	-2.78210755169909e+89
0.1078	0.0512	-2.22441809099448e+89
0.11	0.0512	-1.79745180975198e+89
0	0.0544	-3.12927700576794e+69
0.0022	0.0544	3.57373247392582e+69
0.0044	0.0544	-6.14472570252006e+69
0.0066	0.0544	1.92222752375678e+70
0.0088	0.0544	-7.40676823098272e+70
0.011	0.0544	5.59690356449082e+71
0.0132	0.0544	2.48443585762838e+72
0.0154	0.0544	-4.33672411432008e+72
0.0176	0.0544	-8.82057287560312e+72
0.0198	0.0544	-2.66397425926211e+74
0.022	0.0544	1.92958432404333e+74
0.0242	0.0544	1.42634375193593e+74
0.0264	0.0544	4.84952022672239e+75
0.0286	0.0544	-1.7043055676194e+75
0.0308	0.0544	5.42745054732445e+76
0.033	0.0544	6.30603886727411e+77
0.0352	0.0544	-7.02882465817398e+77
0.0374	0.0544	-6.67722931012275e+78
0.0396	0.0544	-4.79787483022974e+79
0.0418	0.0544	-7.75068278338817e+79
0.044	0.0544	-1.1236059546383e+80
0.0462	0.0544	1.62361632637113e+80
0.0484	0.0544	-9.85553103333578e+80
0.0506	0.0544	9.19344912363684e+81
0.0528	0.0544	-8.2142725670946e+82
0.055	0.0544	5.17957549738375e+83
0.0572	0.0544	-3.14985496621582e+84
0.0594	0.0544	1.84408472422879e+85
0.0616	0.0544	-1.02863610571168e+86
0.0638	0.0544	5.38245846751691e+86
0.066	0.0544	-2.57657556927486e+87
0.0682	0.0544	1.07727178143646e+88
0.0704	0.0544	-3.52497944613406e+88
0.0726	0.0544	5.51703315771288e+88
0.0748	0.0544	3.13118050099663e+89
0.077	0.0544	4.50509621273909e+89
0.0792	0.0544	3.15974888087185e+89
0.0814	0.0544	-2.06063863720026e+90
0.0836	0.0544	-8.93209058621957e+89
0.0858	0.0544	-1.50008353318197e+90
0.088	0.0544	-1.00475994732966e+91
0.0902	0.0544	-4.24011748523241e+90
0.0924	0.0544	4.17514186329461e+90
0.0946	0.0544	4.18338811691544e+90
0.0968	0.0544	3.08536836077406e+90
0.099	0.0544	2.36946152592923e+90
0.1012	0.0544	1.71825071695232e+90
0.1034	0.0544	1.30981040952486e+90
0.1056	0.0544	1.0747992499871e+90
0.1078	0.0544	8.74085698586377e+89
0.11	0.0544	7.19578681296116e+89
0	0.0576	5.66692945793467e+69
0.0022	0.0576	-1.93933628489924e+69
0.0044	0.0576	1.05288115387759e+70
0.0066	0.0576	-3.54680320339984e+70
0.0088	0.0576	1.00664104396247e+71
0.011	0.0576	1.57116982173115e+69
0.0132	0.0576	4.53162615671414e+72
0.0154	0.0576	-1.01284871426025e+73
0.0176	0.0576	7.46344121371539e+72
0.0198	0.0576	-3.30603118372122e+74
0.022	0.0576	3.5500549775206e+74
0.0242	0.0576	-3.64254945375685e+74
0.0264	0.0576	6.7863724435884e+75
0.0286	0.0576	-8.53594080369823e+75
0.0308	0.0576	8.2800977157243e+76
0.033	0.0576	5.49952543379453e+77
0.0352	0.0576	-2.27236807140233e+77
0.0374	0.0576	-9.34757397993423e+78
0.0396	0.0576	-4.24369512940077e+79
0.0418	0.0576	-1.28815794126892e+80
0.044	0.0576	1.32728288772878e+79
0.0462	0.0576	-4.88227974014563e+80
0.0484	0.0576	2.31473930160455e+81
0.0506	0.0576	-2.15671553341889e+82
0.0528	0.0576	1.91661335596196e+83
0.055	0.0576	-1.2723581469679e+84
0.0572	0.0576	8.19828268606175e+84
0.0594	0.0576	-5.11711260052421e+85
0.0616	0.0576	3.06689922951264e+86
0.0638	0.0576	-1.74241307509091e+87
0.066	0.0576	9.19760685921694e+87
0.0682	0.0576	-4.35744947890353e+88
0.0704	0.0576	1.72489118792864e+89
0.0726	0.0576	-4.60176919931946e+89
0.0748	0.0576	-2.19723700015022e+89
0.077	0.0576	-9.16199379270904e+89
0.0792	0.0576	-3.86847857581528e+89
0.0814	0.0576	9.18534359796462e+90
0.0836	0.0576	4.69656769837806e+90
0.0858	0.0576	7.0625786012628e+90
0.088	0.0576	4.22049596862284e+91
0.0902	0.0576	1.94214803383649e+91
0.0924	0.0576	-1.47955996969244e+91
0.0946	0.0576	-1.53279399962234e+91
0.0968	0.0576	-1.12852704974949e+91
0.099	0.0576	-8.6969482807813e+90
0.1012	0.0576	-6.28697392588846e+90
0.1034	0.0576	-4.80466337903395e+90
0.1056	0.0576	-3.98298195906044e+90
0.1078	0.0576	-3.27979884015442e+90
0.11	0.0576	-2.73655038980448e+90
0	0.0608	-1.03166947127042e+70
0.0022	0.0608	1.58646066729038e+70
0.0044	0.0608	-2.57407749300808e+70
0.0066	0.0608	4.60759692120803e+70
0.0088	0.0608	-1.10528654112058e+71
0.011	0.0608	6.81372141100019e+71
0.0132	0.0608	2.53342632783996e+72
0.0154	0.0608	-2.17066688871183e+72
0.0176	0.0608	-2.13607880385517e+73
0.0198	0.0608	-2.37262538619597e+74
0.022	0.0608	-4.67642392941189e+73
0.0242	0.0608	1.09975848945928e+75
0.0264	0.0608	1.68946867116493e+75
0.0286	0.0608	1.25858580834443e+76
0.0308	0.0608	3.80631577298579e+74
0.033	0.0608	9.03202323066474e+77
0.0352	0.0608	-1.36837723620398e+78
0.0374	0.0608	-5.05599929332237e+78
0.0396	0.0608	-6.53429899259412e+79
0.0418	0.0608	-7.02133696622967e+79
0.044	0.0608	-3.06168842736592e+80
0.0462	0.0608	8.87821525571515e+80
0.0484	0.0608	-4.96748133764453e+81
0.0506	0.0608	4.58925025829228e+82
0.0528	0.0608	-4.05020899907341e+83
0.055	0.0608	2.83682984205232e+84
0.0572	0.0608	-1.94144745643584e+85
0.0594	0.0608	1.29557097402802e+86
0.0616	0.0608	-8.3688591693855e+86
0.0638	0.0608	5.17775571053896e+87
0.066	0.0608	-3.01912490990039e+88
0.0682	0.0608	1.61537031967128e+89
0.0704	0.0608	-7.53811786759428e+89
0.0726	0.0608	2.70920303161603e+90
0.0748	0.0608	-4.04720853765753e+90
0.077	0.0608	-6.10691795562765e+89
0.0792	0.0608	-2.75106458918216e+90
0.0814	0.0608	-4.19643294173523e+91
0.0836	0.0608	-2.4637871478344e+91
0.0858	0.0608	-3.40508145750225e+91
0.088	0.0608	-1.81154422831381e+92
0.0902	0.0608	-9.0974611372413e+91
0.0924	0.0608	5.02759966340663e+91
0.0946	0.0608	5.47177457083291e+91
0.0968	0.0608	3.99350866830097e+91
0.099	0.0608	3.07219261800884e+91
0.1012	0.0608	2.18676422467309e+91
0.1034	0.0608	1.65827762958471e+91
0.1056	0.0608	1.38276603969841e+91
0.1078	0.0608	1.14721671219946e+91
0.11	0.0608	9.65110047071214e+90
0	0.064	9.31536942923344e+69
0.0022	0.064	-9.62754599908356e+69
0.0044	0.064	4.27197113784086e+70
0.0066	0.064	-1.53843428427695e+71
0.0088	0.064	4.90210248320131e+71
0.011	0.064	-1.15981471058791e+72
0.0132	0.064	8.62003186842074e+72
0.0154	0.064	-2.07786085560835e+73
0.0176	0.064	3.71615825389071e+73
0.0198	0.064	-4.44508520154379e+74
0.022	0.064	5.9889801087795e+74
0.0242	0.064	-1.08965661792121e+75
0.0264	0.064	9.61345506757564e+75
0.0286	0.064	-1.71353118511999e+76
0.0308	0.064	1.18430578646779e+77
0.033	0.064	4.69491641678276e+77
0.0352	0.064	5.52263679840847e+77
0.0374	0.064	-1.35872446755869e+79
0.0396	0.064	-3.63434946900506e+79
0.0418	0.064	-2.26996835017128e+80
0.044	0.064	2.56447022020757e+80
0.0462	0.064	-1.83332597578547e+81
0.0484	0.064	9.38349022879886e+81
0.0506	0.064	-8.62741233298116e+82
0.0528	0.064	7.52547709773639e+83
0.055	0.064	-5.57417943645687e+84
0.0572	0.064	4.06349537268637e+85
0.0594	0.064	-2.9094616329661e+86
0.0616	0.064	2.03431274863359e+87
0.0638	0.064	-1.37747436836451e+88
0.066	0.064	8.91884757326089e+88
0.0682	0.064	-5.40950455009928e+89
0.0704	0.064	2.96110924917895e+90
0.0726	0.064	-1.34849435432729e+91
0.0748	0.064	3.90104605930361e+91
0.077	0.064	2.23860025364297e+91
0.0792	0.064	3.14326246433063e+91
0.0814	0.064	1.96349234663676e+92
0.0836	0.064	1.2901680451246e+92
0.0858	0.064	1.67889891733626e+92
0.088	0.064	7.99958787544989e+92
0.0902	0.064	4.38038837229055e+92
0.0924	0.064	-1.58123823219738e+92
0.0946	0.064	-1.87300087233224e+92
0.0968	0.064	-1.33791371861222e+92
0.099	0.064	-1.0181938797928e+92
0.1012	0.064	-6.9615430654275e+91
0.1034	0.064	-5.13032284650617e+91
0.1056	0.064	-4.27608902219462e+91
0.1078	0.064	-3.5514860211914e+91
0.11	0.064	-2.9935590984453e+91
0	0.0672	-6.61465107375751e+69
0.0022	0.0672	1.87347674387969e+70
0.0044	0.0672	-2.94876951784293e+70
0.0066	0.0672	4.9936133708333e+70
0.0088	0.0672	-1.40475707616977e+71
0.011	0.0672	9.68035067698888e+71
0.0132	0.0672	1.62675249646025e+72
0.0154	0.0672	4.6599671215596e+72
0.0176	0.0672	-5.22900663815573e+73
0.0198	0.0672	-1.41986260338662e+74
0.022	0.0672	-5.35909747417018e+74
0.0242	0.0672	2.92564483074795e+75
0.0264	0.0672	-4.47307906516315e+75
0.0286	0.0672	3.82559742333942e+76
0.0308	0.0672	-9.60612768740072e+76
0.033	0.0672	1.33988894889169e+78
0.0352	0.0672	-2.61015991571865e+78
0.0374	0.0672	-1.16348577108666e+78
0.0396	0.0672	-9.37151672808561e+79
0.0418	0.0672	-2.75979313671032e+79
0.044	0.0672	-7.23855485332405e+80
0.0462	0.0672	2.65179914494301e+81
0.0484	0.0672	-1.51212789741406e+82
0.0506	0.0672	1.37058245128129e+83
0.0528	0.0672	-1.16966150784917e+84
0.055	0.0672	9.18489757559324e+84
0.0572	0.0672	-7.15530420109403e+85
0.0594	0.0672	5.52035458721147e+86
0.0616	0.0672	-4.20143675740485e+87
0.0638	0.0672	3.13603794826495e+88
0.066	0.0672	-2.27500251317666e+89
0.0682	0.0672	1.5803705830627e+90
0.0704	0.0672	-1.02382015780654e+91
0.0726	0.0672	5.85668402625706e+91
0.0748	0.0672	-2.54423620207516e+92
0.077	0.0672	-1.75883277802649e+92
0.0792	0.0672	-2.16901504415205e+92
0.0814	0.0672	-9.42340006053224e+92
0.0836	0.0672	-6.76156185365417e+92
0.0858	0.0672	-8.4908606262058e+92
0.088	0.0672	-3.67955099052208e+93
0.0902	0.0672	-2.1896009427809e+93
0.0924	0.0672	4.18618570129741e+92
0.0946	0.0672	5.9717866403372e+92
0.0968	0.0672	4.06567073735927e+92
0.099	0.0672	3.00610924851231e+92
0.1012	0.0672	1.85054268686242e+92
0.1034	0.0672	1.24696523251679e+92
0.1056	0.0672	1.02642814477077e+92
0.1078	0.0672	8.44914179603938e+91
0.11	0.0672	7.06893726683666e+91
0	0.0704	-1.86868795299539e+70
0.0022	0.0704	1.46531994200454e+70
0.0044	0.0704	2.21234311270068e+70
0.0066	0.0704	-1.4826747375299e+71
0.0088	0.0704	5.31527338960214e+71
0.011	0.0704	-1.25105804267604e+72
0.0132	0.0704	9.39033490495049e+72
0.0154	0.0704	-2.05349201093538e+73
0.0176	0.0704	3.22778084785496e+73
0.0198	0.0704	-4.51373168374797e+74
0.022	0.0704	4.94924219788044e+74
0.0242	0.0704	-7.36468261831062e+74
0.0264	0.0704	9.10948553789171e+75
0.0286	0.0704	-1.45514842088331e+76
0.0308	0.0704	1.18078971873067e+77
0.033	0.0704	5.03766926032346e+77
0.0352	0.0704	1.05228504640174e+78
0.0374	0.0704	-1.7163415177142e+79
0.0396	0.0704	-3.29080980606605e+79
0.0418	0.0704	-3.34709201822398e+80
0.044	0.0704	5.0789630544088e+80
0.0462	0.0704	-3.49620413116275e+81
0.0484	0.0704	1.91515424749644e+82
0.0506	0.0704	-1.69032335894305e+83
0.0528	0.0704	1.37527334824376e+84
0.055	0.0704	-1.14881492770589e+85
0.0572	0.0704	9.60228264182575e+85
0.0594	0.0704	-8.02288698328568e+86
0.0616	0.0704	6.69305891546088e+87
0.0638	0.0704	-5.56231054027271e+88
0.066	0.0704	4.58499073827594e+89
0.0682	0.0704	-3.71866502861002e+90
0.0704	0.0704	2.92229631014443e+91
0.0726	0.0704	-2.15414098279981e+92
0.0748	0.0704	1.36922939038698e+93
0.077	0.0704	1.02040462708442e+93
0.0792	0.0704	1.22707887213045e+93
0.0814	0.0704	4.71687688128144e+93
0.0836	0.0704	3.58920163790507e+93
0.0858	0.0704	4.49783304912796e+93
0.088	0.0704	1.81543005247474e+94
0.0902	0.0704	1.16252558161712e+94
0.0924	0.0704	-6.01154226916185e+92
0.0946	0.0704	-1.70467483413176e+93
0.0968	0.0704	-1.04035815508067e+93
0.099	0.0704	-7.19237970507038e+92
0.1012	0.0704	-3.06914691716004e+92
0.1034	0.0704	-1.24198261780181e+92
0.1056	0.0704	-9.69719293581846e+91
0.1078	0.0704	-7.92290146972638e+91
0.11	0.0704	-6.57319056683592e+91
0	0.0736	3.80228127005783e+70
0.0022	0.0736	-4.83029507564173e+70
0.0044	0.0736	1.1810946982805e+71
0.0066	0.0736	-3.16611808419027e+71
0.0088	0.0736	8.19330240644889e+71
0.011	0.0736	-1.5540375952027e+72
0.0132	0.0736	9.16423227483663e+72
0.0154	0.0736	-1.43694709212889e+73
0.0176	0.0736	-2.35576182115846e+71
0.0198	0.0736	-3.22110446848644e+74
0.022	0.0736	-1.13642355045233e+74
0.0242	0.0736	1.63839333226253e+75
0.0264	0.0736	2.44285751020335e+74
0.0286	0.0736	2.31372106666253e+76
0.0308	0.0736	-3.65478865370962e+76
0.033	0.0736	1.17996808023344e+78
0.0352	0.0736	-1.48576660761083e+78
0.0374	0.0736	-6.44107018195702e+78
0.0396	0.0736	-8.82563251346311e+79
0.0418	0.0736	-1.31140839399104e+80
0.044	0.0736	-6.36734194495061e+80
0.0462	0.0736	2.26629034386588e+81
0.0484	0.0736	-1.59753603517593e+82
0.0506	0.0736	1.28765066825651e+83
0.0528	0.0736	-8.92009954555752e+83
0.055	0.0736	8.07971285617841e+84
0.0572	0.0736	-7.35013452529029e+85
0.0594	0.0736	6.72085400296151e+86
0.0616	0.0736	-6.20965838390127e+87
0.0638	0.0736	5.83036913594012e+88
0.066	0.0736	-5.59608497966042e+89
0.0682	0.0736	5.52239519251591e+90
0.0704	0.0736	-5.63050225334749e+91
0.0726	0.0736	5.9506089582241e+92
0.0748	0.0736	-6.52594235967818e+93
0.077	0.0736	-5.22263316254196e+93
0.0792	0.0736	-6.47331763985887e+93
0.0814	0.0736	-2.75708402350048e+94
0.0836	0.0736	-2.01825162682405e+94
0.0858	0.0736	-2.79424144976378e+94
0.088	0.0736	-1.05957039545503e+95
0.0902	0.0736	-6.89532326446804e+94
0.0924	0.0736	-2.57293094835767e+92
0.0946	0.0736	6.86044080835181e+93
0.0968	0.0736	3.98226487643793e+93
0.099	0.0736	2.72062479315036e+93
0.1012	0.0736	7.76516732683192e+92
0.1034	0.0736	1.52369343029793e+91
0.1056	0.0736	3.82164542969487e+91
0.1078	0.0736	7.98077120694897e+91
0.11	0.0736	9.66350499448914e+91
0	0.0768	-5.24024181791994e+70
0.0022	0.0768	7.63521373824557e+70
0.0044	0.0768	-1.26360974176006e+71
0.0066	0.0768	2.69070373109741e+71
0.0088	0.0768	-7.51187230509159e+71
0.011	0.0768	2.96347126980911e+72
0.0132	0.0768	-3.89357908877093e+72
0.0154	0.0768	2.6562761613286e+73
0.0176	0.0768	-1.28437646463193e+74
0.0198	0.0768	6.12101112129578e+73
0.022	0.0768	-1.37316573224595e+75
0.0242	0.0768	5.58909182719894e+75
0.0264	0.0768	-1.1928560118425e+76
0.0286	0.0768	6.45441624245238e+76
0.0308	0.0768	-1.70020184356571e+77
0.033	0.0768	1.63482653173985e+78
0.0352	0.0768	-2.60408085145984e+78
0.0374	0.0768	-4.47848524073073e+78
0.0396	0.0768	-9.62979489068424e+79
0.0418	0.0768	-1.84153489450131e+80
0.044	0.0768	-4.21740666485658e+80
0.0462	0.0768	1.11049056277806e+78
0.0484	0.0768	2.1734924321822e+81
0.0506	0.0768	1.29493047421039e+82
0.0528	0.0768	-4.54503391952457e+83
0.055	0.0768	3.21303775674097e+84
0.0572	0.0768	-2.33542007620203e+85
0.0594	0.0768	1.84395151728955e+86
0.0616	0.0768	-1.64971450388897e+87
0.0638	0.0768	1.69587222710623e+88
0.066	0.0768	-1.95278013825803e+89
0.0682	0.0768	2.41496339631223e+90
0.0704	0.0768	-3.10038428062744e+91
0.0726	0.0768	4.05192168545994e+92
0.0748	0.0768	-5.34117991314475e+93
0.077	0.0768	-5.22896394783562e+93
0.0792	0.0768	-5.00569339584573e+93
0.0814	0.0768	-2.33675028519868e+94
0.0836	0.0768	-1.9679779451264e+94
0.0858	0.0768	-1.93325711201194e+94
0.088	0.0768	-8.19663909986289e+94
0.0902	0.0768	-6.85129513176575e+94
0.0924	0.0768	-1.11664010194736e+94
0.0946	0.0768	6.20817933529963e+93
0.0968	0.0768	2.7889650094689e+93
0.099	0.0768	8.12008583273437e+92
0.1012	0.0768	-5.62712904710129e+92
0.1034	0.0768	-1.95480651772488e+90
0.1056	0.0768	7.21726354813964e+91
0.1078	0.0768	1.0559906771067e+92
0.11	0.0768	1.19799569905562e+92
0	0.08	4.27162032379035e+70
0.0022	0.08	-9.2273909920243e+70
0.0044	0.08	2.60738864953094e+71
0.0066	0.08	-7.4138765613731e+71
0.0088	0.08	2.09722048659266e+72
0.011	0.08	-5.41533362977526e+72
0.0132	0.08	2.20464253724031e+73
0.0154	0.08	-5.33964138714245e+73
0.0176	0.08	1.27545422912291e+74
0.0198	0.08	-7.88395779171709e+74
0.022	0.08	1.35770984438294e+75
0.0242	0.08	-3.54032307943587e+75
0.0264	0.08	1.94948186308639e+76
0.0286	0.08	-4.9789016506717e+76
0.0308	0.08	2.56824587644002e+77
0.033	0.08	7.08320482820265e+76
0.0352	0.08	3.60120709315809e+78
0.0374	0.08	-2.80905502101665e+79
0.0396	0.08	-1.62062082203632e+79
0.0418	0.08	-5.37065491887268e+80
0.044	0.08	6.97407079822453e+80
0.0462	0.08	-4.26365460529738e+81
0.0484	0.08	1.69606764054196e+82
0.0506	0.08	-1.93061067048373e+83
0.0528	0.08	1.9278598628713e+84
0.055	0.08	-1.46776174723407e+85
0.0572	0.08	1.11064866795377e+86
0.0594	0.08	-8.34529048431455e+86
0.0616	0.08	6.16353049223032e+87
0.0638	0.08	-4.37188982489311e+88
0.066	0.08	2.80769991156155e+89
0.0682	0.08	-1.32170540014652e+90
0.0704	0.08	-2.34165663211172e+90
0.0726	0.08	2.01903950775611e+92
0.0748	0.08	-4.21635401984801e+93
0.077	0.08	-6.55304890882603e+93
0.0792	0.08	-7.76557286176836e+93
0.0814	0.08	-2.39711630278553e+94
0.0836	0.08	-1.74461883264127e+94
0.0858	0.08	-2.70461544905054e+94
0.088	0.08	-8.81823268515303e+94
0.0902	0.08	-5.29049250148013e+94
0.0924	0.08	5.22563547654915e+92
0.0946	0.08	4.1019935878119e+93
0.0968	0.08	2.30942356031768e+93
0.099	0.08	2.87753395916811e+92
0.1012	0.08	2.99690301740404e+92
0.1034	0.08	7.37784229129722e+91
0.1056	0.08	5.40275746069231e+91
0.1078	0.08	1.1106506703253e+92
0.11	0.08	1.23017747055867e+92
0	0.0832	-1.84261999482196e+70
0.0022	0.0832	5.15118038338564e+70
0.0044	0.0832	-1.42848893124973e+71
0.0066	0.0832	4.45811921308152e+71
0.0088	0.0832	-1.54493358853308e+72
0.011	0.0832	6.1346576922674e+72
0.0132	0.0832	-1.48345203517737e+73
0.0154	0.0832	6.90251453535013e+73
0.0176	0.0832	-2.80003506958655e+74
0.0198	0.0832	5.57250502669744e+74
0.022	0.0832	-3.24757205045504e+75
0.0242	0.0832	1.20672943923534e+76
0.0264	0.0832	-3.39039547758663e+76
0.0286	0.0832	1.4906238021368e+77
0.0308	0.0832	-4.86072674881e+77
0.033	0.0832	2.91336588652248e+78
0.0352	0.0832	-6.95057013548895e+78
0.0374	0.0832	1.19252395369537e+79
0.0396	0.0832	-1.81762693416852e+80
0.0418	0.0832	6.47030037548654e+79
0.044	0.0832	-2.01253118424454e+81
0.0462	0.0832	6.99727231298335e+81
0.0484	0.0832	-3.80878466190531e+82
0.0506	0.0832	3.77350113751682e+83
0.0528	0.0832	-3.34040188316823e+84
0.055	0.0832	2.5964992680874e+85
0.0572	0.0832	-2.02663554988964e+86
0.0594	0.0832	1.60112050108251e+87
0.0616	0.0832	-1.29410889842991e+88
0.0638	0.0832	1.08798364158065e+89
0.066	0.0832	-9.72180064397613e+89
0.0682	0.0832	9.42477087796082e+90
0.0704	0.0832	-1.00076802856643e+92
0.0726	0.0832	1.15529130336584e+93
0.0748	0.0832	-1.42133776740839e+94
0.077	0.0832	-1.79360941313984e+94
0.0792	0.0832	-1.91944690831798e+94
0.0814	0.0832	-2.03786669949585e+94
0.0836	0.0832	-1.71816408756055e+94
0.0858	0.0832	-1.76665448665835e+94
0.088	0.0832	-6.4237547454151e+94
0.0902	0.0832	-5.5429979134575e+94
0.0924	0.0832	-1.21700183242994e+94
0.0946	0.0832	4.44359265974101e+93
0.0968	0.0832	1.22662488284232e+93
0.099	0.0832	1.53619216883884e+92
0.1012	0.0832	-1.8991008309899e+92
0.1034	0.0832	-1.27481631669441e+91
0.1056	0.0832	1.03264037702352e+92
0.1078	0.0832	1.3626029757136e+92
0.11	0.0832	1.49603610738713e+92
0	0.0864	-5.53421672725169e+69
0.0022	0.0864	-4.08731297853445e+70
0.0044	0.0864	1.76967333569616e+71
0.0066	0.0864	-5.92283225307044e+71
0.0088	0.0864	1.83591156545807e+72
0.011	0.0864	-4.96246436847191e+72
0.0132	0.0864	2.25615196844224e+73
0.0154	0.0864	-5.55339816387241e+73
0.0176	0.0864	1.45258727369858e+74
0.0198	0.0864	-9.2492113765801e+74
0.022	0.0864	1.80895398698004e+75
0.0242	0.0864	-5.59491820081195e+75
0.0264	0.0864	2.90363991975088e+76
0.0286	0.0864	-8.99460165409294e+76
0.0308	0.0864	4.41052342022261e+77
0.033	0.0864	-6.7578029154557e+77
0.0352	0.0864	7.58772260531217e+78
0.0374	0.0864	-4.6282076523138e+79
0.0396	0.0864	4.34969019335117e+79
0.0418	0.0864	-9.29254797359332e+80
0.044	0.0864	1.94347412409263e+81
0.0462	0.0864	-1.12586902503928e+82
0.0484	0.0864	5.57018847312578e+82
0.0506	0.0864	-5.15477064911217e+83
0.0528	0.0864	4.26167844004859e+84
0.055	0.0864	-3.25716958777884e+85
0.0572	0.0864	2.43730899232456e+86
0.0594	0.0864	-1.75587652211576e+87
0.0616	0.0864	1.17201516443172e+88
0.0638	0.0864	-6.51270303310788e+88
0.066	0.0864	1.63227133301844e+89
0.0682	0.0864	3.20583275450561e+90
0.0704	0.0864	-8.28628816318122e+91
0.0726	0.0864	1.39131985534752e+93
0.0748	0.0864	-2.04309713635682e+94
0.077	0.0864	-2.39748867267384e+94
0.0792	0.0864	-2.48252668869472e+94
0.0814	0.0864	-2.92009558690357e+94
0.0836	0.0864	-3.20260886199558e+94
0.0858	0.0864	-3.70658321217043e+94
0.088	0.0864	-7.08886083654375e+94
0.0902	0.0864	-4.11098699861213e+94
0.0924	0.0864	2.21572893945085e+93
0.0946	0.0864	1.99554487757076e+93
0.0968	0.0864	1.5253325165063e+93
0.099	0.0864	2.30124408718819e+91
0.1012	0.0864	1.14996469390368e+92
0.1034	0.0864	1.0015208562973e+92
0.1056	0.0864	9.01413981726421e+91
0.1078	0.0864	1.48846911123072e+92
0.11	0.0864	1.57052566534643e+92
0	0.0896	8.38706264116456e+70
0.0022	0.0896	-6.26765479590733e+70
0.0044	0.0896	3.39330913599195e+70
0.0066	0.0896	9.70801323089944e+70
0.0088	0.0896	-7.80415089595055e+71
0.011	0.0896	4.48468741391398e+72
0.0132	0.0896	-1.03347871886584e+73
0.0154	0.0896	6.18021972026258e+73
0.0176	0.0896	-2.67165154915638e+74
0.0198	0.0896	5.00849722187373e+74
0.022	0.0896	-3.27628166066114e+75
0.0242	0.0896	1.22722291757392e+76
0.0264	0.0896	-3.42245247240872e+76
0.0286	0.0896	1.53507110488249e+77
0.0308	0.0896	-5.02595621297196e+77
0.033	0.0896	3.07558606934128e+78
0.0352	0.0896	-7.06251188682039e+78
0.0374	0.0896	1.27100271407222e+79
0.0396	0.0896	-2.12422749681882e+80
0.0418	0.0896	9.55062386433315e+79
0.044	0.0896	-2.95747573779084e+81
0.0462	0.0896	1.14820668360229e+82
0.0484	0.0896	-7.04206240722636e+82
0.0506	0.0896	6.2124257485853e+83
0.0528	0.0896	-5.01153708709596e+84
0.055	0.0896	4.15183529186137e+85
0.0572	0.0896	-3.51161445453705e+86
0.0594	0.0896	3.04857576961201e+87
0.0616	0.0896	-2.73314941923584e+88
0.0638	0.0896	2.54546136202321e+89
0.066	0.0896	-2.47387420151392e+90
0.0682	0.0896	2.51415166026113e+91
0.0704	0.0896	-2.6691634242361e+92
0.0726	0.0896	2.9491019951594e+93
0.0748	0.0896	-3.37222415232859e+94
0.077	0.0896	-3.89043639294197e+94
0.0792	0.0896	-4.0199280161524e+94
0.0814	0.0896	-4.54635645843287e+94
0.0836	0.0896	-4.73219237611578e+94
0.0858	0.0896	-5.28700094230521e+94
0.088	0.0896	-4.83407000403805e+94
0.0902	0.0896	-4.56295111152329e+94
0.0924	0.0896	-1.3059784535068e+94
0.0946	0.0896	3.50498108190891e+93
0.0968	0.0896	2.29518042189708e+92
0.099	0.0896	1.83062940968344e+92
0.1012	0.0896	-6.74921500351698e+91
0.1034	0.0896	2.89339645655124e+91
0.1056	0.0896	1.40464813291773e+92
0.1078	0.0896	1.79214367302985e+92
0.11	0.0896	1.8571915604918e+92
0	0.0928	-1.04578540545758e+71
0.0022	0.0928	1.61757687054752e+71
0.0044	0.0928	-2.80332732701057e+71
0.0066	0.0928	5.35874865514356e+71
0.0088	0.0928	-1.18327688752504e+72
0.011	0.0928	3.68504913429498e+72
0.0132	0.0928	-2.07012664198114e+72
0.0154	0.0928	2.2364921536772e+73
0.0176	0.0928	-9.4632272702883e+73
0.0198	0.0928	-2.21467799862162e+74
0.022	0.0928	-5.41895804225158e+74
0.0242	0.0928	1.73151143715673e+75
0.0264	0.0928	6.54759471499766e+75
0.0286	0.0928	-1.13906109918703e+76
0.0308	0.0928	1.80223656750905e+77
0.033	0.0928	2.69225842493045e+77
0.0352	0.0928	5.15165985526542e+78
0.0374	0.0928	-3.93185887803536e+79
0.0396	0.0928	6.35820975110204e+77
0.0418	0.0928	-9.28243436650711e+80
0.044	0.0928	1.40580310063024e+81
0.0462	0.0928	-1.1002195735547e+82
0.0484	0.0928	5.89154576199419e+82
0.0506	0.0928	-4.83329268889044e+83
0.0528	0.0928	3.31680423703391e+84
0.055	0.0928	-2.5545543354809e+85
0.0572	0.0928	1.95702267613984e+86
0.0594	0.0928	-1.47635622218787e+87
0.0616	0.0928	1.07913072217244e+88
0.0638	0.0928	-7.37926492372354e+88
0.066	0.0928	4.29204225194481e+89
0.0682	0.0928	-1.31557117242456e+90
0.0704	0.0928	-1.75868486021468e+91
0.0726	0.0928	5.14910744259399e+92
0.0748	0.0928	-9.10009086313919e+93
0.077	0.0928	-9.86674932492893e+93
0.0792	0.0928	-9.94041583784481e+93
0.0814	0.0928	-1.07202020488803e+94
0.0836	0.0928	-1.09086872279908e+94
0.0858	0.0928	-1.16854948716181e+94
0.088	0.0928	-1.37073727187031e+94
0.0902	0.0928	-1.6679166614562e+94
0.0924	0.0928	-2.64543849236522e+91
0.0946	0.0928	1.60868025362508e+93
0.0968	0.0928	1.00923542194684e+93
0.099	0.0928	-1.13482992405994e+92
0.1012	0.0928	7.48885544820212e+91
0.1034	0.0928	1.37626550971613e+92
0.1056	0.0928	1.43302176420118e+92
0.1078	0.0928	1.98315741384111e+92
0.11	0.0928	1.98840677525645e+92
0	0.096	7.43352572917562e+70
0.0022	0.096	-1.17566742520172e+71
0.0044	0.096	2.84189550239609e+71
0.0066	0.096	-7.69566696682001e+71
0.0088	0.096	2.04015907622532e+72
0.011	0.096	-4.52881896420651e+72
0.0132	0.096	1.99259862353728e+73
0.0154	0.096	-3.396006520902e+73
0.0176	0.096	5.2536592013005e+73
0.0198	0.096	-6.23058209366004e+74
0.022	0.096	3.88091281377254e+74
0.0242	0.096	-4.11318273863581e+74
0.0264	0.096	1.10206074197608e+76
0.0286	0.096	-1.49613849433184e+76
0.0308	0.096	1.45830499754433e+77
0.033	0.096	6.68517559838792e+77
0.0352	0.096	2.91405335181841e+78
0.0374	0.096	-2.60103800357425e+79
0.0396	0.096	-8.89063175882921e+79
0.0418	0.096	-5.22431312974019e+80
0.044	0.096	-1.35416208566051e+81
0.0462	0.096	4.02541436740947e+81
0.0484	0.096	-4.17987952110854e+82
0.0506	0.096	2.52275645248478e+83
0.0528	0.096	-1.27437022444972e+84
0.055	0.096	8.10972629996947e+84
0.0572	0.096	-4.68723381554397e+85
0.0594	0.096	2.1262493309262e+86
0.0616	0.096	-2.24285617952949e+86
0.0638	0.096	-1.16192964170974e+88
0.066	0.096	2.12874189473249e+89
0.0682	0.096	-2.73296762218206e+90
0.0704	0.096	2.99587023496332e+91
0.0726	0.096	-2.90406122181186e+92
0.0748	0.096	2.40739186827583e+93
0.077	0.096	2.69774524510903e+93
0.0792	0.096	2.75750571012214e+93
0.0814	0.096	3.06043990612259e+93
0.0836	0.096	3.16877066080451e+93
0.0858	0.096	3.48379143527814e+93
0.088	0.096	4.07211322529624e+93
0.0902	0.096	4.96494502090061e+93
0.0924	0.096	9.38553485053799e+92
0.0946	0.096	5.85278741062229e+92
0.0968	0.096	3.93966807476536e+92
0.099	0.096	4.31485107750455e+91
0.1012	0.096	1.86969081188066e+91
0.1034	0.096	1.08424259739124e+92
0.1056	0.096	1.94869957195934e+92
0.1078	0.096	2.36573858864762e+92
0.11	0.096	2.30057156768541e+92
0	0.0992	-7.5534162810555e+70
0.0022	0.0992	1.52395281195672e+71
0.0044	0.0992	-3.14309168807423e+71
0.0066	0.0992	7.02669087373813e+71
0.0088	0.0992	-1.85364386977493e+72
0.011	0.0992	6.32501335269962e+72
0.0132	0.0992	-1.07411190394041e+73
0.0154	0.0992	5.79140010470804e+73
0.0176	0.0992	-2.19225917520375e+74
0.0198	0.0992	1.66044260075264e+74
0.022	0.0992	-2.06475242096071e+75
0.0242	0.0992	6.90354614682991e+75
0.0264	0.0992	-1.06155673675575e+76
0.0286	0.0992	5.56746129419791e+76
0.0308	0.0992	-7.10180365332765e+76
0.033	0.0992	1.33162671182401e+78
0.0352	0.0992	1.67050050848532e+78
0.0374	0.0992	-2.50547868353143e+79
0.0396	0.0992	-8.83512713041521e+79
0.0418	0.0992	-7.00472180548169e+80
0.044	0.0992	-5.83087984862461e+80
0.0462	0.0992	-3.40757002201579e+81
0.0484	0.0992	1.40324545008265e+82
0.0506	0.0992	-8.81749621992586e+82
0.0528	0.0992	1.27499697234325e+83
0.055	0.0992	3.88715414241763e+83
0.0572	0.0992	-1.3772624572002e+85
0.0594	0.0992	1.91771531990189e+86
0.0616	0.0992	-2.1333416013472e+87
0.0638	0.0992	2.11347557773738e+88
0.066	0.0992	-1.92392069857059e+89
0.0682	0.0992	1.61455122535234e+90
0.0704	0.0992	-1.22553304379045e+91
0.0726	0.0992	7.92797306623288e+91
0.0748	0.0992	-3.53324381998916e+92
0.077	0.0992	-4.21665316853834e+92
0.0792	0.0992	-4.41243745288103e+92
0.0814	0.0992	-5.14820946392352e+92
0.0836	0.0992	-5.48695696547589e+92
0.0858	0.0992	-6.2799336594449e+92
0.088	0.0992	-7.85556887642382e+92
0.0902	0.0992	-1.016851183725e+93
0.0924	0.0992	-1.95750208724833e+91
0.0946	0.0992	8.51454766639791e+91
0.0968	0.0992	1.34307318564966e+92
0.099	0.0992	1.50968516313206e+92
0.1012	0.0992	1.62781075537523e+92
0.1034	0.0992	2.16420060870982e+92
0.1056	0.0992	2.16749996666645e+92
0.1078	0.0992	2.64404168583414e+92
0.11	0.0992	2.49192215197176e+92
0	0.1024	1.73011967069183e+70
0.0022	0.1024	-9.53245449438143e+70
0.0044	0.1024	3.53137821021412e+71
0.0066	0.1024	-1.14766320312375e+72
0.0088	0.1024	3.41769084409975e+72
0.011	0.1024	-9.06669565579687e+72
0.0132	0.1024	3.60516825263061e+73
0.0154	0.1024	-8.32478815914716e+73
0.0176	0.1024	2.20277763997462e+74
0.0198	0.1024	-1.24641232967258e+75
0.022	0.1024	2.35528873946694e+75
0.0242	0.1024	-7.37298665287057e+75
0.0264	0.1024	3.66081693624565e+76
0.0286	0.1024	-1.09800672112578e+77
0.0308	0.1024	5.1584475817757e+77
0.033	0.1024	-6.6863978748042e+77
0.0352	0.1024	8.82860207762361e+78
0.0374	0.1024	-4.86222543309624e+79
0.0396	0.1024	-3.23753940590959e+79
0.0418	0.1024	-9.02393656513369e+80
0.044	0.1024	-8.882789851483e+80
0.0462	0.1024	9.12999576147468e+79
0.0484	0.1024	-2.624733147991e+82
0.0506	0.1024	-9.09224589469098e+81
0.0528	0.1024	2.4075751818185e+83
0.055	0.1024	-2.44077974831672e+84
0.0572	0.1024	2.26877182420062e+85
0.0594	0.1024	-1.99151732825638e+86
0.0616	0.1024	1.66538016502415e+87
0.0638	0.1024	-1.32945710414886e+88
0.066	0.1024	1.01110825713523e+89
0.0682	0.1024	-7.29653488017043e+89
0.0704	0.1024	4.98892702617977e+90
0.0726	0.1024	-3.2870138450271e+91
0.0748	0.1024	2.25840203647132e+92
0.077	0.1024	2.56612005971194e+92
0.0792	0.1024	2.64876449968532e+92
0.0814	0.1024	2.97575482788952e+92
0.0836	0.1024	3.11308908726336e+92
0.0858	0.1024	3.46351645033829e+92
0.088	0.1024	3.93504428126862e+92
0.0902	0.1024	4.69031376533396e+92
0.0924	0.1024	2.26297576221152e+92
0.0946	0.1024	2.1211595097208e+92
0.0968	0.1024	2.07395992941746e+92
0.099	0.1024	2.15626048166595e+92
0.1012	0.1024	2.21248692084835e+92
0.1034	0.1024	2.41225511279637e+92
0.1056	0.1024	2.74427794659076e+92
0.1078	0.1024	3.13108693220623e+92
0.11	0.1024	2.83744748145022e+92
0	0.1056	4.96870013013915e+70
0.0022	0.1056	-7.65104329317142e+69
0.0044	0.1056	-5.94517835813761e+70
0.0066	0.1056	2.35850811626402e+71
0.0088	0.1056	-1.02333860054116e+72
0.011	0.1056	5.21447899545525e+72
0.0132	0.1056	-9.51293650345591e+72
0.0154	0.1056	6.7537043935433e+73
0.0176	0.1056	-2.72212916415217e+74
0.0198	0.1056	3.50930520261076e+74
0.022	0.1056	-3.04159344317259e+75
0.0242	0.1056	1.05498903582871e+76
0.0264	0.1056	-2.35420704481124e+76
0.0286	0.1056	1.11233116903832e+77
0.0308	0.1056	-2.95023178991019e+77
0.033	0.1056	2.36632910298709e+78
0.0352	0.1056	-1.93345801998217e+78
0.0374	0.1056	-8.73448871532972e+78
0.0396	0.1056	-1.94592757389962e+80
0.0418	0.1056	-4.11541946261802e+80
0.044	0.1056	-3.12402139773599e+81
0.0462	0.1056	5.64261970555141e+81
0.0484	0.1056	1.2496262598842e+81
0.0506	0.1056	2.76187933443715e+82
0.0528	0.1056	-2.53092493594291e+83
0.055	0.1056	2.05481392109436e+84
0.0572	0.1056	-1.6043675865699e+85
0.0594	0.1056	1.2025938538483e+86
0.0616	0.1056	-8.57385778646466e+86
0.0638	0.1056	5.70070670696308e+87
0.066	0.1056	-3.37733812635638e+88
0.0682	0.1056	1.54661712817295e+89
0.0704	0.1056	-1.32336322714413e+89
0.0726	0.1056	-9.55652814894189e+90
0.0748	0.1056	1.81880294828407e+92
0.077	0.1056	1.89857416344947e+92
0.0792	0.1056	1.8996433184869e+92
0.0814	0.1056	1.97375336666738e+92
0.0836	0.1056	1.97203795416217e+92
0.0858	0.1056	2.04012917093999e+92
0.088	0.1056	1.96369462766815e+92
0.0902	0.1056	1.92735447619357e+92
0.0924	0.1056	2.5987614110136e+92
0.0946	0.1056	2.80625686744407e+92
0.0968	0.1056	2.89155764692425e+92
0.099	0.1056	3.04776755260743e+92
0.1012	0.1056	3.12060524227862e+92
0.1034	0.1056	3.25271804588769e+92
0.1056	0.1056	3.27366868614957e+92
0.1078	0.1056	3.50700496846089e+92
0.11	0.1056	3.10188727450499e+92
0	0.1088	-5.94331273427196e+70
0.0022	0.1088	6.97364987070857e+70
0.0044	0.1088	-1.62693315952781e+70
0.0066	0.1088	-2.50759613125624e+71
0.0088	0.1088	9.8308662674032e+71
0.011	0.1088	-1.89563440082386e+72
0.0132	0.1088	1.5586032308812e+73
0.0154	0.1088	-1.50315750272547e+73
0.0176	0.1088	8.61014393266718e+72
0.0198	0.1088	-6.31719093262489e+74
0.022	0.1088	2.059755889001e+74
0.0242	0.1088	-6.14904153537875e+74
0.0264	0.1088	1.56245287225671e+76
0.0286	0.1088	-3.34452167356453e+76
0.0308	0.1088	2.51207280736277e+77
0.033	0.1088	3.66551541410881e+77
0.0352	0.1088	5.93325179795122e+78
0.0374	0.1088	-3.78309301435503e+79
0.0396	0.1088	-1.05255125724217e+80
0.0418	0.1088	-8.30475186810322e+80
0.044	0.1088	7.54941697894261e+80
0.0462	0.1088	-1.33485157430307e+81
0.0484	0.1088	2.29330532740465e+81
0.0506	0.1088	-2.39527291617087e+82
0.0528	0.1088	1.8847652507939e+83
0.055	0.1088	-1.42615879990416e+84
0.0572	0.1088	1.0597507825892e+85
0.0594	0.1088	-7.75906963798472e+85
0.0616	0.1088	5.62902632045489e+86
0.0638	0.1088	-4.09263138601074e+87
0.066	0.1088	3.04405535910866e+88
0.0682	0.1088	-2.38989843372407e+89
0.0704	0.1088	2.05117031564353e+90
0.0726	0.1088	-1.96450501202663e+91
0.0748	0.1088	2.08313913603915e+92
0.077	0.1088	2.23451435937363e+92
0.0792	0.1088	2.26356844452326e+92
0.0814	0.1088	2.41771496273679e+92
0.0836	0.1088	2.46162510068768e+92
0.0858	0.1088	2.61999926420231e+92
0.088	0.1088	2.69731312807115e+92
0.0902	0.1088	2.88687914468645e+92
0.0924	0.1088	2.78740308721035e+92
0.0946	0.1088	2.91655579599491e+92
0.0968	0.1088	2.97945944904812e+92
0.099	0.1088	3.12735178586109e+92
0.1012	0.1088	3.20762896998233e+92
0.1034	0.1088	3.36870741630716e+92
0.1056	0.1088	3.47713492186766e+92
0.1078	0.1088	3.62082060027603e+92
0.11	0.1088	3.75307427893813e+92
0	0.112	5.36580547074371e+70
0.0022	0.112	-6.04250823745838e+70
0.0044	0.112	1.18384412411294e+71
0.0066	0.112	-2.92096869382807e+71
0.0088	0.112	4.6104081639401e+71
0.011	0.112	1.07867030378275e+72
0.0132	0.112	3.95467911548539e+72
0.0154	0.112	3.16789741120115e+73
0.0176	0.112	-1.55949587513593e+74
0.0198	0.112	-8.67134267379405e+73
0.022	0.112	-1.78500013257504e+75
0.0242	0.112	6.11083028680446e+75
0.0264	0.112	-6.98487938682962e+75
0.0286	0.112	5.18721028125211e+76
0.0308	0.112	-6.38207947413611e+76
0.033	0.112	1.58798557146935e+78
0.0352	0.112	1.87154776408601e+78
0.0374	0.112	-2.24729670293061e+79
0.0396	0.112	-1.78717665395657e+80
0.0418	0.112	1.83421675751589e+80
0.044	0.112	-1.92289089308198e+80
0.0462	0.112	4.64840525048042e+80
0.0484	0.112	-2.07120754923817e+81
0.0506	0.112	1.64672816195314e+82
0.0528	0.112	-1.22582779328437e+83
0.055	0.112	8.98221534382804e+83
0.0572	0.112	-6.52928429475619e+84
0.0594	0.112	4.72349140650413e+85
0.0616	0.112	-3.4140640433467e+86
0.0638	0.112	2.47617291277018e+87
0.066	0.112	-1.80794755194223e+88
0.0682	0.112	1.32717468299116e+89
0.0704	0.112	-9.67989394290894e+89
0.0726	0.112	6.77660981721321e+90
0.0748	0.112	-4.13480485902907e+91
0.077	0.112	-4.5631535689341e+91
0.0792	0.112	-4.67042618218572e+91
0.0814	0.112	-5.11348272820309e+91
0.0836	0.112	-5.27056642678096e+91
0.0858	0.112	-5.73374927558429e+91
0.088	0.112	-5.98968260258157e+91
0.0902	0.112	-6.54514090515618e+91
0.0924	0.112	-6.36150300143691e+91
0.0946	0.112	-6.76679081161865e+91
0.0968	0.112	-7.0105811120317e+91
0.099	0.112	-7.47652699953604e+91
0.1012	0.112	-7.78003499040497e+91
0.1034	0.112	-8.29475035692132e+91
0.1056	0.112	-8.68792064142381e+91
0.1078	0.112	-9.17556407257903e+91
0.11	0.112	-9.64847288038218e+91
0	0.1152	-4.34823500390075e+70
0.0022	0.1152	9.15778634228323e+70
0.0044	0.1152	-1.14079601587691e+71
0.0066	0.1152	2.89036261864109e+70
0.0088	0.1152	1.10151222984946e+71
0.011	0.1152	9.90745078524685e+71
0.0132	0.1152	7.74932707539683e+72
0.0154	0.1152	1.57299264284889e+73
0.0176	0.1152	-8.51930079516511e+73
0.0198	0.1152	-3.97290187103986e+74
0.022	0.1152	-7.35776523314424e+74
0.0242	0.1152	2.16996009701627e+75
0.0264	0.1152	7.93923252884228e+75
0.0286	0.1152	-4.45809192181319e+75
0.0308	0.1152	1.57496460335076e+77
0.033	0.1152	7.94466939636389e+77
0.0352	0.1152	5.28607450087591e+78
0.0374	0.1152	-3.46738188872958e+79
0.0396	0.1152	3.89609766680547e+79
0.0418	0.1152	-4.12021810319943e+79
0.044	0.1152	5.87139167320723e+79
0.0462	0.1152	-2.20717603211274e+80
0.0484	0.1152	1.35342130301703e+81
0.0506	0.1152	-9.95228523105639e+81
0.0528	0.1152	7.15367086023782e+82
0.055	0.1152	-5.09183009044365e+83
0.0572	0.1152	3.59739268884626e+84
0.0594	0.1152	-2.52345777592603e+85
0.0616	0.1152	1.75637882956642e+86
0.0638	0.1152	-1.20998629806259e+87
0.066	0.1152	8.20138740015147e+87
0.0682	0.1152	-5.40200321188049e+88
0.0704	0.1152	3.37367912407451e+89
0.0726	0.1152	-1.89751350204008e+90
0.0748	0.1152	8.41212413094546e+90
0.077	0.1152	9.59978907757389e+90
0.0792	0.1152	9.94591661949297e+90
0.0814	0.1152	1.119094321927e+91
0.0836	0.1152	1.1694914368368e+91
0.0858	0.1152	1.30159302021693e+91
0.088	0.1152	1.3808157126216e+91
0.0902	0.1152	1.53988104192695e+91
0.0924	0.1152	1.50959772887801e+91
0.0946	0.1152	1.63151692254033e+91
0.0968	0.1152	1.71425938478328e+91
0.099	0.1152	1.85524612215122e+91
0.1012	0.1152	1.95746651961027e+91
0.1034	0.1152	2.11513292514412e+91
0.1056	0.1152	2.24520821865825e+91
0.1078	0.1152	2.40078250224515e+91
0.11	0.1152	2.5565768123516e+91
0	0.1184	2.2705431092906e+70
0.0022	0.1184	-4.20574363365112e+70
0.0044	0.1184	1.58360414315082e+71
0.0066	0.1184	-5.14331697643867e+71
0.0088	0.1184	1.17541711765315e+72
0.011	0.1184	-9.93974980845549e+71
0.0132	0.1184	1.18561234262168e+73
0.0154	0.1184	1.26985300638312e+73
0.0176	0.1184	-8.86617788667376e+73
0.0198	0.1184	-3.80238365958037e+74
0.022	0.1184	-1.00105624685415e+75
0.0242	0.1184	3.1568851126545e+75
0.0264	0.1184	4.73407309313572e+75
0.0286	0.1184	1.04079431314706e+76
0.0308	0.1184	1.01167301780251e+77
0.033	0.1184	1.06761765397084e+78
0.0352	0.1184	-1.60831410440793e+78
0.0374	0.1184	7.06319583170524e+78
0.0396	0.1184	-8.39525641737369e+78
0.0418	0.1184	1.0110964139718e+79
0.044	0.1184	-2.23658404530193e+79
0.0462	0.1184	1.15405747136635e+80
0.0484	0.1184	-7.69725210541614e+80
0.0506	0.1184	5.42453445185676e+81
0.0528	0.1184	-3.77226604980868e+82
0.055	0.1184	2.59586724515833e+83
0.0572	0.1184	-1.76660743562316e+84
0.0594	0.1184	1.18640644467187e+85
0.0616	0.1184	-7.83321734084601e+85
0.0638	0.1184	5.0531012373702e+86
0.066	0.1184	-3.1522566533947e+87
0.0682	0.1184	1.86923264670062e+88
0.0704	0.1184	-1.02240305110874e+89
0.0726	0.1184	4.86643862509662e+89
0.0748	0.1184	-1.75284185481285e+90
0.077	0.1184	-2.07782569268935e+90
0.0792	0.1184	-2.18252194615423e+90
0.0814	0.1184	-2.5273059566298e+90
0.0836	0.1184	-2.68025204427187e+90
0.0858	0.1184	-3.05092823657579e+90
0.088	0.1184	-3.28696495254195e+90
0.0902	0.1184	-3.73562994985464e+90
0.0924	0.1184	-3.69845317986594e+90
0.0946	0.1184	-4.05569142848435e+90
0.0968	0.1184	-4.31846634544841e+90
0.099	0.1184	-4.73429550012993e+90
0.1012	0.1184	-5.05838832607852e+90
0.1034	0.1184	-5.52853294900905e+90
0.1056	0.1184	-5.93747793499473e+90
0.1078	0.1184	-6.41560476886216e+90
0.11	0.1184	-6.90524462775261e+90
0	0.1216	-1.01207631720316e+70
0.0022	0.1216	5.43011958687337e+70
0.0044	0.1216	-7.13296326765651e+70
0.0066	0.1216	-2.53913245171034e+70
0.0088	0.1216	7.37329241199236e+70
0.011	0.1216	1.61007385828885e+72
0.0132	0.1216	6.61198219324861e+72
0.0154	0.1216	2.747477297431e+73
0.0176	0.1216	-1.1981825501403e+74
0.0198	0.1216	-3.51410135098048e+74
0.022	0.1216	-1.11085749232771e+75
0.0242	0.1216	3.14023796109352e+75
0.0264	0.1216	6.1231888032545e+75
0.0286	0.1216	4.88115463797268e+75
0.0308	0.1216	1.30121928202004e+77
0.033	0.1216	-2.4090201422538e+77
0.0352	0.1216	4.23032000381519e+77
0.0374	0.1216	-1.4601080422885e+78
0.0396	0.1216	1.8726432547179e+78
0.0418	0.1216	-2.88445590837585e+78
0.044	0.1216	9.85992031104773e+78
0.0462	0.1216	-5.91452122749319e+79
0.0484	0.1216	3.97206311735054e+80
0.0506	0.1216	-2.70197005853399e+81
0.0528	0.1216	1.81467895496987e+82
0.055	0.1216	-1.20242630388664e+83
0.0572	0.1216	7.84200908882267e+83
0.0594	0.1216	-5.01478713451767e+84
0.0616	0.1216	3.12679373655209e+85
0.0638	0.1216	-1.88520694459006e+86
0.066	0.1216	1.08537566165919e+87
0.0682	0.1216	-5.85111594448594e+87
0.0704	0.1216	2.85891703470605e+88
0.0726	0.1216	-1.19287369448077e+89
0.0748	0.1216	3.73427984586677e+89
0.077	0.1216	4.61559793558706e+89
0.0792	0.1216	4.92090353852008e+89
0.0814	0.1216	5.86622321005948e+89
0.0836	0.1216	6.31540471264598e+89
0.0858	0.1216	7.3439752978742e+89
0.088	0.1216	8.03044816117258e+89
0.0902	0.1216	9.28267124721049e+89
0.0924	0.1216	9.28669557378526e+89
0.0946	0.1216	1.03150898064003e+90
0.0968	0.1216	1.11174014869324e+90
0.099	0.1216	1.23226296500925e+90
0.1012	0.1216	1.33131110976256e+90
0.1034	0.1216	1.46893587334463e+90
0.1056	0.1216	1.59342863638722e+90
0.1078	0.1216	1.73675998416959e+90
0.11	0.1216	1.88603780585199e+90
0	0.1248	4.1921099379068e+69
0.0022	0.1248	-1.0401239566543e+70
0.0044	0.1248	1.26635885499749e+71
0.0066	0.1248	-4.98334678077587e+71
0.0088	0.1248	1.14567087867977e+72
0.011	0.1248	-8.06640965110067e+71
0.0132	0.1248	1.30502412916637e+73
0.0154	0.1248	1.57266043561445e+73
0.0176	0.1248	-9.03982085121262e+73
0.0198	0.1248	-4.54003949291693e+74
0.022	0.1248	-9.72079786488443e+74
0.0242	0.1248	2.71229823634422e+75
0.0264	0.1248	7.88171201324924e+75
0.0286	0.1248	5.86765566385819e+74
0.0308	0.1248	-2.79756040141631e+76
0.033	0.1248	5.42646811720619e+76
0.0352	0.1248	-1.04893502590807e+77
0.0374	0.1248	3.08803028955711e+77
0.0396	0.1248	-4.48510464914009e+77
0.0418	0.1248	9.79488420284252e+77
0.044	0.1248	-4.54702469227784e+78
0.0462	0.1248	2.86951560487464e+79
0.0484	0.1248	-1.89239941884363e+80
0.0506	0.1248	1.24381495583439e+81
0.0528	0.1248	-8.05541583115308e+81
0.055	0.1248	5.12878583517502e+82
0.0572	0.1248	-3.19912014944703e+83
0.0594	0.1248	1.94544514917616e+84
0.0616	0.1248	-1.1456256500263e+85
0.0638	0.1248	6.47078096968915e+85
0.066	0.1248	-3.45743686050355e+86
0.0682	0.1248	1.71154213592205e+87
0.0704	0.1248	-7.59339823429901e+87
0.0726	0.1248	2.85087936647387e+88
0.0748	0.1248	-8.11286294936298e+88
0.077	0.1248	-1.04877638293045e+89
0.0792	0.1248	-1.13579422615625e+89
0.0814	0.1248	-1.39314272206177e+89
0.0836	0.1248	-1.52229546941796e+89
0.0858	0.1248	-1.80543361255161e+89
0.088	0.1248	-2.0018384464146e+89
0.0902	0.1248	-2.34865505051953e+89
0.0924	0.1248	-2.37444760920389e+89
0.0946	0.1248	-2.66678946973627e+89
0.0968	0.1248	-2.90551793908186e+89
0.099	0.1248	-3.25046511964633e+89
0.1012	0.1248	-3.5458403050093e+89
0.1034	0.1248	-3.94333232623018e+89
0.1056	0.1248	-4.31403895783357e+89
0.1078	0.1248	-4.73617369630645e+89
0.11	0.1248	-5.18173632403512e+89
0	0.128	8.96321009953859e+69
0.0022	0.128	2.42349014416559e+70
0.0044	0.128	-2.36516274364693e+70
0.0066	0.128	-9.59004890689549e+70
0.0088	0.128	7.81157197151953e+70
0.011	0.128	2.0293468940159e+72
0.0132	0.128	6.59488056958789e+72
0.0154	0.128	3.61041762631608e+73
0.0176	0.128	-1.41403869653513e+74
0.0198	0.128	-3.56897924107025e+74
0.022	0.128	-1.33704460050446e+75
0.0242	0.128	3.57047075798561e+75
0.0264	0.128	-1.72117418090614e+75
0.0286	0.128	-4.6636165495122e+74
0.0308	0.128	6.095874810886e+75
0.033	0.128	-1.23366367071346e+76
0.0352	0.128	2.53190647773094e+76
0.0374	0.128	-6.79505083345293e+76
0.0396	0.128	1.20526414039412e+77
0.0418	0.128	-3.78387118893973e+77
0.044	0.128	2.06778609033022e+78
0.0462	0.128	-1.31119583822667e+79
0.0484	0.128	8.41843470767154e+79
0.0506	0.128	-5.3461255243652e+80
0.0528	0.128	3.33649768081535e+81
0.055	0.128	-2.03999815980264e+82
0.0572	0.128	1.21686220379495e+83
0.0594	0.128	-7.04209673166898e+83
0.0616	0.128	3.92421948448743e+84
0.0638	0.128	-2.0841305160578e+85
0.066	0.128	1.03970658551038e+86
0.0682	0.128	-4.7696116240981e+86
0.0704	0.128	1.94753575962031e+87
0.0726	0.128	-6.71432580354121e+87
0.0748	0.128	1.79166976933949e+88
0.077	0.128	2.42866964396549e+88
0.0792	0.128	2.67292795347548e+88
0.0814	0.128	3.36985402883291e+88
0.0836	0.128	3.73583376091838e+88
0.0858	0.128	4.51061496988049e+88
0.088	0.128	5.06599843664443e+88
0.0902	0.128	6.02098289986809e+88
0.0924	0.128	6.14958312740952e+88
0.0946	0.128	6.97287716916588e+88
0.0968	0.128	7.67049108907129e+88
0.099	0.128	8.64844289471205e+88
0.1012	0.128	9.51405942760395e+88
0.1034	0.128	1.06504781425241e+89
0.1056	0.128	1.17367812100975e+89
0.1078	0.128	1.29637172721816e+89
0.11	0.128	1.42730531880416e+89
0	0.1312	3.31514468747187e+69
0.0022	0.1312	1.01639097644905e+70
0.0044	0.1312	8.84968431339809e+70
0.0066	0.1312	-4.09197693204107e+71
0.0088	0.1312	8.59894682132599e+71
0.011	0.1312	6.62727995793557e+70
0.0132	0.1312	1.27153892276298e+73
0.0154	0.1312	2.39515761785656e+73
0.0176	0.1312	-1.05413688956846e+74
0.0198	0.1312	-4.94241498418171e+74
0.022	0.1312	3.43182048283709e+74
0.0242	0.1312	-6.98875766702717e+74
0.0264	0.1312	3.46143726571479e+74
0.0286	0.1312	1.67271807240838e+74
0.0308	0.1312	-1.34503708493472e+75
0.033	0.1312	2.82982105946219e+75
0.0352	0.1312	-6.0945803057803e+75
0.0374	0.1312	1.5989898656257e+76
0.0396	0.1312	-3.7171516633033e+76
0.0418	0.1312	1.5488330983446e+77
0.044	0.1312	-9.06137353605902e+77
0.0462	0.1312	5.66198238524003e+78
0.0484	0.1312	-3.52824045676658e+79
0.0506	0.1312	2.16503838144429e+80
0.0528	0.1312	-1.30215136327037e+81
0.055	0.1312	7.64835393931105e+81
0.0572	0.1312	-4.36677933314294e+82
0.0594	0.1312	2.40885492859217e+83
0.0616	0.1312	-1.27365444374393e+84
0.0638	0.1312	6.38594505157174e+84
0.066	0.1312	-2.99158106366738e+85
0.0682	0.1312	1.28209757651837e+86
0.0704	0.1312	-4.87306020119979e+86
0.0726	0.1312	1.56788605056595e+87
0.0748	0.1312	-4.00787295887814e+87
0.077	0.1312	-5.71046616151309e+87
0.0792	0.1312	-6.38878711912556e+87
0.0814	0.1312	-8.26862668417468e+87
0.0836	0.1312	-9.2948605201884e+87
0.0858	0.1312	-1.14053324178726e+88
0.088	0.1312	-1.29621702344805e+88
0.0902	0.1312	-1.55799461476247e+88
0.0924	0.1312	-1.60688212142784e+88
0.0946	0.1312	-1.83707309192058e+88
0.0968	0.1312	-2.03823424196368e+88
0.099	0.1312	-2.31345203322149e+88
0.1012	0.1312	-2.5638493168803e+88
0.1034	0.1312	-2.8861668626106e+88
0.1056	0.1312	-3.20064774326041e+88
0.1078	0.1312	-3.55362688106032e+88
0.11	0.1312	-3.93382401712271e+88
0	0.1344	1.98702869192031e+70
0.0022	0.1344	1.166207283979e+70
0.0044	0.1344	6.59407090902183e+69
0.0066	0.1344	-1.22468587604185e+71
0.0088	0.1344	-1.46089894981369e+70
0.011	0.1344	2.52243615368977e+72
0.0132	0.1344	7.12483944820125e+72
0.0154	0.1344	4.33492492850404e+73
0.0176	0.1344	-1.55192537223794e+74
0.0198	0.1344	1.10603324829008e+74
0.022	0.1344	-8.09699370190067e+73
0.0242	0.1344	1.37749144002651e+74
0.0264	0.1344	-6.81533141400627e+73
0.0286	0.1344	-4.95756395190913e+73
0.0308	0.1344	3.00608478319482e+74
0.033	0.1344	-6.57765035029717e+74
0.0352	0.1344	1.49943156171042e+75
0.0374	0.1344	-4.15263018826017e+75
0.0396	0.1344	1.28775561069298e+76
0.0418	0.1344	-6.38313310154391e+76
0.044	0.1344	3.80359235457801e+77
0.0462	0.1344	-2.32297825730635e+78
0.0484	0.1344	1.40361032396507e+79
0.0506	0.1344	-8.32562090958442e+79
0.0528	0.1344	4.82833367740824e+80
0.055	0.1344	-2.72686211961119e+81
0.0572	0.1344	1.49226441811593e+82
0.0594	0.1344	-7.86276438242667e+82
0.0616	0.1344	3.95603343007191e+83
0.0638	0.1344	-1.87996707296336e+84
0.066	0.1344	8.31422868574376e+84
0.0682	0.1344	-3.35258566686518e+85
0.0704	0.1344	1.1975862787606e+86
0.0726	0.1344	-3.6427165552084e+86
0.0748	0.1344	9.04732657073832e+86
0.077	0.1344	1.35857337434471e+87
0.0792	0.1344	1.5454792884405e+87
0.0814	0.1344	2.05095984531494e+87
0.0836	0.1344	2.33646757665525e+87
0.0858	0.1344	2.9092931185979e+87
0.088	0.1344	3.34277983053465e+87
0.0902	0.1344	4.05778044134456e+87
0.0924	0.1344	4.22399168185037e+87
0.0946	0.1344	4.86393779737834e+87
0.0968	0.1344	5.43812159803538e+87
0.099	0.1344	6.20808839185022e+87
0.1012	0.1344	6.92517387212595e+87
0.1034	0.1344	7.83350230996696e+87
0.1056	0.1344	8.73529384072972e+87
0.1078	0.1344	9.74253985589091e+87
0.11	0.1344	1.08361742156292e+88
0	0.1376	4.35774740956469e+69
0.0022	0.1376	3.12736030140121e+70
0.0044	0.1376	4.72347839244487e+70
0.0066	0.1376	-2.71556751435501e+71
0.0088	0.1376	4.23730474781567e+71
0.011	0.1376	1.2179270351184e+72
0.0132	0.1376	1.21896591225719e+73
0.0154	0.1376	-1.14767523453921e+73
0.0176	0.1376	3.08983896926074e+73
0.0198	0.1376	-2.36996889384541e+73
0.022	0.1376	1.85060171541968e+73
0.0242	0.1376	-2.72988722397388e+73
0.0264	0.1376	1.31262314930029e+73
0.0286	0.1376	1.35507645476154e+73
0.0308	0.1376	-6.82137971004099e+73
0.033	0.1376	1.56402625304844e+74
0.0352	0.1376	-3.87154932482074e+74
0.0374	0.1376	1.21047215329212e+75
0.0396	0.1376	-4.77468669573238e+75
0.0418	0.1376	2.58202210098698e+76
0.044	0.1376	-1.53026404041907e+77
0.0462	0.1376	9.10447396621202e+77
0.0484	0.1376	-5.33397160058163e+78
0.0506	0.1376	3.06023760202332e+79
0.0528	0.1376	-1.71274959780102e+80
0.055	0.1376	9.31190793445138e+80
0.0572	0.1376	-4.89238754349295e+81
0.0594	0.1376	2.4676314991826e+82
0.0616	0.1376	-1.1848327383264e+83
0.0638	0.1376	5.35655667430809e+83
0.066	0.1376	-2.24724467621297e+84
0.0682	0.1376	8.5795230353263e+84
0.0704	0.1376	-2.90380982819737e+85
0.0726	0.1376	8.4355923820865e+85
0.0748	0.1376	-2.0531485449871e+86
0.077	0.1376	-3.26029632079306e+86
0.0792	0.1376	-3.77227171042885e+86
0.0814	0.1376	-5.12811676956973e+86
0.0836	0.1376	-5.91761362141671e+86
0.0858	0.1376	-7.46790005750022e+86
0.088	0.1376	-8.66850500057221e+86
0.0902	0.1376	-1.06156964107318e+87
0.0924	0.1376	-1.1147458829949e+87
0.0946	0.1376	-1.29183452709823e+87
0.0968	0.1376	-1.45441696903969e+87
0.099	0.1376	-1.66879070350162e+87
0.1012	0.1376	-1.87251639097085e+87
0.1034	0.1376	-2.1271477728085e+87
0.1056	0.1376	-2.38377279554941e+87
0.1078	0.1376	-2.66929210620366e+87
0.11	0.1376	-2.9814839293091e+87
0	0.1408	1.56750309505631e+70
0.0022	0.1408	1.09236645965106e+70
0.0044	0.1408	2.98712224339165e+70
0.0066	0.1408	-9.68040291019072e+70
0.0088	0.1408	-1.83077736664494e+71
0.011	0.1408	2.72080453895457e+72
0.0132	0.1408	-2.6712523062967e+72
0.0154	0.1408	2.76765360618547e+72
0.0176	0.1408	-6.20393949965248e+72
0.0198	0.1408	5.06310225146002e+72
0.022	0.1408	-4.14059560533592e+72
0.0242	0.1408	5.43075317011516e+72
0.0264	0.1408	-2.46210055791082e+72
0.0286	0.1408	-3.56363435248563e+72
0.0308	0.1408	1.58021458559122e+73
0.033	0.1408	-3.85959601358107e+73
0.0352	0.1408	1.0729964041265e+74
0.0374	0.1408	-3.90957268784949e+74
0.0396	0.1408	1.81364720316851e+75
0.0418	0.1408	-1.01495667191251e+76
0.044	0.1408	5.91746973635592e+76
0.0462	0.1408	-3.42566111047979e+77
0.0484	0.1408	1.94673783147297e+78
0.0506	0.1408	-1.08116546691421e+79
0.0528	0.1408	5.84571620120147e+79
0.055	0.1408	-3.06367869938397e+80
0.0572	0.1408	1.54800538304192e+81
0.0594	0.1408	-7.4905269070237e+81
0.0616	0.1408	3.44175812558172e+82
0.0638	0.1408	-1.48543711591442e+83
0.066	0.1408	5.9375241871953e+83
0.0682	0.1408	-2.15802370366091e+84
0.0704	0.1408	6.9679808095671e+84
0.0726	0.1408	-1.94826629206428e+85
0.0748	0.1408	4.66558766318337e+85
0.077	0.1408	7.87080467551621e+85
0.0792	0.1408	9.26681822337314e+85
0.0814	0.1408	1.28962373082347e+86
0.0836	0.1408	1.50688941202449e+86
0.0858	0.1408	1.92546415209264e+86
0.088	0.1408	2.25656239958162e+86
0.0902	0.1408	2.78556399735357e+86
0.0924	0.1408	2.94933743124613e+86
0.0946	0.1408	3.43751773239565e+86
0.0968	0.1408	3.89490633250813e+86
0.099	0.1408	4.48937254174025e+86
0.1012	0.1408	5.06441977412737e+86
0.1034	0.1408	5.77508742235576e+86
0.1056	0.1408	6.50080747218815e+86
0.1078	0.1408	7.30570091779853e+86
0.11	0.1408	8.19129642553735e+86
0	0.144	-9.5667629488935e+69
0.0022	0.144	7.7301367178209e+70
0.0044	0.144	-3.3680322379855e+70
0.0066	0.144	-7.88425099625453e+68
0.0088	0.144	6.00309518370153e+70
0.011	0.144	-5.38460476178613e+71
0.0132	0.144	5.7351838337011e+71
0.0154	0.144	-6.42916103738831e+71
0.0176	0.144	1.25646003102501e+72
0.0198	0.144	-1.07895036638998e+72
0.022	0.144	9.12084854750876e+71
0.0242	0.144	-1.08262916803007e+72
0.0264	0.144	4.450307889106e+71
0.0286	0.144	9.23341747214141e+71
0.0308	0.144	-3.77141611068978e+72
0.033	0.144	1.00506496884888e+73
0.0352	0.144	-3.2193454278829e+73
0.0374	0.144	1.35157215320122e+74
0.0396	0.144	-6.86950939701374e+74
0.0418	0.144	3.86684366410187e+75
0.044	0.144	-2.20683785696178e+76
0.0462	0.144	1.24281149248099e+77
0.0484	0.144	-6.85496349411266e+77
0.0506	0.144	3.68858957238349e+78
0.0528	0.144	-1.92885410025002e+79
0.055	0.144	9.7582225230088e+79
0.0572	0.144	-4.75002406510351e+80
0.0594	0.144	2.20972365357714e+81
0.0616	0.144	-9.74155737262295e+81
0.0638	0.144	4.02656249663235e+82
0.066	0.144	-1.53947434910074e+83
0.0682	0.144	5.35224147699876e+83
0.0704	0.144	-1.65796056122108e+84
0.0726	0.144	4.48635771730815e+84
0.0748	0.144	-1.05729798266475e+85
0.077	0.144	-1.90711667999221e+85
0.0792	0.144	-2.28639652233046e+85
0.0814	0.144	-3.25631865579908e+85
0.0836	0.144	-3.85190009880524e+85
0.0858	0.144	-4.97982022663893e+85
0.088	0.144	-5.88968297618169e+85
0.0902	0.144	-7.32391173509257e+85
0.0924	0.144	-7.81537816412951e+85
0.0946	0.144	-9.15683431525711e+85
0.0968	0.144	-1.04367570466173e+86
0.099	0.144	-1.20796453336152e+86
0.1012	0.144	-1.36941046016976e+86
0.1034	0.144	-1.56701486495935e+86
0.1056	0.144	-1.77117264246693e+86
0.1078	0.144	-1.99702158988213e+86
0.11	0.144	-2.24691439882804e+86
0	0.1472	2.23129890720333e+70
0.0022	0.1472	-2.33379560629615e+69
0.0044	0.1472	4.68979309268345e+70
0.0066	0.1472	1.07418918756796e+69
0.0088	0.1472	-1.90668958540558e+70
0.011	0.1472	1.09141193479457e+71
0.0132	0.1472	-1.23373419635025e+71
0.0154	0.1472	1.45814276774391e+71
0.0176	0.1472	-2.56421008685744e+71
0.0198	0.1472	2.2944561111184e+71
0.022	0.1472	-1.98508593833902e+71
0.0242	0.1472	2.15822410542516e+71
0.0264	0.1472	-7.56296162730853e+70
0.0286	0.1472	-2.39918791015883e+71
0.0308	0.1472	9.38776959729836e+71
0.033	0.1472	-2.79737472441412e+72
0.0352	0.1472	1.03528970572763e+73
0.0374	0.1472	-4.82677211622537e+73
0.0396	0.1472	2.56019189604277e+74
0.0418	0.1472	-1.42869609930379e+75
0.044	0.1472	7.96422671561457e+75
0.0462	0.1472	-4.36425409028392e+76
0.0484	0.1472	2.33809359507323e+77
0.0506	0.1472	-1.22010405426393e+78
0.0528	0.1472	6.17770259819683e+78
0.055	0.1472	-3.02111379475891e+79
0.0572	0.1472	1.41910993084323e+80
0.0594	0.1472	-6.35970692528663e+80
0.0616	0.1472	2.69652179371608e+81
0.0638	0.1472	-1.07055204311948e+82
0.066	0.1472	3.92867766210468e+82
0.0682	0.1472	-1.31189178810803e+83
0.0704	0.1472	3.91605001042555e+83
0.0726	0.1472	-1.02886779235684e+84
0.0748	0.1472	2.37772718548916e+84
0.077	0.1472	4.62820745567722e+84
0.0792	0.1472	5.65566538015946e+84
0.0814	0.1472	8.24410923345252e+84
0.0836	0.1472	9.87150332238721e+84
0.0858	0.1472	1.29058859246056e+85
0.088	0.1472	1.53988783835349e+85
0.0902	0.1472	1.92807476815486e+85
0.0924	0.1472	2.07282817853866e+85
0.0946	0.1472	2.44045811087755e+85
0.0968	0.1472	2.797036227881e+85
0.099	0.1472	3.24977106682598e+85
0.1012	0.1472	3.70101208427632e+85
0.1034	0.1472	4.24871958013191e+85
0.1056	0.1472	4.8205309628561e+85
0.1078	0.1472	5.45176196896446e+85
0.11	0.1472	6.15375545767696e+85
0	0.1504	-2.61075018868311e+70
0.0022	0.1504	7.38661898722253e+69
0.0044	0.1504	-9.40199575658143e+69
0.0066	0.1504	-1.25864232633156e+68
0.0088	0.1504	5.21813388128568e+69
0.011	0.1504	-2.23772926320869e+70
0.0132	0.1504	2.65627566253361e+70
0.0154	0.1504	-3.25374807151877e+70
0.0176	0.1504	5.26778356310715e+70
0.0198	0.1504	-4.87072106713527e+70
0.022	0.1504	4.27833917609897e+70
0.0242	0.1504	-4.29019199061013e+70
0.0264	0.1504	1.13107608107279e+70
0.0286	0.1504	6.35153736819797e+70
0.0308	0.1504	-2.46897379152146e+71
0.033	0.1504	8.34552613924946e+71
0.0352	0.1504	-3.49461504403915e+72
0.0374	0.1504	1.73815713450846e+73
0.0396	0.1504	-9.34547050624182e+73
0.0418	0.1504	5.13239950658543e+74
0.044	0.1504	-2.79206689228959e+75
0.0462	0.1504	1.48932140922673e+76
0.0484	0.1504	-7.75521670380453e+76
0.0506	0.1504	3.92818206575369e+77
0.0528	0.1504	-1.92787359324694e+78
0.055	0.1504	9.125347451386e+78
0.0572	0.1504	-4.14282232852326e+79
0.0594	0.1504	1.79184721049814e+80
0.0616	0.1504	-7.32320330645198e+80
0.0638	0.1504	2.79984805548042e+81
0.066	0.1504	-9.8922302110019e+81
0.0682	0.1504	3.18354787313226e+82
0.0704	0.1504	-9.18750545727434e+82
0.0726	0.1504	2.34680443639386e+83
0.0748	0.1504	-5.28775403270512e+83
0.077	0.1504	-1.12435728507412e+84
0.0792	0.1504	-1.40209983292306e+84
0.0814	0.1504	-2.09226134340094e+84
0.0836	0.1504	-2.53590497897664e+84
0.0858	0.1504	-3.35138828472708e+84
0.088	0.1504	-4.03298846701715e+84
0.0902	0.1504	-5.08242929591903e+84
0.0924	0.1504	-5.5028910217538e+84
0.0946	0.1504	-6.50830141534856e+84
0.0968	0.1504	-7.49829081943442e+84
0.099	0.1504	-8.7431910199942e+84
0.1012	0.1504	-1.00000226676688e+85
0.1034	0.1504	-1.15144757630169e+85
0.1056	0.1504	-1.31106125953852e+85
0.1078	0.1504	-1.48695257858358e+85
0.11	0.1504	-1.6834772049233e+85
0	0.1536	5.61243264509153e+69
0.0022	0.1536	-1.31780241856123e+69
0.0044	0.1536	1.6800148433991e+69
0.0066	0.1536	3.3826246683545e+67
0.0088	0.1536	-1.32630743142664e+69
0.011	0.1536	4.63846843806334e+69
0.0132	0.1536	-5.73181398864931e+69
0.0154	0.1536	7.19050154061259e+69
0.0176	0.1536	-1.08999063305092e+70
0.0198	0.1536	1.03400888557047e+70
0.022	0.1536	-9.15673572695729e+69
0.0242	0.1536	8.47639680315848e+69
0.0264	0.1536	-1.13014768229454e+69
0.0286	0.1536	-1.74548173576764e+70
0.0308	0.1536	6.96005278243287e+70
0.033	0.1536	-2.66404812963147e+71
0.0352	0.1536	1.22152451206161e+72
0.0374	0.1536	-6.27892327215656e+72
0.0396	0.1536	3.36539121900311e+73
0.0418	0.1536	-1.81124305132539e+74
0.044	0.1536	9.60788785244955e+74
0.0462	0.1536	-4.98822669640635e+75
0.0484	0.1536	2.52504288796979e+76
0.0506	0.1536	-1.24185729113616e+77
0.0528	0.1536	5.91075358670119e+77
0.055	0.1536	-2.70999634038529e+78
0.0572	0.1536	1.19027759633945e+79
0.0594	0.1536	-4.97504374205414e+79
0.0616	0.1536	1.96305317542063e+80
0.0638	0.1536	-7.24185384428219e+80
0.066	0.1536	2.46904919256685e+81
0.0682	0.1536	-7.67669662834703e+81
0.0704	0.1536	2.14588108239902e+82
0.0726	0.1536	-5.32356166733689e+82
0.0748	0.1536	1.15741545817322e+83
0.077	0.1536	2.73970292473296e+83
0.0792	0.1536	3.49301642018164e+83
0.0814	0.1536	5.34021171899459e+83
0.0836	0.1536	6.55266882578151e+83
0.0858	0.1536	8.75173774250486e+83
0.088	0.1536	1.06205054674541e+84
0.0902	0.1536	1.34673706709533e+84
0.0924	0.1536	1.46822283390793e+84
0.0946	0.1536	1.74403439055176e+84
0.0968	0.1536	2.01950378255325e+84
0.099	0.1536	2.36287209265111e+84
0.1012	0.1536	2.7137536570857e+84
0.1034	0.1536	3.13373378689906e+84
0.1056	0.1536	3.58034005896417e+84
0.1078	0.1536	4.0717186251167e+84
0.11	0.1536	4.62321960466977e+84
0	0.1568	-1.22974353279444e+69
0.0022	0.1568	2.87278950662368e+68
0.0044	0.1568	-2.98573102157945e+68
0.0066	0.1568	-2.20750734253814e+67
0.0088	0.1568	3.45476819469462e+68
0.011	0.1568	-1.01313351629215e+69
0.0132	0.1568	1.29002223732418e+69
0.0154	0.1568	-1.64141370555468e+69
0.0176	0.1568	2.3546421076759e+69
0.0198	0.1568	-2.27955716402051e+69
0.022	0.1568	2.02100209035724e+69
0.0242	0.1568	-1.70615805783691e+69
0.0264	0.1568	-1.58544008993597e+68
0.0286	0.1568	5.35248752254099e+69
0.0308	0.1568	-2.24908578793181e+70
0.033	0.1568	9.62300164501046e+70
0.0352	0.1568	-4.68311015735927e+71
0.0374	0.1568	2.43358926148012e+72
0.0396	0.1568	-1.28656164708177e+73
0.0418	0.1568	6.75867020259626e+73
0.044	0.1568	-3.48780842442884e+74
0.0462	0.1568	1.75898526933707e+75
0.0484	0.1568	-8.6392532114542e+75
0.0506	0.1568	4.11804668740343e+76
0.0528	0.1568	-1.8975652802789e+77
0.055	0.1568	8.41367675833451e+77
0.0572	0.1568	-3.57010552466575e+78
0.0594	0.1568	1.44028347351747e+79
0.0616	0.1568	-5.48145154013567e+79
0.0638	0.1568	1.94970594523307e+80
0.066	0.1568	-6.40992758961375e+80
0.0682	0.1568	1.92262799592783e+81
0.0704	0.1568	-5.18037034528821e+81
0.0726	0.1568	1.22569678856941e+82
0.0748	0.1568	-2.38538358398214e+82
0.077	0.1568	-6.85941166462341e+82
0.0792	0.1568	-9.03773396613329e+82
0.0814	0.1568	-1.43004837415459e+83
0.0836	0.1568	-1.78387198790026e+83
0.0858	0.1568	-2.41629938542353e+83
0.088	0.1568	-2.96338782821857e+83
0.0902	0.1568	-3.78725922875002e+83
0.0924	0.1568	-4.16088402028439e+83
0.0946	0.1568	-4.96904967861566e+83
0.0968	0.1568	-5.78794540031305e+83
0.099	0.1568	-6.79918551784199e+83
0.1012	0.1568	-7.8456325650731e+83
0.1034	0.1568	-9.08907769143018e+83
0.1056	0.1568	-1.04229207529876e+84
0.1078	0.1568	-1.18880210418224e+84
0.11	0.1568	-1.3540512389234e+84
0	0.16	4.70446477718011e+68
0.0022	0.16	-1.54878630674633e+68
0.0044	0.16	1.06419230571175e+68
0.0066	0.16	1.85126955806756e+65
0.0088	0.16	-1.61054140900861e+68
0.011	0.16	4.16759986445585e+68
0.0132	0.16	-5.35189851997704e+68
0.0154	0.16	6.81344323555533e+68
0.0176	0.16	-9.38234961310556e+68
0.0198	0.16	9.21026436134856e+68
0.022	0.16	-8.14063544923086e+68
0.0242	0.16	6.29334989601103e+68
0.0264	0.16	2.41168938785621e+68
0.0286	0.16	-2.89596560348259e+69
0.0308	0.16	1.27379880525874e+70
0.033	0.16	-5.80445095058889e+70
0.0352	0.16	2.89761769834118e+71
0.0374	0.16	-1.50519174360161e+72
0.0396	0.16	7.86098658835853e+72
0.0418	0.16	-4.05906521962418e+73
0.044	0.16	2.05487884113686e+74
0.0462	0.16	-1.01544812224511e+75
0.0484	0.16	4.88185749601245e+75
0.0506	0.16	-2.2754425510647e+76
0.0528	0.16	1.02419611020823e+77
0.055	0.16	-4.43128580916341e+77
0.0572	0.16	1.83291063841697e+78
0.0594	0.16	-7.20139597889833e+78
0.0616	0.16	2.66702980236139e+79
0.0638	0.16	-9.22612784085642e+79
0.066	0.16	2.94915786628486e+80
0.0682	0.16	-8.59923540757271e+80
0.0704	0.16	2.25018341274608e+81
0.0726	0.16	-5.14772943769144e+81
0.0748	0.16	9.59772371140616e+81
0.077	0.16	3.20300797335798e+82
0.0792	0.16	4.31246253787595e+82
0.0814	0.16	6.96828374696004e+82
0.0836	0.16	8.78653681662501e+82
0.0858	0.16	1.19972083937558e+83
0.088	0.16	1.48125306911252e+83
0.0902	0.16	1.90219580046816e+83
0.0924	0.16	2.10164576677334e+83
0.0946	0.16	2.51780231988116e+83
0.0968	0.16	2.94404301990593e+83
0.099	0.16	3.46713997118535e+83
0.1012	0.16	4.01328175626461e+83
0.1034	0.16	4.65995774171937e+83
0.1056	0.16	5.35816615166692e+83
0.1078	0.16	6.12443951782861e+83
0.11	0.16	6.991659615087e+83
