0	0	2.41186387197059e+49
0.0022	0	-1.40539323961338e+48
0.0044	0	9.71247919154033e+48
0.0066	0	-5.69084938700782e+49
0.0088	0	1.45406013997448e+50
0.011	0	-7.7839328675654e+49
0.0132	0	5.51583870196183e+49
0.0154	0	-7.38315809475937e+49
0.0176	0	5.88653942592669e+50
0.0198	0	-5.26733562514608e+50
0.022	0	3.87951285821992e+50
0.0242	0	-4.29846952814823e+50
0.0264	0	-6.24771207407572e+49
0.0286	0	1.53137885287753e+51
0.0308	0	-3.60701680525657e+51
0.033	0	5.00123596545717e+51
0.0352	0	-7.03988294790438e+51
0.0374	0	1.05029406211625e+52
0.0396	0	-9.04958586808114e+51
0.0418	0	-5.33647083471482e+50
0.044	0	2.77823125000572e+52
0.0462	0	-1.14078384491007e+53
0.0484	0	3.93120418706981e+53
0.0506	0	-1.16454000146118e+54
0.0528	0	2.52174067056041e+54
0.055	0	-1.3390832912714e+53
0.0572	0	-4.15580953597421e+55
0.0594	0	3.28748701784059e+56
0.0616	0	-1.88679003585153e+57
0.0638	0	9.37048425951272e+57
0.066	0	-4.270774051279e+58
0.0682	0	1.84021299163136e+59
0.0704	0	-7.62713110160196e+59
0.0726	0	3.05519921348265e+60
0.0748	0	-1.165810126874e+61
0.077	0	-1.04742858483786e+61
0.0792	0	-8.75174705306348e+60
0.0814	0	1.04785090646253e+61
0.0836	0	-1.09384007360869e+60
0.0858	0	4.73403604364748e+60
0.088	0	6.09718626375528e+61
0.0902	0	1.19069008172114e+61
0.0924	0	-4.49019715763035e+61
0.0946	0	-3.96363563628629e+61
0.0968	0	-2.791259412107e+61
0.099	0	-2.004742686469e+61
0.1012	0	-1.33579671129719e+61
0.1034	0	-8.83581743052807e+60
0.1056	0	-6.18980709375749e+60
0.1078	0	-3.76281433155526e+60
0.11	0	-1.91896903315792e+60
0	0.0032	9.35577732831907e+48
0.0022	0.0032	4.58968077292344e+49
0.0044	0.0032	-1.41173767732478e+49
0.0066	0.0032	1.27224455730981e+50
0.0088	0.0032	-3.87715244049918e+50
0.011	0.0032	1.85316282728258e+50
0.0132	0.0032	-1.24761473244714e+50
0.0154	0.0032	7.40422904018843e+49
0.0176	0.0032	-1.5537029267712e+51
0.0198	0.0032	1.30900760540874e+51
0.022	0.0032	-9.17330907526829e+50
0.0242	0.0032	1.16982293137219e+51
0.0264	0.0032	-6.93193251958362e+49
0.0286	0.0032	-3.5971298168344e+51
0.0308	0.0032	8.94018419922477e+51
0.033	0.0032	-1.20894746580331e+52
0.0352	0.0032	1.69387973451291e+52
0.0374	0.0032	-2.67479761882421e+52
0.0396	0.0032	2.40026659448081e+52
0.0418	0.0032	-2.85584246128508e+51
0.044	0.0032	-5.43083198604426e+52
0.0462	0.0032	2.35548070112701e+53
0.0484	0.0032	-8.54631974729979e+53
0.0506	0.0032	2.74778452264905e+54
0.0528	0.0032	-7.18904784615836e+54
0.055	0.0032	1.00540144339694e+55
0.0572	0.0032	4.23523766361298e+55
0.0594	0.0032	-5.00044428310679e+56
0.0616	0.0032	3.20069558293479e+57
0.0638	0.0032	-1.67361676676244e+58
0.066	0.0032	7.85409989079722e+58
0.0682	0.0032	-3.45517018933677e+59
0.0704	0.0032	1.47007439267405e+60
0.0726	0.0032	-6.24093122220025e+60
0.0748	0.0032	2.74686534745852e+61
0.077	0.0032	2.53579799402366e+61
0.0792	0.0032	2.24908476113446e+61
0.0814	0.0032	-1.58140597772309e+61
0.0836	0.0032	7.00701913105383e+60
0.0858	0.0032	-4.9301567379102e+60
0.088	0.0032	-1.18025851308888e+62
0.0902	0.0032	-2.09702221030201e+61
0.0924	0.0032	9.27875518293754e+61
0.0946	0.0032	8.18648191157963e+61
0.0968	0.0032	5.84774705295318e+61
0.099	0.0032	4.24869760894831e+61
0.1012	0.0032	2.89590599034888e+61
0.1034	0.0032	1.96864314701383e+61
0.1056	0.0032	1.38301308299475e+61
0.1078	0.0032	8.88631006527308e+60
0.11	0.0032	4.89347051175446e+60
0	0.0064	-5.13096919622285e+49
0.0022	0.0064	1.19451325696001e+50
0.0044	0.0064	-6.05728313030838e+49
0.0066	0.0064	-4.83135588479192e+50
0.0088	0.0064	1.95122805706096e+51
0.011	0.0064	-7.94657332914688e+50
0.0132	0.0064	5.42865387590416e+50
0.0154	0.0064	3.65637191500281e+50
0.0176	0.0064	7.69323471968119e+51
0.0198	0.0064	-5.96241716699363e+51
0.022	0.0064	3.86096666962564e+51
0.0242	0.0064	-5.88478785665166e+51
0.0264	0.0064	1.56533876878731e+51
0.0286	0.0064	1.52578346900774e+52
0.0308	0.0064	-4.0914645438095e+52
0.033	0.0064	5.33828097954816e+52
0.0352	0.0064	-7.38369034830586e+52
0.0374	0.0064	1.25687293706151e+53
0.0396	0.0064	-1.16804101955538e+53
0.0418	0.0064	3.16034417017137e+52
0.044	0.0064	1.8010257228891e+53
0.0462	0.0064	-8.38788725002674e+53
0.0484	0.0064	3.22158538534449e+54
0.0506	0.0064	-1.12218095539021e+55
0.0528	0.0064	3.39311117863316e+55
0.055	0.0064	-7.68443862680767e+55
0.0572	0.0064	2.99730276323079e+55
0.0594	0.0064	1.05176234217567e+57
0.0616	0.0064	-8.65644689577183e+57
0.0638	0.0064	4.97081136890361e+58
0.066	0.0064	-2.43689494260912e+59
0.0682	0.0064	1.08756847751702e+60
0.0704	0.0064	-4.56599684298471e+60
0.0726	0.0064	1.84322980205267e+61
0.0748	0.0064	-7.30002836384867e+61
0.077	0.0064	-6.75543861654328e+61
0.0792	0.0064	-5.76326021805932e+61
0.0814	0.0064	7.5101690875248e+61
0.0836	0.0064	-3.8385632271966e+60
0.0858	0.0064	3.61748107617453e+61
0.088	0.0064	4.33910956773913e+62
0.0902	0.0064	9.62073877728164e+61
0.0924	0.0064	-3.03179905128664e+62
0.0946	0.0064	-2.6806366560997e+62
0.0968	0.0064	-1.88847624668466e+62
0.099	0.0064	-1.35682817967258e+62
0.1012	0.0064	-9.19802733430461e+61
0.1034	0.0064	-6.35412159014716e+61
0.1056	0.0064	-4.61591315064535e+61
0.1078	0.0064	-3.15725543535227e+61
0.11	0.0064	-2.09267313003131e+61
0	0.0096	-4.57938733332987e+49
0.0022	0.0096	4.3618721202134e+49
0.0044	0.0096	2.07457845259711e+50
0.0066	0.0096	-1.25390250966757e+51
0.0088	0.0096	3.69529879307836e+51
0.011	0.0096	3.0502368530608e+51
0.0132	0.0096	-2.80292772246049e+51
0.0154	0.0096	-5.64518289874325e+51
0.0176	0.0096	-3.98981490186975e+52
0.0198	0.0096	2.81564106607971e+52
0.022	0.0096	-1.63944373046945e+52
0.0242	0.0096	3.03550313054652e+52
0.0264	0.0096	-1.32306618869481e+52
0.0286	0.0096	-6.68694168126113e+52
0.0308	0.0096	1.96085579340818e+53
0.033	0.0096	-2.45487011316002e+53
0.0352	0.0096	3.31569173557198e+53
0.0374	0.0096	-6.13595128899924e+53
0.0396	0.0096	5.8224930189337e+53
0.0418	0.0096	-2.12467183905898e+53
0.044	0.0096	-6.16558749568943e+53
0.0462	0.0096	3.0758268202748e+54
0.0484	0.0096	-1.23700802267441e+55
0.0506	0.0096	4.57222810263724e+55
0.0528	0.0096	-1.51271841489678e+56
0.055	0.0096	4.14929502577563e+56
0.0572	0.0096	-6.94831635067143e+56
0.0594	0.0096	-1.54405535274186e+57
0.0616	0.0096	2.34677269593699e+58
0.0638	0.0096	-1.55401103069842e+59
0.066	0.0096	8.13855270264472e+59
0.0682	0.0096	-3.76828670649159e+60
0.0704	0.0096	1.61485563577805e+61
0.0726	0.0096	-6.55874532535045e+61
0.0748	0.0096	2.54821279482421e+62
0.077	0.0096	2.37794461971791e+62
0.0792	0.0096	2.01809315955206e+62
0.0814	0.0096	-2.89214450205356e+62
0.0836	0.0096	1.50717445650763e+60
0.0858	0.0096	-1.43750873026798e+62
0.088	0.0096	-1.6272464355562e+63
0.0902	0.0096	-3.80046393239893e+62
0.0924	0.0096	1.10764699816783e+63
0.0946	0.0096	9.84974633437911e+62
0.0968	0.0096	6.96271116797554e+62
0.099	0.0096	5.03019764734298e+62
0.1012	0.0096	3.44336474675875e+62
0.1034	0.0096	2.42060887025243e+62
0.1056	0.0096	1.79743476084374e+62
0.1078	0.0096	1.28558982347648e+62
0.11	0.0096	9.12462094569806e+61
0	0.0128	-3.61774730672641e+49
0.0022	0.0128	-2.5284584129591e+49
0.0044	0.0128	4.13291098641015e+50
0.0066	0.0128	-1.55354963914466e+51
0.0088	0.0128	3.82889528427909e+51
0.011	0.0128	4.73133050647055e+51
0.0132	0.0128	1.58697636647056e+52
0.0154	0.0128	5.00272504380131e+52
0.0176	0.0128	2.09826548167796e+53
0.0198	0.0128	-1.32727206458649e+53
0.022	0.0128	6.63404315082509e+52
0.0242	0.0128	-1.55864694687338e+53
0.0264	0.0128	9.14629794799973e+52
0.0286	0.0128	2.89103299850567e+53
0.0308	0.0128	-9.4842812849693e+53
0.033	0.0128	1.13099792425297e+54
0.0352	0.0128	-1.46862181551059e+54
0.0374	0.0128	3.00597301373553e+54
0.0396	0.0128	-2.88554903312924e+54
0.0418	0.0128	1.23100209287062e+54
0.044	0.0128	2.06143818679753e+54
0.0462	0.0128	-1.1049163935854e+55
0.0484	0.0128	4.63350263901575e+55
0.0506	0.0128	-1.80263567227655e+56
0.0528	0.0128	6.39316035331762e+56
0.055	0.0128	-1.9736391406798e+57
0.0572	0.0128	4.64185364179382e+57
0.0594	0.0128	-2.95799865537424e+57
0.0616	0.0128	-5.42788383367658e+58
0.0638	0.0128	4.64803477776127e+59
0.066	0.0128	-2.67270049782872e+60
0.0682	0.0128	1.2990195620983e+61
0.0704	0.0128	-5.73334694510528e+61
0.0726	0.0128	2.37782201231442e+62
0.0748	0.0128	-9.37384325470121e+62
0.077	0.0128	-8.84229625132397e+62
0.0792	0.0128	-7.51450466553525e+62
0.0814	0.0128	1.07542665455481e+63
0.0836	0.0128	3.19647954295807e+60
0.0858	0.0128	5.3679085562832e+62
0.088	0.0128	6.09745914554377e+63
0.0902	0.0128	1.47378895785213e+63
0.0924	0.0128	-4.09122078777012e+63
0.0946	0.0128	-3.65964513651454e+63
0.0968	0.0128	-2.6012931857568e+63
0.099	0.0128	-1.89448871359728e+63
0.1012	0.0128	-1.31203822764125e+63
0.1034	0.0128	-9.38203013667097e+62
0.1056	0.0128	-7.10323413935767e+62
0.1078	0.0128	-5.24513589496263e+62
0.11	0.0128	-3.88669176590156e+62
0	0.016	2.68666962467642e+49
0.0022	0.016	-1.48399678713143e+50
0.0044	0.016	6.41086232937644e+50
0.0066	0.016	-1.91197263792716e+51
0.0088	0.016	3.90971218001624e+51
0.011	0.016	6.94517471021377e+51
0.0132	0.016	1.13721007088606e+52
0.0154	0.016	7.61641524182603e+52
0.0176	0.016	-1.12624032768056e+54
0.0198	0.016	6.23212141492354e+53
0.022	0.016	-2.46352710321133e+53
0.0242	0.016	7.9734360193305e+53
0.0264	0.016	-5.75945279629609e+53
0.0286	0.016	-1.22073991856146e+54
0.0308	0.016	4.62614840116098e+54
0.033	0.016	-5.21624174788258e+54
0.0352	0.016	6.365035269284e+54
0.0374	0.016	-1.4772093855256e+55
0.0396	0.016	1.42299874840035e+55
0.0418	0.016	-6.618614659938e+54
0.044	0.016	-6.72359508628259e+54
0.0462	0.016	3.87573202032446e+55
0.0484	0.016	-1.69057114445563e+56
0.0506	0.016	6.89409221738092e+56
0.0528	0.016	-2.5930945849889e+57
0.055	0.016	8.72671470412546e+57
0.0572	0.016	-2.44461230746431e+58
0.0594	0.016	4.31637102505562e+58
0.0616	0.016	7.44568567398062e+58
0.0638	0.016	-1.27766040537233e+60
0.066	0.016	8.49898892401256e+60
0.0682	0.016	-4.40887390021188e+61
0.0704	0.016	2.01961444915508e+62
0.0726	0.016	-8.61989945450867e+62
0.0748	0.016	3.50883396636842e+63
0.077	0.016	3.34967273580389e+63
0.0792	0.016	2.86055198525275e+63
0.0814	0.016	-3.94242893152418e+63
0.0836	0.016	1.14281047205877e+61
0.0858	0.016	-1.95113582013737e+63
0.088	0.016	-2.28016616029796e+64
0.0902	0.016	-5.65919682738712e+63
0.0924	0.016	1.51577027860655e+64
0.0946	0.016	1.36366230391396e+64
0.0968	0.016	9.75240186330022e+63
0.099	0.016	7.16056560825402e+63
0.1012	0.016	5.0163726613661e+63
0.1034	0.016	3.64146770537039e+63
0.1056	0.016	2.80380533852575e+63
0.1078	0.016	2.11981137749431e+63
0.11	0.016	1.61774758789762e+63
0	0.0192	7.35145451718448e+48
0.0022	0.0192	-1.03182081781139e+50
0.0044	0.0192	4.36466413098012e+50
0.0066	0.0192	-9.22597022001109e+50
0.0088	0.0192	1.90621518501585e+50
0.011	0.0192	1.98501468631724e+52
0.0132	0.0192	-2.40427544318475e+52
0.0154	0.0192	1.85916314574166e+53
0.0176	0.0192	-1.51871671044972e+54
0.0198	0.0192	-2.72607954886113e+54
0.022	0.0192	7.64275135064972e+53
0.0242	0.0192	-4.06653748205983e+54
0.0264	0.0192	3.42952341567601e+54
0.0286	0.0192	4.96517839959707e+54
0.0308	0.0192	-2.27733278388864e+55
0.033	0.0192	2.41199034471697e+55
0.0352	0.0192	-2.67173433759392e+55
0.0374	0.0192	7.29002430448742e+55
0.0396	0.0192	-6.99317008887766e+55
0.0418	0.0192	3.40386012124496e+55
0.044	0.0192	2.16253906310158e+55
0.0462	0.0192	-1.3266706754367e+56
0.0484	0.0192	6.00730834701208e+56
0.0506	0.0192	-2.56259875023415e+57
0.0528	0.0192	1.01604122957534e+58
0.055	0.0192	-3.66556578281291e+58
0.0572	0.0192	1.15181292864251e+59
0.0594	0.0192	-2.77231167689325e+59
0.0616	0.0192	2.10609548645832e+59
0.0638	0.0192	2.95561300830252e+60
0.066	0.0192	-2.56947466585572e+61
0.0682	0.0192	1.46054724132228e+62
0.0704	0.0192	-6.99122277760233e+62
0.0726	0.0192	3.06909972022582e+63
0.0748	0.0192	-1.28729596346569e+64
0.077	0.0192	-1.24340568838666e+64
0.0792	0.0192	-1.06365992249355e+64
0.0814	0.0192	1.4686880796282e+64
0.0836	0.0192	1.02428376820254e+62
0.0858	0.0192	7.3069923631073e+63
0.088	0.0192	8.54808485941985e+64
0.0902	0.0192	2.19181051414377e+64
0.0924	0.0192	-5.59574938934307e+64
0.0946	0.0192	-5.06208662873578e+64
0.0968	0.0192	-3.63753046349069e+64
0.099	0.0192	-2.6882382512866e+64
0.1012	0.0192	-1.90020419989542e+64
0.1034	0.0192	-1.39565220260773e+64
0.1056	0.0192	-1.08893148517844e+64
0.1078	0.0192	-8.38105715341057e+63
0.11	0.0192	-6.53639692859251e+63
0	0.0224	3.57528479760601e+49
0.0022	0.0224	-1.62739397054217e+50
0.0044	0.0224	5.41001969410438e+50
0.0066	0.0224	-1.05216636580666e+51
0.0088	0.0224	8.36396311909359e+49
0.011	0.0224	2.10197492814029e+52
0.0132	0.0224	-1.90875055080667e+52
0.0154	0.0224	1.6826895325253e+53
0.0176	0.0224	-1.39280765156574e+54
0.0198	0.0224	-3.5472160227096e+54
0.022	0.0224	-1.00236698905026e+54
0.0242	0.0224	2.07008759804339e+55
0.0264	0.0224	-1.96687930416608e+55
0.0286	0.0224	-1.893770200375e+55
0.0308	0.0224	1.13216047289666e+56
0.033	0.0224	-1.12072763759038e+56
0.0352	0.0224	1.06623880512235e+56
0.0374	0.0224	-3.61705170003226e+56
0.0396	0.0224	3.42818589298645e+56
0.0418	0.0224	-1.70152981638791e+56
0.044	0.0224	-7.06706931452598e+55
0.0462	0.0224	4.42763855879031e+56
0.0484	0.0224	-2.07681835631971e+57
0.0506	0.0224	9.26305422519652e+57
0.0528	0.0224	-3.85871923952448e+58
0.055	0.0224	1.47813593362348e+59
0.0572	0.0224	-5.06467838163971e+59
0.0594	0.0224	1.44274054822427e+60
0.0616	0.0224	-2.61646611124156e+60
0.0638	0.0224	-3.92324587566455e+60
0.066	0.0224	7.16284560625536e+61
0.0682	0.0224	-4.69602411401544e+62
0.0704	0.0224	2.37808411004331e+63
0.0726	0.0224	-1.07405021063917e+64
0.0748	0.0224	4.6479093323793e+64
0.077	0.0224	4.54264085709648e+64
0.0792	0.0224	3.88263093851213e+64
0.0814	0.0224	-5.54250851252644e+64
0.0836	0.0224	-1.63185797736235e+63
0.0858	0.0224	-2.80689319570623e+64
0.088	0.0224	-3.21153044289889e+65
0.0902	0.0224	-8.5484159131469e+64
0.0924	0.0224	2.05832742154535e+65
0.0946	0.0224	1.87179856504514e+65
0.0968	0.0224	1.34949421766062e+65
0.099	0.0224	1.00202511855492e+65
0.1012	0.0224	7.1257959933283e+64
0.1034	0.0224	5.27590287466235e+64
0.1056	0.0224	4.15464507753364e+64
0.1078	0.0224	3.23691700596193e+64
0.11	0.0224	2.56129858177801e+64
0	0.0256	1.02963861854332e+50
0.0022	0.0256	-1.72747903394216e+50
0.0044	0.0256	3.84060274948566e+50
0.0066	0.0256	-1.73734239801462e+50
0.0088	0.0256	-3.14226117657956e+51
0.011	0.0256	3.15696923706646e+52
0.0132	0.0256	-4.37594321838841e+52
0.0154	0.0256	2.39908369127201e+53
0.0176	0.0256	-1.65102010939086e+54
0.0198	0.0256	-3.26767562983729e+54
0.022	0.0256	-2.37583517414402e+54
0.0242	0.0256	2.562003991808e+55
0.0264	0.0256	1.06639257521131e+56
0.0286	0.0256	6.36376871670955e+55
0.0308	0.0256	-5.68651941324761e+56
0.033	0.0256	5.24904047857665e+56
0.0352	0.0256	-3.89134813034947e+56
0.0374	0.0256	1.80651094927583e+57
0.0396	0.0256	-1.67725867261329e+57
0.0418	0.0256	8.34918649194004e+56
0.044	0.0256	2.4958735420686e+56
0.0462	0.0256	-1.43877595323224e+57
0.0484	0.0256	6.97060437750689e+57
0.0506	0.0256	-3.25409325237402e+58
0.0528	0.0256	1.42244267704455e+59
0.055	0.0256	-5.75324312737206e+59
0.0572	0.0256	2.11751349529413e+60
0.0594	0.0256	-6.76524726790047e+60
0.0616	0.0256	1.64848607217529e+61
0.0638	0.0256	-1.29554761444943e+61
0.066	0.0256	-1.70059626711251e+62
0.0682	0.0256	1.44883214768827e+63
0.0704	0.0256	-7.9381934634914e+63
0.0726	0.0256	3.68452857414191e+64
0.0748	0.0256	-1.63943032682526e+65
0.077	0.0256	-1.62213392248843e+65
0.0792	0.0256	-1.37985248939017e+65
0.0814	0.0256	2.12781823318735e+65
0.0836	0.0256	1.43917721058871e+64
0.0858	0.0256	1.11363120794396e+65
0.088	0.0256	1.21014546486009e+66
0.0902	0.0256	3.36445683689173e+65
0.0924	0.0256	-7.53263285921672e+65
0.0946	0.0256	-6.88343351800794e+65
0.0968	0.0256	-4.96912287012936e+65
0.099	0.0256	-3.6979618139605e+65
0.1012	0.0256	-2.63545814156191e+65
0.1034	0.0256	-1.95780909440762e+65
0.1056	0.0256	-1.54853627518386e+65
0.1078	0.0256	-1.21336016641617e+65
0.11	0.0256	-9.66431598800236e+64
0	0.0288	-4.74396089663586e+49
0.0022	0.0288	1.37083280052059e+49
0.0044	0.0288	2.81861868526418e+49
0.0066	0.0288	7.01109359710787e+50
0.0088	0.0288	-5.33266821254762e+51
0.011	0.0288	3.69043217171292e+52
0.0132	0.0288	-4.5657473311972e+52
0.0154	0.0288	2.33834885779281e+53
0.0176	0.0288	-1.54139048541864e+54
0.0198	0.0288	-4.11787544414229e+54
0.022	0.0288	-7.2084482634065e+53
0.0242	0.0288	2.00227479831112e+55
0.0264	0.0288	1.32511140688391e+56
0.0286	0.0288	-1.65980699507608e+56
0.0308	0.0288	2.88625766158261e+57
0.033	0.0288	-2.48822498826027e+57
0.0352	0.0288	1.1674927295302e+57
0.0374	0.0288	-9.09320352869121e+57
0.0396	0.0288	8.19057399077075e+57
0.0418	0.0288	-4.04868018472676e+57
0.044	0.0288	-1.03298809840886e+57
0.0462	0.0288	4.54252372944431e+57
0.0484	0.0288	-2.26343609649901e+58
0.0506	0.0288	1.10901190199439e+59
0.0528	0.0288	-5.0900759493705e+59
0.055	0.0288	2.16671714087288e+60
0.0572	0.0288	-8.49426874037976e+60
0.0594	0.0288	2.96720863800078e+61
0.0616	0.0288	-8.55224481404832e+61
0.0638	0.0288	1.54274581310483e+62
0.066	0.0288	2.45317137043375e+62
0.0682	0.0288	-4.19298711467356e+63
0.0704	0.0288	2.60040163491688e+64
0.0726	0.0288	-1.23794364510513e+65
0.0748	0.0288	5.56242161630558e+65
0.077	0.0288	5.58027603276388e+65
0.0792	0.0288	4.69099592750125e+65
0.0814	0.0288	-8.36238052512318e+65
0.0836	0.0288	-1.04673564782824e+65
0.0858	0.0288	-4.60248008559809e+65
0.088	0.0288	-4.57953640249607e+66
0.0902	0.0288	-1.34077122058908e+66
0.0924	0.0288	2.73521147922474e+66
0.0946	0.0288	2.51034583541019e+66
0.0968	0.0288	1.80895113845218e+66
0.099	0.0288	1.34415698386791e+66
0.1012	0.0288	9.54339480525197e+65
0.1034	0.0288	7.06313930733549e+65
0.1056	0.0288	5.57146992959316e+65
0.1078	0.0288	4.34949916290016e+65
0.11	0.0288	3.4490884978559e+65
0	0.032	9.65031197561019e+49
0.0022	0.032	-1.76857190907854e+50
0.0044	0.032	3.72831588963255e+50
0.0066	0.032	3.63503298450599e+49
0.0088	0.032	-3.72753206476595e+51
0.011	0.032	3.15534815148432e+52
0.0132	0.032	-1.68797437236949e+52
0.0154	0.032	1.32970996494692e+53
0.0176	0.032	-1.23766967676323e+54
0.0198	0.032	-5.68829623861632e+54
0.022	0.032	3.7681508286222e+54
0.0242	0.032	5.69104045923206e+54
0.0264	0.032	1.87962899232378e+56
0.0286	0.032	-3.62244286399748e+56
0.0308	0.032	3.65805488096118e+57
0.033	0.032	1.1573068324038e+58
0.0352	0.032	-1.57049224350849e+57
0.0374	0.032	4.61863556420212e+58
0.0396	0.032	-3.9906864335795e+58
0.0418	0.032	1.95015444994344e+58
0.044	0.032	5.18118089864531e+57
0.0462	0.032	-1.38772374998244e+58
0.0484	0.032	7.07059942964867e+58
0.0506	0.032	-3.65493782165922e+59
0.0528	0.032	1.76642185632723e+60
0.055	0.032	-7.89987652639016e+60
0.0572	0.032	3.28293085976736e+61
0.0594	0.032	-1.23726677777929e+62
0.0616	0.032	4.01562518788295e+62
0.0638	0.032	-9.75892197209036e+62
0.066	0.032	6.46469583920416e+62
0.0682	0.032	1.07599910034637e+64
0.0704	0.032	-8.37540561993676e+64
0.0726	0.032	4.10079768390759e+65
0.0748	0.032	-1.7589882525359e+66
0.077	0.032	-1.7963516057169e+66
0.0792	0.032	-1.46980462946505e+66
0.0814	0.032	3.38771026707668e+66
0.0836	0.032	6.90609208231104e+65
0.0858	0.032	1.99412380686321e+66
0.088	0.032	1.74370054158418e+67
0.0902	0.032	5.43239588050767e+66
0.0924	0.032	-9.81259038964447e+66
0.0946	0.032	-9.03788613780926e+66
0.0968	0.032	-6.46874242841947e+66
0.099	0.032	-4.77005541082028e+66
0.1012	0.032	-3.34054995953968e+66
0.1034	0.032	-2.43346311661763e+66
0.1056	0.032	-1.89054733664211e+66
0.1078	0.032	-1.44577990542881e+66
0.11	0.032	-1.11816190817298e+66
0	0.0352	-7.78188168607699e+49
0.0022	0.0352	9.85825785173049e+49
0.0044	0.0352	-2.73075784507503e+50
0.0066	0.0352	1.75011283393654e+51
0.0088	0.0352	-8.23024860039392e+51
0.011	0.0352	4.37504784094176e+52
0.0132	0.0352	-3.96425065674526e+52
0.0154	0.0352	2.01236105104156e+53
0.0176	0.0352	-1.39896160996401e+54
0.0198	0.0352	-5.57814535408675e+54
0.022	0.0352	1.72053640580208e+54
0.0242	0.0352	1.37603776239229e+55
0.0264	0.0352	1.63718051704617e+56
0.0286	0.0352	-2.1246866898345e+56
0.0308	0.0352	3.02794752622976e+57
0.033	0.0352	1.51458365409204e+58
0.0352	0.0352	-1.72212424164287e+58
0.0374	0.0352	-2.3697251178271e+59
0.0396	0.0352	1.93833967283679e+59
0.0418	0.0352	-9.37096021286437e+58
0.044	0.0352	-2.98954146211278e+58
0.0462	0.0352	4.06119457860611e+58
0.0484	0.0352	-2.10556510122335e+59
0.0506	0.0352	1.15856489111452e+60
0.0528	0.0352	-5.93378449030504e+60
0.055	0.0352	2.78607160649429e+61
0.0572	0.0352	-1.22400111857036e+62
0.0594	0.0352	4.94091508217202e+62
0.0616	0.0352	-1.76465654383504e+63
0.0638	0.0352	5.11630993758365e+63
0.066	0.0352	-8.69442835357612e+63
0.0682	0.0352	-1.99466534313098e+64
0.0704	0.0352	2.6582619377224e+65
0.0726	0.0352	-1.37706899193161e+66
0.0748	0.0352	4.77977216028681e+66
0.077	0.0352	5.03265209233759e+66
0.0792	0.0352	3.83213942785466e+66
0.0814	0.0352	-1.42443237100785e+67
0.0836	0.0352	-4.30365290124525e+66
0.0858	0.0352	-9.08192637156268e+66
0.088	0.0352	-6.69762378948392e+67
0.0902	0.0352	-2.24865459711796e+67
0.0924	0.0352	3.45284412052679e+67
0.0946	0.0352	3.18752926969207e+67
0.0968	0.0352	2.24667829904763e+67
0.099	0.0352	1.62609376463861e+67
0.1012	0.0352	1.10206710967704e+67
0.1034	0.0352	7.70528474300829e+66
0.1056	0.0352	5.73151353893373e+66
0.1078	0.0352	4.11487073242813e+66
0.11	0.0352	2.92495495771184e+66
0	0.0384	-3.39685319255897e+49
0.0022	0.0384	-1.14263141498152e+50
0.0044	0.0384	3.35380995475285e+50
0.0066	0.0384	1.32366306522372e+49
0.0088	0.0384	-2.81265730587251e+51
0.011	0.0384	2.53146989191321e+52
0.0132	0.0384	3.36854929848034e+52
0.0154	0.0384	-4.18164769054729e+52
0.0176	0.0384	-6.34357424953081e+53
0.0198	0.0384	-8.66547874432215e+54
0.022	0.0384	1.09709298610129e+55
0.0242	0.0384	-1.6305860770619e+55
0.0264	0.0384	2.72940345217503e+56
0.0286	0.0384	-6.03211162724478e+56
0.0308	0.0384	4.53168780630539e+57
0.033	0.0384	1.09077361929484e+58
0.0352	0.0384	6.44712404873173e+56
0.0374	0.0384	-3.30481400912859e+59
0.0396	0.0384	-9.01177534756919e+59
0.0418	0.0384	4.5020910164002e+59
0.044	0.0384	1.83700398518338e+59
0.0462	0.0384	-1.10518101943433e+59
0.0484	0.0384	5.88387150083496e+59
0.0506	0.0384	-3.499176394775e+60
0.0528	0.0384	1.924179399153e+61
0.055	0.0384	-9.48495799760375e+61
0.0572	0.0384	4.39907254928535e+62
0.0594	0.0384	-1.89441574081456e+63
0.0616	0.0384	7.35859137997365e+63
0.0638	0.0384	-2.43024069652813e+64
0.066	0.0384	5.76234437836242e+64
0.0682	0.0384	-1.30224400295653e+64
0.0704	0.0384	-8.24254970282076e+65
0.0726	0.0384	5.0332569089824e+66
0.0748	0.0384	-7.82651750350107e+66
0.077	0.0384	-9.18472832181317e+66
0.0792	0.0384	-4.7612057065265e+66
0.0814	0.0384	6.25131091936258e+67
0.0836	0.0384	2.58900736817283e+67
0.0858	0.0384	4.34086821978415e+67
0.088	0.0384	2.60455169659065e+68
0.0902	0.0384	9.5600191906145e+67
0.0924	0.0384	-1.17611304244583e+68
0.0946	0.0384	-1.08584400824418e+68
0.0968	0.0384	-7.41331783312986e+67
0.099	0.0384	-5.14664987130444e+67
0.1012	0.0384	-3.22604299658949e+67
0.1034	0.0384	-2.01470866421563e+67
0.1056	0.0384	-1.29768263236898e+67
0.1078	0.0384	-7.10593832083227e+66
0.11	0.0384	-2.78935670047481e+66
0	0.0416	1.49968056904773e+50
0.0022	0.0416	-2.64411013601834e+50
0.0044	0.0416	3.13841563010469e+50
0.0066	0.0416	5.65201694342477e+50
0.0088	0.0416	-4.76044692595806e+51
0.011	0.0416	3.18462076299993e+52
0.0132	0.0416	2.33493593116781e+52
0.0154	0.0416	1.10702435010342e+52
0.0176	0.0416	-8.18043995567766e+53
0.0198	0.0416	-8.30066677759053e+54
0.022	0.0416	7.24313795645237e+54
0.0242	0.0416	-5.56028914964082e+53
0.0264	0.0416	2.16824557461817e+56
0.0286	0.0416	-3.12566928512711e+56
0.0308	0.0416	3.29578203854866e+57
0.033	0.0416	1.71620413137149e+58
0.0352	0.0416	-1.72564484153077e+58
0.0374	0.0416	-2.61249476574692e+59
0.0396	0.0416	-1.34008955008899e+60
0.0418	0.0416	-2.06204216836041e+60
0.044	0.0416	-1.14661416523299e+60
0.0462	0.0416	2.50724241022866e+59
0.0484	0.0416	-1.49754015177877e+60
0.0506	0.0416	9.88703083967362e+60
0.0528	0.0416	-6.00155338625501e+61
0.055	0.0416	3.10741366776815e+62
0.0572	0.0416	-1.52050360397508e+63
0.0594	0.0416	6.97006970433667e+63
0.0616	0.0416	-2.92598506199339e+64
0.0638	0.0416	1.07770025957546e+65
0.066	0.0416	-3.13872717887606e+65
0.0682	0.0416	4.44679323853625e+65
0.0704	0.0416	2.44257421671127e+66
0.0726	0.0416	-2.66667030724617e+67
0.0748	0.0416	1.53329157760116e+68
0.077	0.0416	1.56511757795029e+68
0.0792	0.0416	1.30717284886969e+68
0.0814	0.0416	-2.76818417941682e+68
0.0836	0.0416	-5.20597984627619e+67
0.0858	0.0416	-1.6836531336173e+68
0.088	0.0416	-1.53636187717079e+69
0.0902	0.0416	-4.78181139313847e+68
0.0924	0.0416	9.05147254846035e+68
0.0946	0.0416	8.4106986146154e+68
0.0968	0.0416	6.06182333269908e+68
0.099	0.0416	4.48101856614007e+68
0.1012	0.0416	3.12190959779903e+68
0.1034	0.0416	2.24380590607241e+68
0.1056	0.0416	1.7104198369288e+68
0.1078	0.0416	1.26328320040399e+68
0.11	0.0416	9.28436663444853e+67
0	0.0448	-3.26060724058194e+48
0.0022	0.0448	2.19550858082454e+49
0.0044	0.0448	-2.74042531161468e+50
0.0066	0.0448	1.80975954511184e+51
0.0088	0.0448	-7.32213543454864e+51
0.011	0.0448	3.6335587813021e+52
0.0132	0.0448	2.78958684423518e+52
0.0154	0.0448	-8.89032948006581e+51
0.0176	0.0448	-7.85122257692428e+53
0.0198	0.0448	-8.97371199641481e+54
0.022	0.0448	8.16196598635957e+54
0.0242	0.0448	-2.52427489947459e+54
0.0264	0.0448	2.30679429239549e+56
0.0286	0.0448	-3.50603709206048e+56
0.0308	0.0448	3.50662408302592e+57
0.033	0.0448	1.76979483864039e+58
0.0352	0.0448	-1.57734289511242e+58
0.0374	0.0448	-2.96113195321404e+59
0.0396	0.0448	-1.38740893301612e+60
0.0418	0.0448	-2.57473987077398e+60
0.044	0.0448	-1.8504406175069e+60
0.0462	0.0448	1.07052090850442e+58
0.0484	0.0448	3.24577998091935e+60
0.0506	0.0448	-2.50500314961626e+61
0.0528	0.0448	1.79237384143948e+62
0.055	0.0448	-9.75570442140389e+62
0.0572	0.0448	5.03556569628886e+63
0.0594	0.0448	-2.45415717723018e+64
0.0616	0.0448	1.10922030096524e+65
0.0638	0.0448	-4.50662853777224e+65
0.066	0.0448	1.54279534554863e+66
0.0682	0.0448	-3.65295323149572e+66
0.0704	0.0448	-1.12445589994381e+66
0.0726	0.0448	7.84572195061286e+67
0.0748	0.0448	-5.63551089830795e+68
0.077	0.0448	-5.92367812161476e+68
0.0792	0.0448	-4.91737374108136e+68
0.0814	0.0448	1.13986246707394e+69
0.0836	0.0448	2.58434678571758e+68
0.0858	0.0448	7.14966942228535e+68
0.088	0.0448	6.2773054839924e+69
0.0902	0.0448	2.07780847548251e+69
0.0924	0.0448	-3.52506266596713e+69
0.0946	0.0448	-3.31997540808784e+69
0.0968	0.0448	-2.41259396868976e+69
0.099	0.0448	-1.80406605431416e+69
0.1012	0.0448	-1.27536656359684e+69
0.1034	0.0448	-9.34638415831869e+68
0.1056	0.0448	-7.28730410364794e+68
0.1078	0.0448	-5.55165468659563e+68
0.11	0.0448	-4.24179212954304e+68
0	0.048	2.52819356199444e+49
0.0022	0.048	-7.7753678172995e+49
0.0044	0.048	-1.2169338737873e+50
0.0066	0.048	1.37899595503486e+51
0.0088	0.048	-5.43971585790914e+51
0.011	0.048	2.97265125902169e+52
0.0132	0.048	6.16725526201403e+52
0.0154	0.048	-9.36171541363685e+52
0.0176	0.048	-5.30913614379148e+53
0.0198	0.048	-1.00659685321023e+55
0.022	0.048	9.04926755758716e+54
0.0242	0.048	-2.26307130442621e+54
0.0264	0.048	2.28646109826682e+56
0.0286	0.048	-2.61369578589664e+56
0.0308	0.048	3.04894965434795e+57
0.033	0.048	2.09795124820472e+58
0.0352	0.048	-2.10662881735937e+58
0.0374	0.048	-2.79609202762675e+59
0.0396	0.048	-1.63547101611487e+60
0.0418	0.048	-2.67711075161194e+60
0.044	0.048	-2.28599386132216e+60
0.0462	0.048	4.19582721908893e+59
0.0484	0.048	-5.11628448730882e+60
0.0506	0.048	4.97631795126314e+61
0.0528	0.048	-5.09875629661629e+62
0.055	0.048	2.91915562352907e+63
0.0572	0.048	-1.58982538513576e+64
0.0594	0.048	8.2319489266104e+64
0.0616	0.048	-3.99365002574072e+65
0.0638	0.048	1.77258488540918e+66
0.066	0.048	-6.88794992979918e+66
0.0682	0.048	2.10922474741708e+67
0.0704	0.048	-3.15595739344122e+67
0.0726	0.048	-1.69822214900396e+68
0.0748	0.048	1.86818096377284e+69
0.077	0.048	2.06054391175119e+69
0.0792	0.048	1.67626727960445e+69
0.0814	0.048	-4.7337100763666e+69
0.0836	0.048	-1.36118019799125e+69
0.0858	0.048	-3.10489516390248e+69
0.088	0.048	-2.53196421257578e+70
0.0902	0.048	-9.05142234251233e+69
0.0924	0.048	1.3185143263686e+70
0.0946	0.048	1.26287212451391e+70
0.0968	0.048	9.24171386491883e+69
0.099	0.048	6.98480314324312e+69
0.1012	0.048	4.9990410800035e+69
0.1034	0.048	3.72637156555426e+69
0.1056	0.048	2.96482221012331e+69
0.1078	0.048	2.31964720709963e+69
0.11	0.048	1.82902830810272e+69
0	0.0512	7.65819589470007e+49
0.0022	0.0512	5.07144527403242e+48
0.0044	0.0512	-3.52803122862222e+50
0.0066	0.0512	1.67323618484555e+51
0.0088	0.0512	-5.24871910839391e+51
0.011	0.0512	2.6497553901469e+52
0.0132	0.0512	8.83584315293022e+52
0.0154	0.0512	-1.67673976726872e+53
0.0176	0.0512	-3.59949582207828e+53
0.0198	0.0512	-1.11162245268461e+55
0.022	0.0512	1.07308197470949e+55
0.0242	0.0512	-6.26632747050754e+54
0.0264	0.0512	2.49144568991107e+56
0.0286	0.0512	-3.19790692037016e+56
0.0308	0.0512	3.34793875721274e+57
0.033	0.0512	2.11551455892348e+58
0.0352	0.0512	-1.67187680865383e+58
0.0374	0.0512	-3.2770875417064e+59
0.0396	0.0512	-1.64530123993501e+60
0.0418	0.0512	-3.57523688331357e+60
0.044	0.0512	-1.77809574745423e+60
0.0462	0.0512	-4.21177281541647e+60
0.0484	0.0512	1.58883054266801e+61
0.0506	0.0512	-1.51914181150685e+62
0.0528	0.0512	1.37761034554528e+63
0.055	0.0512	-8.2674445662527e+63
0.0572	0.0512	4.75447973691267e+64
0.0594	0.0512	-2.61616700717344e+65
0.0616	0.0512	1.36064881479256e+66
0.0638	0.0512	-6.56298581721532e+66
0.066	0.0512	2.84232798893449e+67
0.0682	0.0512	-1.03443665232075e+68
0.0704	0.0512	2.59870169342508e+68
0.0726	0.0512	5.85338183184089e+67
0.0748	0.0512	-5.58852673219187e+69
0.077	0.0512	-6.68832035430696e+69
0.0792	0.0512	-5.21523858710527e+69
0.0814	0.0512	2.00870595364813e+70
0.0836	0.0512	7.18347478994383e+69
0.0858	0.0512	1.38574708171314e+70
0.088	0.0512	1.03123726404952e+71
0.0902	0.0512	3.99924797643436e+70
0.0924	0.0512	-4.86910711948831e+70
0.0946	0.0512	-4.7582713909766e+70
0.0968	0.0512	-3.50049299014814e+70
0.099	0.0512	-2.66993629541692e+70
0.1012	0.0512	-1.92812513765288e+70
0.1034	0.0512	-1.45678361569194e+70
0.1056	0.0512	-1.17905538735858e+70
0.1078	0.0512	-9.42706953054212e+69
0.11	0.0512	-7.61758918140794e+69
0	0.0544	-1.12163543204566e+50
0.0022	0.0544	1.85112514417727e+50
0.0044	0.0544	-6.2451192233226e+50
0.0066	0.0544	1.98532974326883e+51
0.0088	0.0544	-4.99095263951434e+51
0.011	0.0544	2.47149948104398e+52
0.0132	0.0544	1.06049299661108e+53
0.0154	0.0544	-1.85868574589298e+53
0.0176	0.0544	-3.59559478254888e+53
0.0198	0.0544	-1.13160124524417e+55
0.022	0.0544	8.19312126992279e+54
0.0242	0.0544	6.03886068654409e+54
0.0264	0.0544	2.05445723181644e+56
0.0286	0.0544	-7.218924284377e+55
0.0308	0.0544	2.30013757062361e+57
0.033	0.0544	2.67249275263725e+58
0.0352	0.0544	-2.97878964728471e+58
0.0374	0.0544	-2.82980688702229e+59
0.0396	0.0544	-2.03333619993959e+60
0.0418	0.0544	-3.28473440250377e+60
0.044	0.0544	-4.76183455768248e+60
0.0462	0.0544	6.88087554434545e+60
0.0484	0.0544	-4.17676769878663e+61
0.0506	0.0544	3.89617781472838e+62
0.0528	0.0544	-3.48120342216725e+63
0.055	0.0544	2.19510075886046e+64
0.0572	0.0544	-1.33490650526308e+65
0.0594	0.0544	7.81521917889772e+65
0.0616	0.0544	-4.35935318705654e+66
0.0638	0.0544	2.28108242915433e+67
0.066	0.0544	-1.09195106495356e+68
0.0682	0.0544	4.56547086008525e+68
0.0704	0.0544	-1.49388401268379e+69
0.0726	0.0544	2.3381150704871e+69
0.0748	0.0544	1.32699228696566e+70
0.077	0.0544	1.90925687502822e+70
0.0792	0.0544	1.33909954229741e+70
0.0814	0.0544	-8.73297329110412e+70
0.0836	0.0544	-3.78541424628344e+70
0.0858	0.0544	-6.35734437014988e+70
0.088	0.0544	-4.25816619213921e+71
0.0902	0.0544	-1.79695906299627e+71
0.0924	0.0544	1.76942243464336e+71
0.0946	0.0544	1.77291719106912e+71
0.0968	0.0544	1.30757712554999e+71
0.099	0.0544	1.00417626883357e+71
0.1012	0.0544	7.28193547888254e+70
0.1034	0.0544	5.55096807577608e+70
0.1056	0.0544	4.55499229575053e+70
0.1078	0.0544	3.7043695572179e+70
0.11	0.0544	3.04956981319688e+70
0	0.0576	2.25878049759312e+50
0.0022	0.0576	-1.22959853572801e+50
0.0044	0.0576	5.97999988161584e+49
0.0066	0.0576	-2.18108856276692e+50
0.0088	0.0576	2.26667271171101e+51
0.011	0.0576	1.34792811250228e+51
0.0132	0.0576	1.92411900237667e+53
0.0154	0.0576	-4.31331026389891e+53
0.0176	0.0576	3.32991255581275e+53
0.0198	0.0576	-1.40372542340523e+55
0.022	0.0576	1.50616580248353e+55
0.0242	0.0576	-1.54398608564059e+55
0.0264	0.0576	2.87525867365968e+56
0.0286	0.0576	-3.61705587101079e+56
0.0308	0.0576	3.50906822427748e+57
0.033	0.0576	2.33069227446252e+58
0.0352	0.0576	-9.63004931488442e+57
0.0374	0.0576	-3.96149709243275e+59
0.0396	0.0576	-1.79847520832997e+60
0.0418	0.0576	-5.45920498537075e+60
0.044	0.0576	5.62501624638886e+59
0.0462	0.0576	-2.06910700279665e+61
0.0484	0.0576	9.8098502446136e+61
0.0506	0.0576	-9.1401465367182e+62
0.0528	0.0576	8.12259505770596e+63
0.055	0.0576	-5.39224563135695e+64
0.0572	0.0576	3.47442692139089e+65
0.0594	0.0576	-2.16862902360841e+66
0.0616	0.0576	1.29974991749741e+67
0.0638	0.0576	-7.38433538403441e+67
0.066	0.0576	3.89793985832496e+68
0.0682	0.0576	-1.84668427915139e+69
0.0704	0.0576	7.31007772128387e+69
0.0726	0.0576	-1.95022680901966e+70
0.0748	0.0576	-9.31187685708181e+69
0.077	0.0576	-3.88284710336594e+70
0.0792	0.0576	-1.63945876361147e+70
0.0814	0.0576	3.89274270585556e+71
0.0836	0.0576	1.99040236691291e+71
0.0858	0.0576	2.99311626774519e+71
0.088	0.0576	1.78864347576645e+72
0.0902	0.0576	8.23081087269548e+71
0.0924	0.0576	-6.27036563134141e+71
0.0946	0.0576	-6.49597110514382e+71
0.0968	0.0576	-4.78269037522298e+71
0.099	0.0576	-3.68576108193553e+71
0.1012	0.0576	-2.6644155044689e+71
0.1034	0.0576	-2.03621324496858e+71
0.1056	0.0576	-1.68798518851566e+71
0.1078	0.0576	-1.38997663536323e+71
0.11	0.0576	-1.15974829196999e+71
0	0.0608	-4.05045792851674e+50
0.0022	0.0608	6.8541658433008e+50
0.0044	0.0608	-1.48057676373725e+51
0.0066	0.0608	3.3417860223551e+51
0.0088	0.0608	-7.10356683400799e+51
0.011	0.0608	3.05783203345807e+52
0.0132	0.0608	1.07445233031658e+53
0.0154	0.0608	-9.37161983039488e+52
0.0176	0.0608	-8.88729454302621e+53
0.0198	0.0608	-1.00862241630668e+55
0.022	0.0608	-1.96488353962412e+54
0.0242	0.0608	4.6609512987426e+55
0.0264	0.0608	7.15074389239682e+55
0.0286	0.0608	5.33438929785383e+56
0.0308	0.0608	1.60976425217558e+55
0.033	0.0608	3.82776326665085e+58
0.0352	0.0608	-5.79914997894115e+58
0.0374	0.0608	-2.14273024617516e+59
0.0396	0.0608	-2.769231644739e+60
0.0418	0.0608	-2.97563809391096e+60
0.044	0.0608	-1.29754155837251e+61
0.0462	0.0608	3.76258190710386e+61
0.0484	0.0608	-2.10521539094725e+62
0.0506	0.0608	1.94492130393653e+63
0.0528	0.0608	-1.71647596574089e+64
0.055	0.0608	1.20224666026854e+65
0.0572	0.0608	-8.22784181769974e+65
0.0594	0.0608	5.49062144403252e+66
0.0616	0.0608	-3.54671712562023e+67
0.0638	0.0608	2.19432953464231e+68
0.066	0.0608	-1.27950319145799e+69
0.0682	0.0608	6.84592900217616e+69
0.0704	0.0608	-3.19464948969491e+70
0.0726	0.0608	1.14815849402731e+71
0.0748	0.0608	-1.71520433303195e+71
0.077	0.0608	-2.58810762300779e+70
0.0792	0.0608	-1.16589937384125e+71
0.0814	0.0608	-1.77844557882075e+72
0.0836	0.0608	-1.04415140584928e+72
0.0858	0.0608	-1.44307132981434e+72
0.088	0.0608	-7.67731278174551e+72
0.0902	0.0608	-3.85549817594117e+72
0.0924	0.0608	2.13069350340922e+72
0.0946	0.0608	2.31893454222887e+72
0.0968	0.0608	1.69244640486281e+72
0.099	0.0608	1.30199325411581e+72
0.1012	0.0608	9.2674927211043e+71
0.1034	0.0608	7.02776991640291e+71
0.1056	0.0608	5.86015357306883e+71
0.1078	0.0608	4.86189703879783e+71
0.11	0.0608	4.09013016444657e+71
0	0.064	3.71708384656806e+50
0.0022	0.064	-4.63953543747625e+50
0.0044	0.064	1.40137250576462e+51
0.0066	0.064	-5.01757779507054e+51
0.0088	0.064	1.8158049874243e+52
0.011	0.064	-4.71767951086529e+52
0.0132	0.064	3.64999321865421e+53
0.0154	0.064	-8.82479863196571e+53
0.0176	0.064	1.59427672702276e+54
0.0198	0.064	-1.88699618035195e+55
0.022	0.064	2.53992692583275e+55
0.0242	0.064	-4.61734547365906e+55
0.0264	0.064	4.07323657312964e+56
0.0286	0.064	-7.26139325742081e+56
0.0308	0.064	5.01903111188298e+57
0.033	0.064	1.98969929346002e+58
0.0352	0.064	2.34051577348322e+58
0.0374	0.064	-5.75826661703344e+59
0.0396	0.064	-1.54023492373426e+60
0.0418	0.064	-9.62011114471706e+60
0.044	0.064	1.086820823725e+61
0.0462	0.064	-7.76962367665719e+61
0.0484	0.064	3.97671711731844e+62
0.0506	0.064	-3.65629179240621e+63
0.0528	0.064	3.18929234949209e+64
0.055	0.064	-2.36233365668963e+65
0.0572	0.064	1.72210672290883e+66
0.0594	0.064	-1.23302796688588e+67
0.0616	0.064	8.6214043305452e+67
0.0638	0.064	-5.83772750316613e+68
0.066	0.064	3.77980185745366e+69
0.0682	0.064	-2.29254454333909e+70
0.0704	0.064	1.25491619099632e+71
0.0726	0.064	-5.71491036776815e+71
0.0748	0.064	1.65326078525454e+72
0.077	0.064	9.48717328514738e+71
0.0792	0.064	1.33211259077488e+72
0.0814	0.064	8.32126791739889e+72
0.0836	0.064	5.46772385852663e+72
0.0858	0.064	7.1151627992572e+72
0.088	0.064	3.39022019309021e+73
0.0902	0.064	1.85640577298438e+73
0.0924	0.064	-6.70127746311943e+72
0.0946	0.064	-7.93776564937802e+72
0.0968	0.064	-5.67006973869208e+72
0.099	0.064	-4.31509911246846e+72
0.1012	0.064	-2.95029747870483e+72
0.1034	0.064	-2.17422752147177e+72
0.1056	0.064	-1.81220377683281e+72
0.1078	0.064	-1.50511749093152e+72
0.11	0.064	-1.26866842009199e+72
0	0.0672	-2.36572746621057e+50
0.0022	0.0672	7.78621231859814e+50
0.0044	0.0672	-1.65529224972626e+51
0.0066	0.0672	3.71767177792218e+51
0.0088	0.0672	-9.00579371194692e+51
0.011	0.0672	4.35455204055687e+52
0.0132	0.0672	6.8415449563994e+52
0.0154	0.0672	1.95702487081327e+53
0.0176	0.0672	-2.19648226984981e+54
0.0198	0.0672	-6.05406042763234e+54
0.022	0.0672	-2.26923169774825e+55
0.0242	0.0672	1.23999127411282e+56
0.0264	0.0672	-1.89672158070653e+56
0.0286	0.0672	1.62133843035505e+57
0.0308	0.0672	-4.07111750304958e+57
0.033	0.0672	5.67843803529658e+58
0.0352	0.0672	-1.10618145882521e+59
0.0374	0.0672	-4.93085407810122e+58
0.0396	0.0672	-3.97164270553235e+60
0.0418	0.0672	-1.16959855306694e+60
0.044	0.0672	-3.06769486267081e+61
0.0462	0.0672	1.12383077082627e+62
0.0484	0.0672	-6.40838829590432e+62
0.0506	0.0672	5.80851960744349e+63
0.0528	0.0672	-4.95701794276434e+64
0.055	0.0672	3.89255368149725e+65
0.0572	0.0672	-3.0324133155784e+66
0.0594	0.0672	2.33952272142483e+67
0.0616	0.0672	-1.78056619396574e+68
0.0638	0.0672	1.32905086430161e+69
0.066	0.0672	-9.6414460103468e+69
0.0682	0.0672	6.69760036082145e+70
0.0704	0.0672	-4.3389432402364e+71
0.0726	0.0672	2.48205892147162e+72
0.0748	0.0672	-1.07824566528666e+73
0.077	0.0672	-7.4539219959237e+72
0.0792	0.0672	-9.19227180040828e+72
0.0814	0.0672	-3.993630882119e+73
0.0836	0.0672	-2.86554556281708e+73
0.0858	0.0672	-3.59842126992822e+73
0.088	0.0672	-1.55939134218535e+74
0.0902	0.0672	-9.27951470656515e+73
0.0924	0.0672	1.77410280640842e+73
0.0946	0.0672	2.53083933575429e+73
0.0968	0.0672	1.72302864223268e+73
0.099	0.0672	1.27398716501711e+73
0.1012	0.0672	7.84258799859607e+72
0.1034	0.0672	5.28463063131861e+72
0.1056	0.0672	4.34999587259748e+72
0.1078	0.0672	3.58074085621216e+72
0.11	0.0672	2.99581106488694e+72
0	0.0704	-8.21425097916502e+50
0.0022	0.0704	5.48496752676495e+50
0.0044	0.0704	5.14468915814987e+50
0.0066	0.0704	-4.56002927682765e+51
0.0088	0.0704	1.92083060545075e+52
0.011	0.0704	-5.02209899155699e+52
0.0132	0.0704	3.97055300625226e+53
0.0154	0.0704	-8.72376205098664e+53
0.0176	0.0704	1.39063691359323e+54
0.0198	0.0704	-1.91670072327468e+55
0.022	0.0704	2.0995672605383e+55
0.0242	0.0704	-3.11963145131465e+55
0.0264	0.0704	3.85956015266175e+56
0.0286	0.0704	-6.16640508928215e+56
0.0308	0.0704	5.00412283927798e+57
0.033	0.0704	2.13495713694667e+58
0.0352	0.0704	4.45960504779218e+58
0.0374	0.0704	-7.27384529739197e+59
0.0396	0.0704	-1.39464308072437e+60
0.0418	0.0704	-1.41849542650987e+61
0.044	0.0704	2.15246126055784e+61
0.0462	0.0704	-1.48168905943668e+62
0.0484	0.0704	8.1164113745978e+62
0.0506	0.0704	-7.1635795175315e+63
0.0528	0.0704	5.82839960017765e+64
0.055	0.0704	-4.86867027123122e+65
0.0572	0.0704	4.06944120478033e+66
0.0594	0.0704	-3.40009434102701e+67
0.0616	0.0704	2.83651406161437e+68
0.0638	0.0704	-2.35730362782829e+69
0.066	0.0704	1.94311612462575e+70
0.0682	0.0704	-1.57596784632522e+71
0.0704	0.0704	1.23846729587521e+72
0.0726	0.0704	-9.12923562424061e+72
0.0748	0.0704	5.80278534616491e+73
0.077	0.0704	4.3244682437524e+73
0.0792	0.0704	5.20035236443061e+73
0.0814	0.0704	1.99900938717133e+74
0.0836	0.0704	1.52110134464899e+74
0.0858	0.0704	1.90617875205081e+74
0.088	0.0704	7.69378088103334e+74
0.0902	0.0704	4.92677593460312e+74
0.0924	0.0704	-2.54768774495641e+73
0.0946	0.0704	-7.22440097930318e+73
0.0968	0.0704	-4.40903116641172e+73
0.099	0.0704	-3.04812589034349e+73
0.1012	0.0704	-1.30070248840399e+73
0.1034	0.0704	-5.26351434245179e+72
0.1056	0.0704	-4.10966412632254e+72
0.1078	0.0704	-3.3577205446645e+72
0.11	0.0704	-2.7857139324994e+72
0	0.0736	1.66629367036396e+51
0.0022	0.0736	-2.10016887535812e+51
0.0044	0.0736	4.59031374633849e+51
0.0066	0.0736	-1.15943381332251e+52
0.0088	0.0736	3.09460421530905e+52
0.011	0.0736	-6.23735606664472e+52
0.0132	0.0736	3.87314003082836e+53
0.0154	0.0736	-6.11255843609086e+53
0.0176	0.0736	1.32282831061462e+52
0.0198	0.0736	-1.36938786955177e+55
0.022	0.0736	-4.79283793712722e+54
0.0242	0.0736	6.94540150612701e+55
0.0264	0.0736	1.02425378420607e+55
0.0286	0.0736	9.80597342644327e+56
0.0308	0.0736	-1.5489457482501e+57
0.033	0.0736	5.00069357507599e+58
0.0352	0.0736	-6.2966413324703e+58
0.0374	0.0736	-2.72972233311491e+59
0.0396	0.0736	-3.74029735383301e+60
0.0418	0.0736	-5.55774036540795e+60
0.044	0.0736	-2.69847538700675e+61
0.0462	0.0736	9.6045238814749e+61
0.0484	0.0736	-6.77034743372749e+62
0.0506	0.0736	5.45705524585835e+63
0.0528	0.0736	-3.7803324476291e+64
0.055	0.0736	3.42417710948655e+65
0.0572	0.0736	-3.11498228232971e+66
0.0594	0.0736	2.84829360188874e+67
0.0616	0.0736	-2.63164922746256e+68
0.0638	0.0736	2.47090668822905e+69
0.066	0.0736	-2.37161721354488e+70
0.0682	0.0736	2.34038752916461e+71
0.0704	0.0736	-2.38620323197828e+72
0.0726	0.0736	2.52186424752548e+73
0.0748	0.0736	-2.765690172854e+74
0.077	0.0736	-2.21334857373409e+74
0.0792	0.0736	-2.74338785045653e+74
0.0814	0.0736	-1.16845043508935e+75
0.0836	0.0736	-8.55333740783885e+74
0.0858	0.0736	-1.18419772843356e+75
0.088	0.0736	-4.49045251814078e+75
0.0902	0.0736	-2.92223356267099e+75
0.0924	0.0736	-1.09040648271001e+73
0.0946	0.0736	2.90745040081387e+74
0.0968	0.0736	1.68768129191306e+74
0.099	0.0736	1.15299903636681e+74
0.1012	0.0736	3.29087291543848e+73
0.1034	0.0736	6.45740295234543e+71
0.1056	0.0736	1.61961087384176e+72
0.1078	0.0736	3.38224570175206e+72
0.11	0.0736	4.09538719803538e+72
0	0.0768	-2.25119579169021e+51
0.0022	0.0768	3.14230176911963e+51
0.0044	0.0768	-5.78767644852873e+51
0.0066	0.0768	1.33710217248865e+52
0.0088	0.0768	-3.59712889841644e+52
0.011	0.0768	1.29404829754934e+53
0.0132	0.0768	-1.66477892075632e+53
0.0154	0.0768	1.12302235430072e+54
0.0176	0.0768	-5.41673205344295e+54
0.0198	0.0768	2.54976708514809e+54
0.022	0.0768	-5.81697577914079e+55
0.0242	0.0768	2.36888969085796e+56
0.0264	0.0768	-5.05640257753171e+56
0.0286	0.0768	2.73541467800242e+57
0.0308	0.0768	-7.20549664980205e+57
0.033	0.0768	6.92837946039267e+58
0.0352	0.0768	-1.10360492446508e+59
0.0374	0.0768	-1.89798015942875e+59
0.0396	0.0768	-4.08110095942032e+60
0.0418	0.0768	-7.80441283781406e+60
0.044	0.0768	-1.78733425158737e+61
0.0462	0.0768	4.70627336629445e+58
0.0484	0.0768	9.21124690092351e+61
0.0506	0.0768	5.48790702174743e+62
0.0528	0.0768	-1.92618245062803e+64
0.055	0.0768	1.36168333391428e+65
0.0572	0.0768	-9.89749525598784e+65
0.0594	0.0768	7.8146546655666e+66
0.0616	0.0768	-6.99147945250194e+67
0.0638	0.0768	7.18709558641756e+68
0.066	0.0768	-8.27586966072994e+69
0.0682	0.0768	1.02345993343651e+71
0.0704	0.0768	-1.31394086316587e+72
0.0726	0.0768	1.71720180305536e+73
0.0748	0.0768	-2.26358861035901e+74
0.077	0.0768	-2.21603155646769e+74
0.0792	0.0768	-2.12140964019999e+74
0.0814	0.0768	-9.90313267264079e+74
0.0836	0.0768	-8.34027786830917e+74
0.0858	0.0768	-8.19313120095581e+74
0.088	0.0768	-3.47373037639504e+75
0.0902	0.0768	-2.90357446836086e+75
0.0924	0.0768	-4.73231356719736e+74
0.0946	0.0768	2.63102240785703e+74
0.0968	0.0768	1.1819615767539e+74
0.099	0.0768	3.44128715124666e+73
0.1012	0.0768	-2.38477366863928e+73
0.1034	0.0768	-8.28445741113985e+70
0.1056	0.0768	3.05867164724378e+72
0.1078	0.0768	4.4752816941019e+72
0.11	0.0768	5.07709806326319e+72
0	0.08	1.87604843429818e+51
0.0022	0.08	-4.01139981986715e+51
0.0044	0.08	1.06269532351426e+52
0.0066	0.08	-2.93408768964645e+52
0.0088	0.08	8.42399994683023e+52
0.011	0.08	-2.2482166803726e+53
0.0132	0.08	9.32671397142594e+53
0.0154	0.08	-2.26598613307831e+54
0.0176	0.08	5.43246235646973e+54
0.0198	0.08	-3.34611779754018e+55
0.022	0.08	5.75677418785823e+55
0.0242	0.08	-1.50011815383368e+56
0.0264	0.08	8.26075635165887e+56
0.0286	0.08	-2.11002719186361e+57
0.0308	0.08	1.08841664580656e+58
0.033	0.08	3.00181909495205e+57
0.0352	0.08	1.52619190636205e+59
0.0374	0.08	-1.19047577625481e+60
0.0396	0.08	-6.86818176249105e+59
0.0418	0.08	-2.27608009513336e+61
0.044	0.08	2.95560673130906e+61
0.0462	0.08	-1.80693407695389e+62
0.0484	0.08	7.18792374782009e+62
0.0506	0.08	-8.18191559810708e+63
0.0528	0.08	8.17025769373524e+64
0.055	0.08	-6.22036484033057e+65
0.0572	0.08	4.70692190822264e+66
0.0594	0.08	-3.5367287373922e+67
0.0616	0.08	2.61210025661316e+68
0.0638	0.08	-1.85280409464191e+69
0.066	0.08	1.18990141586636e+70
0.0682	0.08	-5.60137898108861e+70
0.0704	0.08	-9.9239257398985e+70
0.0726	0.08	8.55667644219826e+72
0.0748	0.08	-1.78688812055697e+74
0.077	0.08	-2.77717791093837e+74
0.0792	0.08	-3.29104478198688e+74
0.0814	0.08	-1.01589634667479e+75
0.0836	0.08	-7.393683386798e+74
0.0858	0.08	-1.14621428700543e+75
0.088	0.08	-3.73716133787607e+75
0.0902	0.08	-2.24210731794863e+75
0.0924	0.08	2.21462095175323e+73
0.0946	0.08	1.73842224334274e+74
0.0968	0.08	9.78732219044346e+73
0.099	0.08	1.2194970404859e+73
0.1012	0.08	1.27008556997352e+73
0.1034	0.08	3.12672481495866e+72
0.1056	0.08	2.28968513515587e+72
0.1078	0.08	4.70693039358064e+72
0.11	0.08	5.21348420379682e+72
0	0.0832	-8.05785594022198e+50
0.0022	0.0832	2.06156854283319e+51
0.0044	0.0832	-6.49353947972812e+51
0.0066	0.0832	2.11474821641951e+52
0.0088	0.0832	-7.05892778182158e+52
0.011	0.0832	2.65093056202517e+53
0.0132	0.0832	-6.30824550440212e+53
0.0154	0.0832	2.92178278301914e+54
0.0176	0.0832	-1.18363675807152e+55
0.0198	0.0832	2.35658040600942e+55
0.022	0.0832	-1.37602161922167e+56
0.0242	0.0832	5.11442452395002e+56
0.0264	0.0832	-1.43695825665799e+57
0.0286	0.0832	6.31727443552746e+57
0.0308	0.0832	-2.05997737598331e+58
0.033	0.0832	1.23468210026155e+59
0.0352	0.0832	-2.94564453318998e+59
0.0374	0.0832	5.05390800734313e+59
0.0396	0.0832	-7.70309142371539e+60
0.0418	0.0832	2.74210919257576e+60
0.044	0.0832	-8.52909420341234e+61
0.0462	0.0832	2.96543950175177e+62
0.0484	0.0832	-1.61416048845686e+63
0.0506	0.0832	1.5992073537678e+64
0.0528	0.0832	-1.41566016863852e+65
0.055	0.0832	1.10039471908088e+66
0.0572	0.0832	-8.58886841996354e+66
0.0594	0.0832	6.78553838109562e+67
0.0616	0.0832	-5.48442518452002e+68
0.0638	0.0832	4.61086767230925e+69
0.066	0.0832	-4.12009285734719e+70
0.0682	0.0832	3.99421183363118e+71
0.0704	0.0832	-4.24124846553442e+72
0.0726	0.0832	4.89611710983714e+73
0.0748	0.0832	-6.02362031254369e+74
0.077	0.0832	-7.60130515173785e+74
0.0792	0.0832	-8.13460364659059e+74
0.0814	0.0832	-8.63646595961865e+74
0.0836	0.0832	-7.28156834739294e+74
0.0858	0.0832	-7.4870703467436e+74
0.088	0.0832	-2.72238312773603e+75
0.0902	0.0832	-2.34911894906717e+75
0.0924	0.0832	-5.15764593513339e+74
0.0946	0.0832	1.88319171005589e+74
0.0968	0.0832	5.19842836184083e+73
0.099	0.0832	6.51037252745229e+72
0.1012	0.0832	-8.04837709957965e+72
0.1034	0.0832	-5.40266334240057e+71
0.1056	0.0832	4.37632327253463e+72
0.1078	0.0832	5.77470264247125e+72
0.11	0.0832	6.34019139578418e+72
0	0.0864	-1.5813486593308e+50
0.0022	0.0864	-1.8921782048173e+51
0.0044	0.0864	7.07003551642501e+51
0.0066	0.0864	-2.27160654945726e+52
0.0088	0.0864	7.21184287848077e+52
0.011	0.0864	-2.04122461584445e+53
0.0132	0.0864	9.53703866740319e+53
0.0154	0.0864	-2.35740407680582e+54
0.0176	0.0864	6.18678409855354e+54
0.0198	0.0864	-3.92525229319478e+55
0.022	0.0864	7.66965441046624e+55
0.0242	0.0864	-2.37078795621378e+56
0.0264	0.0864	1.23044742517468e+57
0.0286	0.0864	-3.81189680027531e+57
0.0308	0.0864	1.86917380951288e+58
0.033	0.0864	-2.86395653065128e+58
0.0352	0.0864	3.21567440453232e+59
0.0374	0.0864	-1.96143150531519e+60
0.0396	0.0864	1.84339575684501e+60
0.0418	0.0864	-3.93817586953014e+61
0.044	0.0864	8.23643084749439e+61
0.0462	0.0864	-4.77142568248723e+62
0.0484	0.0864	2.36064229039808e+63
0.0506	0.0864	-2.18458848413334e+64
0.0528	0.0864	1.80609658067857e+65
0.055	0.0864	-1.3803863754669e+66
0.0572	0.0864	1.03292998265294e+67
0.0594	0.0864	-7.44139340238301e+67
0.0616	0.0864	4.96699272533471e+68
0.0638	0.0864	-2.76007935464054e+69
0.066	0.0864	6.9175554048473e+69
0.0682	0.0864	1.35862985868517e+71
0.0704	0.0864	-3.51172359180562e+72
0.0726	0.0864	5.89640459450777e+73
0.0748	0.0864	-8.65863251748109e+74
0.077	0.0864	-1.01605415680533e+75
0.0792	0.0864	-1.05209321327743e+75
0.0814	0.0864	-1.23753463078354e+75
0.0836	0.0864	-1.3572635749835e+75
0.0858	0.0864	-1.57084758030437e+75
0.088	0.0864	-3.00425466119494e+75
0.0902	0.0864	-1.74223364478779e+75
0.0924	0.0864	9.39024498816752e+73
0.0946	0.0864	8.45710635259381e+73
0.0968	0.0864	6.4643493909108e+73
0.099	0.0864	9.75265763742078e+71
0.1012	0.0864	4.87354297186455e+72
0.1034	0.0864	4.2444389436908e+72
0.1056	0.0864	3.82018665383951e+72
0.1078	0.0864	6.30812251477375e+72
0.11	0.0864	6.65587766305655e+72
0	0.0896	3.54044685405909e+51
0.0022	0.0896	-2.81573675709007e+51
0.0044	0.0896	9.97094749803465e+50
0.0066	0.0896	6.70615585161476e+51
0.0088	0.0896	-3.93646452041332e+52
0.011	0.0896	1.96814470088392e+53
0.0132	0.0896	-4.41042621604578e+53
0.0154	0.0896	2.61487365420222e+54
0.0176	0.0896	-1.12890004492526e+55
0.0198	0.0896	2.11704244952602e+55
0.022	0.0896	-1.38813776864575e+56
0.0242	0.0896	5.2013347965963e+56
0.0264	0.0896	-1.4505427074279e+57
0.0286	0.0896	6.50562489453765e+57
0.0308	0.0896	-2.13000079507913e+58
0.033	0.0896	1.30343108591885e+59
0.0352	0.0896	-2.99308598237318e+59
0.0374	0.0896	5.38650087839206e+59
0.0396	0.0896	-9.00246277206864e+60
0.0418	0.0896	4.04754819335055e+60
0.044	0.0896	-1.25337631840468e+62
0.0462	0.0896	4.86609254752399e+62
0.0484	0.0896	-2.9844215191345e+63
0.0506	0.0896	2.63282203578202e+64
0.0528	0.0896	-2.1238861931895e+65
0.055	0.0896	1.75954512538028e+66
0.0572	0.0896	-1.48821994640945e+67
0.0594	0.0896	1.2919844496451e+68
0.0616	0.0896	-1.15830696529288e+69
0.0638	0.0896	1.07876488739715e+70
0.066	0.0896	-1.04842629482212e+71
0.0682	0.0896	1.0654958559105e+72
0.0704	0.0896	-1.13118974172985e+73
0.0726	0.0896	1.24982752795024e+74
0.0748	0.0896	-1.42914642588991e+75
0.077	0.0896	-1.64876444001793e+75
0.0792	0.0896	-1.70364290661341e+75
0.0814	0.0896	-1.92674294172155e+75
0.0836	0.0896	-2.00550008406022e+75
0.0858	0.0896	-2.24062759742009e+75
0.088	0.0896	-2.04867575721996e+75
0.0902	0.0896	-1.93377574501931e+75
0.0924	0.0896	-5.53472828270306e+74
0.0946	0.0896	1.48540872723561e+74
0.0968	0.0896	9.72695986357445e+72
0.099	0.0896	7.75819565941201e+72
0.1012	0.0896	-2.86031297501223e+72
0.1034	0.0896	1.22621955664412e+72
0.1056	0.0896	5.95288974805176e+72
0.1078	0.0896	7.59509335346972e+72
0.11	0.0896	7.87076588189431e+72
0	0.0928	-4.34484997841972e+51
0.0022	0.0928	6.62273231420377e+51
0.0044	0.0928	-1.23089902842114e+52
0.0066	0.0928	2.54561540178578e+52
0.0088	0.0928	-5.70940778048024e+52
0.011	0.0928	1.64225015423528e+53
0.0132	0.0928	-9.1299349730765e+52
0.0154	0.0928	9.43215911616325e+53
0.0176	0.0928	-3.97678510596182e+54
0.0198	0.0928	-9.4442236491276e+54
0.022	0.0928	-2.29275828722722e+55
0.0242	0.0928	7.34200823720531e+55
0.0264	0.0928	2.77375441194353e+56
0.0286	0.0928	-4.82736616236053e+56
0.0308	0.0928	7.63783997253867e+57
0.033	0.0928	1.14097550648463e+58
0.0352	0.0928	2.18327244140837e+59
0.0374	0.0928	-1.66631949988802e+60
0.0396	0.0928	2.694623767263e+58
0.0418	0.0928	-3.93388984178448e+61
0.044	0.0928	5.95778461982833e+61
0.0462	0.0928	-4.66272348739324e+62
0.0484	0.0928	2.49683330455075e+63
0.0506	0.0928	-2.04834633135136e+64
0.0528	0.0928	1.40565950140329e+65
0.055	0.0928	-1.08261848366681e+66
0.0572	0.0928	8.29384950925424e+66
0.0594	0.0928	-6.25678817014699e+67
0.0616	0.0928	4.57334905693094e+68
0.0638	0.0928	-3.12732772647337e+69
0.066	0.0928	1.8189647446285e+70
0.0682	0.0928	-5.57538216338417e+70
0.0704	0.0928	-7.45329512149639e+71
0.0726	0.0928	2.18218842096794e+73
0.0748	0.0928	-3.8566126522952e+74
0.077	0.0928	-4.1815220150916e+74
0.0792	0.0928	-4.21274183586429e+74
0.0814	0.0928	-4.54321473034359e+74
0.0836	0.0928	-4.62309462796837e+74
0.0858	0.0928	-4.95230520749636e+74
0.088	0.0928	-5.80917573811652e+74
0.0902	0.0928	-7.06862007898823e+74
0.0924	0.0928	-1.1211351276311e+72
0.0946	0.0928	6.81757656526522e+73
0.0968	0.0928	4.27713322460881e+73
0.099	0.0928	-4.8094019163586e+72
0.1012	0.0928	3.17377211964038e+72
0.1034	0.0928	5.83260437337537e+72
0.1056	0.0928	6.07313701490437e+72
0.1078	0.0928	8.40460835777108e+72
0.11	0.0928	8.42685511764682e+72
0	0.096	3.14935339807197e+51
0.0022	0.096	-5.19251286539238e+51
0.0044	0.096	1.16175140172453e+52
0.0066	0.096	-2.96355558634296e+52
0.0088	0.096	7.87859992989157e+52
0.011	0.096	-1.83157134653326e+53
0.0132	0.096	8.4017444087303e+53
0.0154	0.096	-1.44420728532891e+54
0.0176	0.096	2.26239990749437e+54
0.0198	0.096	-2.64640914872132e+55
0.022	0.096	1.64864984884601e+55
0.0242	0.096	-1.73901976170131e+55
0.0264	0.096	4.66947606297733e+56
0.0286	0.096	-6.34073544883862e+56
0.0308	0.096	6.18026801969842e+57
0.033	0.096	2.83316751652726e+58
0.0352	0.096	1.23497730828543e+59
0.0374	0.096	-1.10231878548064e+60
0.0396	0.096	-3.76784339598727e+60
0.0418	0.096	-2.21406075898627e+61
0.044	0.096	-5.73893004152917e+61
0.0462	0.096	1.70596799245727e+62
0.0484	0.096	-1.77143025081085e+63
0.0506	0.096	1.06914256049833e+64
0.0528	0.096	-5.40077280999743e+64
0.055	0.096	3.43689678708815e+65
0.0572	0.096	-1.98644667467936e+66
0.0594	0.096	9.01103098132568e+66
0.0616	0.096	-9.50521004337037e+66
0.0638	0.096	-4.92425034613757e+68
0.066	0.096	9.02159445321227e+69
0.0682	0.096	-1.15822991980218e+71
0.0704	0.096	1.26964787791601e+72
0.0726	0.096	-1.23073927720462e+73
0.0748	0.096	1.0202511247526e+74
0.077	0.096	1.14330269902896e+74
0.0792	0.096	1.16862914564943e+74
0.0814	0.096	1.29701246299368e+74
0.0836	0.096	1.34292296712347e+74
0.0858	0.096	1.47642856864771e+74
0.088	0.096	1.72575896470438e+74
0.0902	0.096	2.10414050519474e+74
0.0924	0.096	3.97758363092642e+73
0.0946	0.096	2.48040753880946e+73
0.0968	0.096	1.66962879499433e+73
0.099	0.096	1.82863111189869e+72
0.1012	0.096	7.92373762705473e+71
0.1034	0.096	4.59501315061225e+72
0.1056	0.096	8.25857624560968e+72
0.1078	0.096	1.00259849145855e+73
0.11	0.096	9.74980749908772e+72
0	0.0992	-3.10406192956162e+51
0.0022	0.0992	6.13708061154318e+51
0.0044	0.0992	-1.37262005285721e+52
0.0066	0.0992	3.29344811536156e+52
0.0088	0.0992	-8.69786914117699e+52
0.011	0.0992	2.78314745877217e+53
0.0132	0.0992	-4.60242590705358e+53
0.0154	0.0992	2.44926495011652e+54
0.0176	0.0992	-9.25511441583681e+54
0.0198	0.0992	6.97678750459478e+54
0.022	0.0992	-8.74632495269409e+55
0.0242	0.0992	2.92615529904648e+56
0.0264	0.0992	-4.49996055096841e+56
0.0286	0.0992	2.35948355455928e+57
0.0308	0.0992	-3.00976983103571e+57
0.033	0.0992	5.64342473322529e+58
0.0352	0.0992	7.07960163996001e+58
0.0374	0.0992	-1.06182083045763e+60
0.0396	0.0992	-3.74432063240697e+60
0.0418	0.0992	-2.96859679565712e+61
0.044	0.0992	-2.47112314998675e+61
0.0462	0.0992	-1.44412597923307e+62
0.0484	0.0992	5.94694513413339e+62
0.0506	0.0992	-3.73684921033566e+63
0.0528	0.0992	5.40342893220305e+63
0.055	0.0992	1.64737343663125e+64
0.0572	0.0992	-5.83682943550343e+65
0.0594	0.0992	8.1272651876034e+66
0.0616	0.0992	-9.04108798033672e+67
0.0638	0.0992	8.95689589979908e+68
0.066	0.0992	-8.15356354139828e+69
0.0682	0.0992	6.84245770441682e+70
0.0704	0.0992	-5.19380115402273e+71
0.0726	0.0992	3.35986988430945e+72
0.0748	0.0992	-1.49738645752628e+73
0.077	0.0992	-1.78701489971335e+73
0.0792	0.0992	-1.86998815344477e+73
0.0814	0.0992	-2.18180785830374e+73
0.0836	0.0992	-2.32536883150036e+73
0.0858	0.0992	-2.66143184417375e+73
0.088	0.0992	-3.32918503529635e+73
0.0902	0.0992	-4.30940877385476e+73
0.0924	0.0992	-8.29588126889149e+71
0.0946	0.0992	3.60845982092259e+72
0.0968	0.0992	5.69193551793776e+72
0.099	0.0992	6.39803600610055e+72
0.1012	0.0992	6.89865150570897e+72
0.1034	0.0992	9.17186825245676e+72
0.1056	0.0992	9.1858509103623e+72
0.1078	0.0992	1.12054316494887e+73
0.11	0.0992	1.05607500438772e+73
0	0.1024	7.4296885339186e+50
0.0022	0.1024	-4.31625637715565e+51
0.0044	0.1024	1.45837983653834e+52
0.0066	0.1024	-4.52316738318219e+52
0.0088	0.1024	1.35579451652095e+53
0.011	0.1024	-3.73128825223722e+53
0.0132	0.1024	1.52203192087261e+54
0.0154	0.1024	-3.53340944807783e+54
0.0176	0.1024	9.37215163858943e+54
0.0198	0.1024	-5.2881435205869e+55
0.022	0.1024	9.9855214634606e+55
0.0242	0.1024	-3.1241336350707e+56
0.0264	0.1024	1.55133309426498e+57
0.0286	0.1024	-4.65331248194073e+57
0.0308	0.1024	2.18613629089275e+58
0.033	0.1024	-2.83368132520085e+58
0.0352	0.1024	3.7415579152069e+59
0.0374	0.1024	-2.06060855055623e+60
0.0396	0.1024	-1.37206664111004e+60
0.0418	0.1024	-3.82433872930403e+61
0.044	0.1024	-3.76452059592127e+61
0.0462	0.1024	3.86928605615264e+60
0.0484	0.1024	-1.11236022343767e+63
0.0506	0.1024	-3.85328790025047e+62
0.0528	0.1024	1.02032881279244e+64
0.055	0.1024	-1.03440088769274e+65
0.0572	0.1024	9.61504039635422e+65
0.0594	0.1024	-8.44003762366491e+66
0.0616	0.1024	7.05787042381542e+67
0.0638	0.1024	-5.63423065315686e+68
0.066	0.1024	4.28507028782696e+69
0.0682	0.1024	-3.09226678725509e+70
0.0704	0.1024	2.11430406352048e+71
0.0726	0.1024	-1.39303435241849e+72
0.0748	0.1024	9.57109329796967e+72
0.077	0.1024	1.08752003003616e+73
0.0792	0.1024	1.12254469051639e+73
0.0814	0.1024	1.26112298119954e+73
0.0836	0.1024	1.31932515195451e+73
0.0858	0.1024	1.46783604293449e+73
0.088	0.1024	1.66766923427829e+73
0.0902	0.1024	1.98775195564181e+73
0.0924	0.1024	9.59047671793341e+72
0.0946	0.1024	8.98946035218099e+72
0.0968	0.1024	8.78942883439837e+72
0.099	0.1024	9.13821804525943e+72
0.1012	0.1024	9.37650533272678e+72
0.1034	0.1024	1.0223121644695e+73
0.1056	0.1024	1.16302322775587e+73
0.1078	0.1024	1.32695262693301e+73
0.11	0.1024	1.20250841666488e+73
0	0.1056	2.20969587271062e+51
0.0022	0.1056	-7.54253441420917e+50
0.0044	0.1056	-2.86791592091462e+51
0.0066	0.1056	1.36024215620575e+52
0.0088	0.1056	-5.3460910538486e+52
0.011	0.1056	2.33712347451731e+53
0.0132	0.1056	-4.10023102429526e+53
0.0154	0.1056	2.85718145206682e+54
0.0176	0.1056	-1.15012876799232e+55
0.0198	0.1056	1.48166486888157e+55
0.022	0.1056	-1.28869397910611e+56
0.0242	0.1056	4.47169070623373e+56
0.0264	0.1056	-9.97854588455193e+56
0.0286	0.1056	4.71413706194277e+57
0.0308	0.1056	-1.25032240774952e+58
0.033	0.1056	1.00285054984212e+59
0.0352	0.1056	-8.19395620933366e+58
0.0374	0.1056	-3.7016786378648e+59
0.0396	0.1056	-8.24682773027419e+60
0.0418	0.1056	-1.74411232463377e+61
0.044	0.1056	-1.32395826955433e+62
0.0462	0.1056	2.39133856881385e+62
0.0484	0.1056	5.29590904586863e+61
0.0506	0.1056	1.17048267709455e+63
0.0528	0.1056	-1.07260435965875e+64
0.055	0.1056	8.70828818250922e+64
0.0572	0.1056	-6.79929951018455e+65
0.0594	0.1056	5.09658501437761e+66
0.0616	0.1056	-3.63359541278597e+67
0.0638	0.1056	2.41595583414205e+68
0.066	0.1056	-1.4313137247545e+69
0.0682	0.1056	6.55455343778436e+69
0.0704	0.1056	-5.60840485005447e+69
0.0726	0.1056	-4.05005047912773e+71
0.0748	0.1056	7.70807519025139e+72
0.077	0.1056	8.0461450867656e+72
0.0792	0.1056	8.05067615893158e+72
0.0814	0.1056	8.36475406618683e+72
0.0836	0.1056	8.35748415899283e+72
0.0858	0.1056	8.64605429747404e+72
0.088	0.1056	8.32212519487446e+72
0.0902	0.1056	8.16811586669979e+72
0.0924	0.1056	1.10135341362509e+73
0.0946	0.1056	1.18928985454331e+73
0.0968	0.1056	1.22544026999367e+73
0.099	0.1056	1.29164192749708e+73
0.1012	0.1056	1.32251049350273e+73
0.1034	0.1056	1.37849981464878e+73
0.1056	0.1056	1.38737868250356e+73
0.1078	0.1056	1.48626644878407e+73
0.11	0.1056	1.31457783078412e+73
0	0.1088	-2.50306181832643e+51
0.0022	0.1088	2.59292758440734e+51
0.0044	0.1088	-9.90433183189426e+50
0.0066	0.1088	-6.75156568017446e+51
0.0088	0.1088	3.06411292114324e+52
0.011	0.1088	-6.66886754027888e+52
0.0132	0.1088	6.52888930995397e+53
0.0154	0.1088	-6.42130121228739e+53
0.0176	0.1088	3.99615001620443e+53
0.0198	0.1088	-2.68234768745938e+55
0.022	0.1088	8.7548977627484e+54
0.0242	0.1088	-2.5978204687972e+55
0.0264	0.1088	6.62005174241284e+56
0.0286	0.1088	-1.41726861846681e+57
0.0308	0.1088	1.06459133221478e+58
0.033	0.1088	1.55346746821647e+58
0.0352	0.1088	2.51451096404924e+59
0.0374	0.1088	-1.60327313184882e+60
0.0396	0.1088	-4.46070523388824e+60
0.0418	0.1088	-3.51954858773007e+61
0.044	0.1088	3.19943796366046e+61
0.0462	0.1088	-5.65709181726946e+61
0.0484	0.1088	9.71901226494106e+61
0.0506	0.1088	-1.01511511376718e+63
0.0528	0.1088	7.98762301884949e+63
0.055	0.1088	-6.04405182366894e+64
0.0572	0.1088	4.49121699871069e+65
0.0594	0.1088	-3.28828871986653e+66
0.0616	0.1088	2.38557773235047e+67
0.0638	0.1088	-1.73445454774887e+68
0.066	0.1088	1.29006870226859e+69
0.0682	0.1088	-1.0128374182191e+70
0.0704	0.1088	8.69284659743308e+70
0.0726	0.1088	-8.32555959847243e+71
0.0748	0.1088	8.82833025280123e+72
0.077	0.1088	9.46985747511355e+72
0.0792	0.1088	9.5929885009957e+72
0.0814	0.1088	1.02462604531717e+73
0.0836	0.1088	1.04323513352249e+73
0.0858	0.1088	1.11035400209827e+73
0.088	0.1088	1.14311956785574e+73
0.0902	0.1088	1.2234575237056e+73
0.0924	0.1088	1.18129963455464e+73
0.0946	0.1088	1.2360344694251e+73
0.0968	0.1088	1.26269299711717e+73
0.099	0.1088	1.32536967428538e+73
0.1012	0.1088	1.35939109326376e+73
0.1034	0.1088	1.4276560351634e+73
0.1056	0.1088	1.47360754224888e+73
0.1078	0.1088	1.53450144029796e+73
0.11	0.1088	1.59055046420588e+73
0	0.112	2.38418338150478e+51
0.0022	0.112	-3.11603124989167e+51
0.0044	0.112	4.75946716092571e+51
0.0066	0.112	-8.28019884248289e+51
0.0088	0.112	7.67096418758708e+51
0.011	0.112	6.08213839652146e+52
0.0132	0.112	1.58950299373944e+53
0.0154	0.112	1.33795425670893e+54
0.0176	0.112	-6.577215471525e+54
0.0198	0.112	-3.72020103470028e+54
0.022	0.112	-7.56323459545514e+55
0.0242	0.112	2.59073948854681e+56
0.0264	0.112	-2.96210903825653e+56
0.0286	0.112	2.19854209794987e+57
0.0308	0.112	-2.70501473279074e+57
0.033	0.112	6.72990668871763e+58
0.0352	0.112	7.93162857987547e+58
0.0374	0.112	-9.52403322078297e+59
0.0396	0.112	-7.57404358127e+60
0.0418	0.112	7.7733992867763e+60
0.044	0.112	-8.14919842153058e+60
0.0462	0.112	1.96999077555652e+61
0.0484	0.112	-8.77776357443381e+61
0.0506	0.112	6.97882330591478e+62
0.0528	0.112	-5.19505031173586e+63
0.055	0.112	3.80665708732118e+64
0.0572	0.112	-2.76710648341232e+65
0.0594	0.112	2.00181261853576e+66
0.0616	0.112	-1.44687814452704e+67
0.0638	0.112	1.04940048692472e+68
0.066	0.112	-7.66207009019433e+68
0.0682	0.112	5.62455776551257e+69
0.0704	0.112	-4.10233282353531e+70
0.0726	0.112	2.87192287948816e+71
0.0748	0.112	-1.75232763833723e+72
0.077	0.112	-1.93386154591846e+72
0.0792	0.112	-1.97932361037052e+72
0.0814	0.112	-2.16709068942767e+72
0.0836	0.112	-2.23366265980276e+72
0.0858	0.112	-2.42995925303025e+72
0.088	0.112	-2.53842363233177e+72
0.0902	0.112	-2.77382650349783e+72
0.0924	0.112	-2.69600087806472e+72
0.0946	0.112	-2.86776159120226e+72
0.0968	0.112	-2.97107976367072e+72
0.099	0.112	-3.16854733093332e+72
0.1012	0.112	-3.29717382218686e+72
0.1034	0.112	-3.51530986330098e+72
0.1056	0.112	-3.68193517690959e+72
0.1078	0.112	-3.88859814923664e+72
0.11	0.112	-4.08901659768766e+72
0	0.1152	-1.82948405478984e+51
0.0022	0.1152	3.42954151376705e+51
0.0044	0.1152	-5.02612005476027e+51
0.0066	0.1152	5.578898204716e+51
0.0088	0.1152	-8.06100129484702e+51
0.011	0.1152	5.7699045877587e+52
0.0132	0.1152	3.19663440135336e+53
0.0154	0.1152	6.61403739277242e+53
0.0176	0.1152	-3.5795320709013e+54
0.0198	0.1152	-1.68764472958138e+55
0.022	0.1152	-3.11757557969713e+55
0.0242	0.1152	9.20749070054094e+55
0.0264	0.1152	3.36260538464895e+56
0.0286	0.1152	-1.88685146691497e+56
0.0308	0.1152	6.67436033763367e+57
0.033	0.1152	3.36698362214707e+58
0.0352	0.1152	2.24023598259919e+59
0.0374	0.1152	-1.46947461194506e+60
0.0396	0.1152	1.65116392051815e+60
0.0418	0.1152	-1.74614588838184e+60
0.044	0.1152	2.48829127535434e+60
0.0462	0.1152	-9.35399547082037e+60
0.0484	0.1152	5.73579039466937e+61
0.0506	0.1152	-4.21777206147253e+62
0.0528	0.1152	3.0317211164861e+63
0.055	0.1152	-2.15791431827449e+64
0.0572	0.1152	1.52457270692674e+65
0.0594	0.1152	-1.06943978153205e+66
0.0616	0.1152	7.44352217649693e+66
0.0638	0.1152	-5.12791414420416e+67
0.066	0.1152	3.47574270202881e+68
0.0682	0.1152	-2.2893654845851e+69
0.0704	0.1152	1.42976304151458e+70
0.0726	0.1152	-8.0416500089119e+70
0.0748	0.1152	3.56505279181077e+71
0.077	0.1152	4.06838443170633e+71
0.0792	0.1152	4.21507306117015e+71
0.0814	0.1152	4.74271453269132e+71
0.0836	0.1152	4.95629718135759e+71
0.0858	0.1152	5.51614284142925e+71
0.088	0.1152	5.85188810202836e+71
0.0902	0.1152	6.5260059438733e+71
0.0924	0.1152	6.39766545809533e+71
0.0946	0.1152	6.91435821616764e+71
0.0968	0.1152	7.26502023882541e+71
0.099	0.1152	7.86252112454632e+71
0.1012	0.1152	8.29573051145376e+71
0.1034	0.1152	8.96391972366401e+71
0.1056	0.1152	9.5151779809302e+71
0.1078	0.1152	1.01745007939179e+72
0.11	0.1152	1.08347560779648e+72
0	0.1184	1.06211003268893e+51
0.0022	0.1184	-2.449671252679e+51
0.0044	0.1184	6.57515953464609e+51
0.0066	0.1184	-1.72666753080497e+52
0.0088	0.1184	3.64934610497444e+52
0.011	0.1184	-2.57683053005695e+52
0.0132	0.1184	4.93590064769826e+53
0.0154	0.1184	5.32584533350135e+53
0.0176	0.1184	-3.72893692391436e+54
0.0198	0.1184	-1.61480870744657e+55
0.022	0.1184	-4.24239191234265e+55
0.0242	0.1184	1.33896793626113e+56
0.0264	0.1184	2.00445195654719e+56
0.0286	0.1184	4.4129437581947e+56
0.0308	0.1184	4.28730816224161e+57
0.033	0.1184	4.52457576409031e+58
0.0352	0.1184	-6.81604185740925e+58
0.0374	0.1184	2.99337995514098e+59
0.0396	0.1184	-3.55790553756178e+59
0.0418	0.1184	4.28501986561506e+59
0.044	0.1184	-9.47862329529324e+59
0.0462	0.1184	4.8908867159534e+60
0.0484	0.1184	-3.26209030596325e+61
0.0506	0.1184	2.29891421683042e+62
0.0528	0.1184	-1.59868393314672e+63
0.055	0.1184	1.10012686951285e+64
0.0572	0.1184	-7.48687094411718e+64
0.0594	0.1184	5.02798287733901e+65
0.0616	0.1184	-3.31971246786364e+66
0.0638	0.1184	2.14150105234534e+67
0.066	0.1184	-1.33592434093763e+68
0.0682	0.1184	7.92179592590282e+68
0.0704	0.1184	-4.33293754962007e+69
0.0726	0.1184	2.0623935563214e+70
0.0748	0.1184	-7.428532489891e+70
0.077	0.1184	-8.80581190198535e+70
0.0792	0.1184	-9.2495139501732e+70
0.0814	0.1184	-1.07107063663044e+71
0.0836	0.1184	-1.13588909018068e+71
0.0858	0.1184	-1.29298142177961e+71
0.088	0.1184	-1.39301363010254e+71
0.0902	0.1184	-1.5831575670752e+71
0.0924	0.1184	-1.56740207595761e+71
0.0946	0.1184	-1.71879941585807e+71
0.0968	0.1184	-1.83016325673442e+71
0.099	0.1184	-2.00639138493949e+71
0.1012	0.1184	-2.143741716216e+71
0.1034	0.1184	-2.34298870496798e+71
0.1056	0.1184	-2.516299327122e+71
0.1078	0.1184	-2.71892917173384e+71
0.11	0.1184	-2.92643822907396e+71
0	0.1216	-4.51621005727715e+50
0.0022	0.1216	1.78972137132256e+51
0.0044	0.1216	-3.07167866557238e+51
0.0066	0.1216	3.60497796928443e+51
0.0088	0.1216	-1.06394882008867e+52
0.011	0.1216	8.4118735654288e+52
0.0132	0.1216	2.73084658915638e+53
0.0154	0.1216	1.15607174132723e+54
0.0176	0.1216	-5.04817336547984e+54
0.0198	0.1216	-1.49261008100227e+55
0.022	0.1216	-4.70696761200027e+55
0.0242	0.1216	1.33157020046838e+56
0.0264	0.1216	2.59410832651316e+56
0.0286	0.1216	2.06919740945358e+56
0.0308	0.1216	5.51459561010702e+57
0.033	0.1216	-1.02094834555495e+58
0.0352	0.1216	1.79281379918764e+58
0.0374	0.1216	-6.18793666908102e+58
0.0396	0.1216	7.93625593244935e+58
0.0418	0.1216	-1.2224300968364e+59
0.044	0.1216	4.17862423268513e+59
0.0462	0.1216	-2.50656944795978e+60
0.0484	0.1216	1.68335770362942e+61
0.0506	0.1216	-1.14509318436077e+62
0.0528	0.1216	7.69059780429231e+62
0.055	0.1216	-5.09587494713899e+63
0.0572	0.1216	3.32343840439528e+64
0.0594	0.1216	-2.12526355971334e+65
0.0616	0.1216	1.32513317290978e+66
0.0638	0.1216	-7.98949489622141e+66
0.066	0.1216	4.59981506730752e+67
0.0682	0.1216	-2.47969917054582e+68
0.0704	0.1216	1.21160719869986e+69
0.0726	0.1216	-5.05539103662646e+69
0.0748	0.1216	1.58258539434875e+70
0.077	0.1216	1.95608743291094e+70
0.0792	0.1216	2.08547575052302e+70
0.0814	0.1216	2.48610161837334e+70
0.0836	0.1216	2.67646445012614e+70
0.0858	0.1216	3.11237200195126e+70
0.088	0.1216	3.4032987599757e+70
0.0902	0.1216	3.93399009745768e+70
0.0924	0.1216	3.93569560439853e+70
0.0946	0.1216	4.37152841855133e+70
0.0968	0.1216	4.71154759254088e+70
0.099	0.1216	5.22232251129235e+70
0.1012	0.1216	5.64208791141043e+70
0.1034	0.1216	6.22534077469049e+70
0.1056	0.1216	6.75294030400691e+70
0.1078	0.1216	7.36037763406074e+70
0.11	0.1216	7.99301608211269e+70
0	0.1248	2.07702058993074e+50
0.0022	0.1248	-1.16760938320235e+51
0.0044	0.1248	5.39219563424751e+51
0.0066	0.1248	-1.64611172476842e+52
0.0088	0.1248	3.49669453583913e+52
0.011	0.1248	-1.95412043152761e+52
0.0132	0.1248	5.4793160963416e+53
0.0154	0.1248	6.55772308229043e+53
0.0176	0.1248	-3.80147297639947e+54
0.0198	0.1248	-1.92734894167414e+55
0.022	0.1248	-4.11781378587358e+55
0.0242	0.1248	1.14976344263413e+56
0.0264	0.1248	3.34015141807298e+56
0.0286	0.1248	2.48467377465279e+55
0.0308	0.1248	-1.18559615998406e+57
0.033	0.1248	2.2997534315933e+57
0.0352	0.1248	-4.4454052326276e+57
0.0374	0.1248	1.30870857248148e+58
0.0396	0.1248	-1.90078664497853e+58
0.0418	0.1248	4.15106069854118e+58
0.044	0.1248	-1.92702378611943e+59
0.0462	0.1248	1.21609839654769e+60
0.0484	0.1248	-8.01997617282433e+60
0.0506	0.1248	5.27127987672151e+61
0.0528	0.1248	-3.41388009007268e+62
0.055	0.1248	2.17357614266236e+63
0.0572	0.1248	-1.3557850608454e+64
0.0594	0.1248	8.24478402491801e+64
0.0616	0.1248	-4.85515413490962e+65
0.0638	0.1248	2.7423128130397e+66
0.066	0.1248	-1.46525951835207e+67
0.0682	0.1248	7.25350457240077e+67
0.0704	0.1248	-3.21807729658829e+68
0.0726	0.1248	1.20820084975778e+69
0.0748	0.1248	-3.43822616616304e+69
0.077	0.1248	-4.44470762910768e+69
0.0792	0.1248	-4.81348868132079e+69
0.0814	0.1248	-5.90412994496608e+69
0.0836	0.1248	-6.45147845002366e+69
0.0858	0.1248	-7.65141607512182e+69
0.088	0.1248	-8.48377849123627e+69
0.0902	0.1248	-9.95358501824173e+69
0.0924	0.1248	-1.00628937052621e+70
0.0946	0.1248	-1.13018366247181e+70
0.0968	0.1248	-1.23135663302129e+70
0.099	0.1248	-1.37754502465617e+70
0.1012	0.1248	-1.50272483748485e+70
0.1034	0.1248	-1.6711817005807e+70
0.1056	0.1248	-1.82828693235697e+70
0.1078	0.1248	-2.00718736324505e+70
0.11	0.1248	-2.19601651746258e+70
0	0.128	2.18665987152587e+50
0.0022	0.128	4.9898134214642e+50
0.0044	0.128	-8.48742410725629e+50
0.0066	0.128	5.05947865835516e+50
0.0088	0.128	-9.8638731570296e+51
0.011	0.128	9.85157286689962e+52
0.0132	0.128	2.7780432864583e+53
0.0154	0.128	1.517151530679e+54
0.0176	0.128	-5.96738909526196e+54
0.0198	0.128	-1.51466179754832e+55
0.022	0.128	-5.66572873624459e+55
0.0242	0.128	1.51337936519953e+56
0.0264	0.128	-7.29331504653001e+55
0.0286	0.128	-1.97579978187701e+55
0.0308	0.128	2.58340845383573e+56
0.033	0.128	-5.22832066264068e+56
0.0352	0.128	1.07303094450929e+57
0.0374	0.128	-2.87975258431165e+57
0.0396	0.128	5.10790590125575e+57
0.0418	0.128	-1.60359750274723e+58
0.044	0.128	8.76324841557141e+58
0.0462	0.128	-5.55683701115812e+59
0.0484	0.128	3.56772709047068e+60
0.0506	0.128	-2.26568461155124e+61
0.0528	0.128	1.41400558996958e+62
0.055	0.128	-8.64549910391904e+62
0.0572	0.128	5.15705419502169e+63
0.0594	0.128	-2.98443606844609e+64
0.0616	0.128	1.66308169658659e+65
0.0638	0.128	-8.83253174905735e+65
0.066	0.128	4.40626984467818e+66
0.0682	0.128	-2.02135835685559e+67
0.0704	0.128	8.25364416706057e+67
0.0726	0.128	-2.8455270668148e+68
0.0748	0.128	7.59308578344025e+68
0.077	0.128	1.02926871858696e+69
0.0792	0.128	1.13278523091569e+69
0.0814	0.128	1.42814204965201e+69
0.0836	0.128	1.58324402007463e+69
0.0858	0.128	1.91159579145144e+69
0.088	0.128	2.14696694013204e+69
0.0902	0.128	2.55168873347687e+69
0.0924	0.128	2.60618941745008e+69
0.0946	0.128	2.95510089400413e+69
0.0968	0.128	3.25074921317638e+69
0.099	0.128	3.66520454956105e+69
0.1012	0.128	4.03205226627438e+69
0.1034	0.128	4.51366577969692e+69
0.1056	0.128	4.97404031658161e+69
0.1078	0.128	5.49401501747976e+69
0.11	0.128	6.04891073395974e+69
0	0.1312	-1.11419358772108e+49
0.0022	0.1312	-3.77135554507365e+50
0.0044	0.1312	3.99835974860771e+51
0.0066	0.1312	-1.31228541410266e+52
0.0088	0.1312	2.44748065237711e+52
0.011	0.1312	1.23604947489808e+52
0.0132	0.1312	5.3862462438479e+53
0.0154	0.1312	1.00576833483149e+54
0.0176	0.1312	-4.45639964407395e+54
0.0198	0.1312	-2.09468769479229e+55
0.022	0.1312	1.45442738307636e+55
0.0242	0.1312	-2.96255860324914e+55
0.0264	0.1312	1.46679467045546e+55
0.0286	0.1312	7.08738947005107e+54
0.0308	0.1312	-5.70023140424956e+55
0.033	0.1312	1.19930082168683e+56
0.0352	0.1312	-2.58293021332777e+56
0.0374	0.1312	6.77657464436193e+56
0.0396	0.1312	-1.57532439767878e+57
0.0418	0.1312	6.56390701644595e+57
0.044	0.1312	-3.84019399519882e+58
0.0462	0.1312	2.39954321313839e+59
0.0484	0.1312	-1.49526602643883e+60
0.0506	0.1312	9.17541896293033e+60
0.0528	0.1312	-5.51850915171375e+61
0.055	0.1312	3.24136748553713e+62
0.0572	0.1312	-1.8506382751071e+63
0.0594	0.1312	1.02087117216975e+64
0.0616	0.1312	-5.39773936118519e+64
0.0638	0.1312	2.70635941828631e+65
0.066	0.1312	-1.26783013812766e+66
0.0682	0.1312	5.4335213225891e+66
0.0704	0.1312	-2.06519979533229e+67
0.0726	0.1312	6.64469102133595e+67
0.0748	0.1312	-1.69853392309003e+68
0.077	0.1312	-2.42009179413903e+68
0.0792	0.1312	-2.7075637192722e+68
0.0814	0.1312	-3.50423844840348e+68
0.0836	0.1312	-3.93915566305099e+68
0.0858	0.1312	-4.83357227398586e+68
0.088	0.1312	-5.4933591131367e+68
0.0902	0.1312	-6.60277084628186e+68
0.0924	0.1312	-6.80995576749304e+68
0.0946	0.1312	-7.78550356715909e+68
0.0968	0.1312	-8.6380231916709e+68
0.099	0.1312	-9.80439437307583e+68
0.1012	0.1312	-1.08655764597653e+69
0.1034	0.1312	-1.2231556187459e+69
0.1056	0.1312	-1.35643241976239e+69
0.1078	0.1312	-1.50602475300161e+69
0.11	0.1312	-1.66715205868132e+69
0	0.1344	5.5188492034501e+50
0.0022	0.1344	-1.88418872475746e+50
0.0044	0.1344	5.51114608044579e+50
0.0066	0.1344	-9.25681324645544e+50
0.0088	0.1344	-1.20188774665556e+52
0.011	0.1344	1.1482840731759e+53
0.0132	0.1344	3.01106510478505e+53
0.0154	0.1344	1.83637056898904e+54
0.0176	0.1344	-6.58128888215453e+54
0.0198	0.1344	4.68934796076529e+54
0.022	0.1344	-3.43177813632912e+54
0.0242	0.1344	5.83930908415077e+54
0.0264	0.1344	-2.88821046104329e+54
0.0286	0.1344	-2.10058940240534e+54
0.0308	0.1344	1.27398519277231e+55
0.033	0.1344	-2.78772852868651e+55
0.0352	0.1344	6.35485510456605e+55
0.0374	0.1344	-1.75991374313295e+56
0.0396	0.1344	5.45747127528621e+56
0.0418	0.1344	-2.70514350525559e+57
0.044	0.1344	1.6119542447358e+58
0.0462	0.1344	-9.84476136526531e+58
0.0484	0.1344	5.94849174564995e+59
0.0506	0.1344	-3.52839284845006e+60
0.0528	0.1344	2.04624469948591e+61
0.055	0.1344	-1.15564240969403e+62
0.0572	0.1344	6.32420701190298e+62
0.0594	0.1344	-3.33223449854449e+63
0.0616	0.1344	1.67656443001919e+64
0.0638	0.1344	-7.96728839515623e+64
0.066	0.1344	3.52356477949215e+65
0.0682	0.1344	-1.42082364718482e+66
0.0704	0.1344	5.07536286374013e+66
0.0726	0.1344	-1.54378083397187e+67
0.0748	0.1344	3.83425037936511e+67
0.077	0.1344	5.75762405763592e+67
0.0792	0.1344	6.54972966601265e+67
0.0814	0.1344	8.69195250096802e+67
0.0836	0.1344	9.9019321779677e+67
0.0858	0.1344	1.2329562475933e+68
0.088	0.1344	1.41666764850259e+68
0.0902	0.1344	1.71968441679391e+68
0.0924	0.1344	1.79012466840426e+68
0.0946	0.1344	2.06133343056361e+68
0.0968	0.1344	2.30467218951406e+68
0.099	0.1344	2.63098359672203e+68
0.1012	0.1344	2.93488400676923e+68
0.1034	0.1344	3.31983301981191e+68
0.1056	0.1344	3.70201173193109e+68
0.1078	0.1344	4.12888195167575e+68
0.11	0.1344	4.59236355065647e+68
0	0.1376	-1.89570478060047e+50
0.0022	0.1376	3.30977388826392e+50
0.0044	0.1376	2.28834093040603e+51
0.0066	0.1376	-8.02563577729168e+51
0.0088	0.1376	9.16673041701057e+51
0.011	0.1376	5.43102861714225e+52
0.0132	0.1376	5.17561627485217e+53
0.0154	0.1376	-4.85141021729918e+53
0.0176	0.1376	1.30906070944382e+54
0.0198	0.1376	-1.00489431531661e+54
0.022	0.1376	7.84349662901715e+53
0.0242	0.1376	-1.15723408482723e+54
0.0264	0.1376	5.56322617291357e+53
0.0286	0.1376	5.7417260328643e+53
0.0308	0.1376	-2.89103930395824e+54
0.033	0.1376	6.62907530547201e+54
0.0352	0.1376	-1.64091503245891e+55
0.0374	0.1376	5.13013030788185e+55
0.0396	0.1376	-2.0234905698386e+56
0.0418	0.1376	1.09424748823172e+57
0.044	0.1376	-6.48522521889011e+57
0.0462	0.1376	3.85846876832802e+58
0.0484	0.1376	-2.26053394740227e+59
0.0506	0.1376	1.29692670225351e+60
0.0528	0.1376	-7.25862148203805e+60
0.055	0.1376	3.94638050178953e+61
0.0572	0.1376	-2.0733906502552e+62
0.0594	0.1376	1.0457806085764e+63
0.0616	0.1376	-5.0213132615842e+63
0.0638	0.1376	2.270105072459e+64
0.066	0.1376	-9.52380698529084e+64
0.0682	0.1376	3.63599525235833e+65
0.0704	0.1376	-1.23063196040912e+66
0.0726	0.1376	3.57499317454261e+66
0.0748	0.1376	-8.70119157232555e+66
0.077	0.1376	-1.38170715417496e+67
0.0792	0.1376	-1.59868150361569e+67
0.0814	0.1376	-2.17328726435832e+67
0.0836	0.1376	-2.50787516644471e+67
0.0858	0.1376	-3.16488545219105e+67
0.088	0.1376	-3.6737013143324e+67
0.0902	0.1376	-4.49891969688677e+67
0.0924	0.1376	-4.72428064965184e+67
0.0946	0.1376	-5.47478155160851e+67
0.0968	0.1376	-6.16380539778163e+67
0.099	0.1376	-7.07231995763864e+67
0.1012	0.1376	-7.9357086771254e+67
0.1034	0.1376	-9.01483509368872e+67
0.1056	0.1376	-1.01024107522458e+68
0.1078	0.1376	-1.13124404101985e+68
0.11	0.1376	-1.2635508116907e+68
0	0.1408	7.57149637140714e+50
0.0022	0.1408	-7.36911380014585e+50
0.0044	0.1408	1.8391335013632e+51
0.0066	0.1408	-2.36479703962339e+51
0.0088	0.1408	-1.11882324527493e+52
0.011	0.1408	1.11566266361362e+53
0.0132	0.1408	-1.1329250233864e+53
0.0154	0.1408	1.16971472420265e+53
0.0176	0.1408	-2.62815817909984e+53
0.0198	0.1408	2.14687568998187e+53
0.022	0.1408	-1.75497332673383e+53
0.0242	0.1408	2.30225727451984e+53
0.0264	0.1408	-1.0437061678219e+53
0.0286	0.1408	-1.51005345491369e+53
0.0308	0.1408	6.69813368631005e+53
0.033	0.1408	-1.63614063408972e+54
0.0352	0.1408	4.54820094568784e+54
0.0374	0.1408	-1.65694779107641e+55
0.0396	0.1408	7.68613631766366e+55
0.0418	0.1408	-4.30133817189584e+56
0.044	0.1408	2.50781411773016e+57
0.0462	0.1408	-1.45179324518592e+58
0.0484	0.1408	8.25026356351519e+58
0.0506	0.1408	-4.58197170447785e+59
0.0528	0.1408	2.47741042688237e+60
0.055	0.1408	-1.29838494855946e+61
0.0572	0.1408	6.56043624007894e+61
0.0594	0.1408	-3.17448003868145e+62
0.0616	0.1408	1.45861456776321e+63
0.0638	0.1408	-6.29527079674277e+63
0.066	0.1408	2.51631744368756e+64
0.0682	0.1408	-9.14568017312435e+64
0.0704	0.1408	2.95301845103883e+65
0.0726	0.1408	-8.25668818280453e+65
0.0748	0.1408	1.97723713959826e+66
0.077	0.1408	3.33560471069275e+66
0.0792	0.1408	3.92723300521816e+66
0.0814	0.1408	5.46537522948858e+66
0.0836	0.1408	6.38614887748301e+66
0.0858	0.1408	8.16007027379599e+66
0.088	0.1408	9.56327035403055e+66
0.0902	0.1408	1.18051765707803e+67
0.0924	0.1408	1.24992534269814e+67
0.0946	0.1408	1.4568159658851e+67
0.0968	0.1408	1.65065729387638e+67
0.099	0.1408	1.9025913168791e+67
0.1012	0.1408	2.14629650981816e+67
0.1034	0.1408	2.44747685505132e+67
0.1056	0.1408	2.75503684329481e+67
0.1078	0.1408	3.09615046237751e+67
0.11	0.1408	3.4714657457348e+67
0	0.144	-3.50412613378523e+50
0.0022	0.144	1.29552207353421e+51
0.0044	0.144	-8.05998112464236e+50
0.0066	0.144	9.14704290127464e+50
0.0088	0.144	3.64980988442453e+51
0.011	0.144	-2.24161559027558e+52
0.0132	0.144	2.43244032741748e+52
0.0154	0.144	-2.71784110628394e+52
0.0176	0.144	5.32292317129974e+52
0.0198	0.144	-4.57517991810653e+52
0.022	0.144	3.86606418589824e+52
0.0242	0.144	-4.59013853862066e+52
0.0264	0.144	1.88741870103907e+52
0.0286	0.144	3.91305115683349e+52
0.0308	0.144	-1.59908653388279e+53
0.033	0.144	4.26187977749805e+53
0.0352	0.144	-1.36476731181163e+54
0.0374	0.144	5.72822667797832e+54
0.0396	0.144	-2.91125371928845e+55
0.0418	0.144	1.63875658406143e+56
0.044	0.144	-9.35256993948221e+56
0.0462	0.144	5.26703219605724e+57
0.0484	0.144	-2.90512928048585e+58
0.0506	0.144	1.56322126445324e+59
0.0528	0.144	-8.1744680353329e+59
0.055	0.144	4.13552704242912e+60
0.0572	0.144	-2.01305634079565e+61
0.0594	0.144	9.36478935165352e+61
0.0616	0.144	-4.12846236844021e+62
0.0638	0.144	1.70645246869295e+63
0.066	0.144	-6.52426900701745e+63
0.0682	0.144	2.26826793745894e+64
0.0704	0.144	-7.02636909017309e+64
0.0726	0.144	1.90127393799287e+65
0.0748	0.144	-4.48047990904861e+65
0.077	0.144	-8.08198829942846e+65
0.0792	0.144	-9.68934354244292e+65
0.0814	0.144	-1.37998180081969e+66
0.0836	0.144	-1.63238775378341e+66
0.0858	0.144	-2.11039821019882e+66
0.088	0.144	-2.49599928549495e+66
0.0902	0.144	-3.10382529411225e+66
0.0924	0.144	-3.31211433971975e+66
0.0946	0.144	-3.88062548945609e+66
0.0968	0.144	-4.42305808000398e+66
0.099	0.144	-5.11931206063092e+66
0.1012	0.144	-5.80352467367665e+66
0.1034	0.144	-6.64096968955359e+66
0.1056	0.144	-7.5061944046685e+66
0.1078	0.144	-8.46334544256004e+66
0.11	0.144	-9.52239675469429e+66
0	0.1472	5.11566006353981e+50
0.0022	0.1472	-5.78200875580819e+50
0.0044	0.1472	2.04840339438972e+51
0.0066	0.1472	-2.08893782813161e+50
0.0088	0.1472	-1.02106443278594e+51
0.011	0.1472	4.56275895088059e+51
0.0132	0.1472	-5.23082546151145e+51
0.0154	0.1472	6.16520682555196e+51
0.0176	0.1472	-1.08635632649347e+52
0.0198	0.1472	9.72993209434459e+51
0.022	0.1472	-8.41551112371232e+51
0.0242	0.1472	9.15353995642502e+51
0.0264	0.1472	-3.21191554766398e+51
0.0286	0.1472	-1.01698717884881e+52
0.0308	0.1472	3.98251236288345e+52
0.033	0.1472	-1.18663822667013e+53
0.0352	0.1472	4.38914693119747e+53
0.0374	0.1472	-2.04562927820369e+54
0.0396	0.1472	1.08498730295935e+55
0.0418	0.1472	-6.05480480423355e+55
0.044	0.1472	3.37524774466955e+56
0.0462	0.1472	-1.8495707208044e+57
0.0484	0.1472	9.90882102326905e+57
0.0506	0.1472	-5.17078752323802e+58
0.0528	0.1472	2.61810324270411e+59
0.055	0.1472	-1.28034431357766e+60
0.0572	0.1472	6.01416748245337e+60
0.0594	0.1472	-2.69523222101602e+61
0.0616	0.1472	1.14277923716912e+62
0.0638	0.1472	-4.53695990187469e+62
0.066	0.1472	1.66494966819586e+63
0.0682	0.1472	-5.55965300176056e+63
0.0704	0.1472	1.65953830306414e+64
0.0726	0.1472	-4.35991884735848e+64
0.0748	0.1472	1.00755935800486e+65
0.077	0.1472	1.96129496655247e+65
0.0792	0.1472	2.39672143360106e+65
0.0814	0.1472	3.4936597771038e+65
0.0836	0.1472	4.18338994956103e+65
0.0858	0.1472	5.46933928290471e+65
0.088	0.1472	6.5258821261447e+65
0.0902	0.1472	8.17101329105361e+65
0.0924	0.1472	8.78452520137261e+65
0.0946	0.1472	1.03425415770776e+66
0.0968	0.1472	1.18537832130119e+66
0.099	0.1472	1.3772457272227e+66
0.1012	0.1472	1.56848552285174e+66
0.1034	0.1472	1.80060189480058e+66
0.1056	0.1472	2.04293875732947e+66
0.1078	0.1472	2.31045389838983e+66
0.11	0.1472	2.60796388911458e+66
0	0.1504	-1.7196647186171e+50
0.0022	0.1504	3.16072298563473e+50
0.0044	0.1504	-3.96574865427756e+50
0.0066	0.1504	3.73471356665497e+49
0.0088	0.1504	2.61919725229249e+50
0.011	0.1504	-9.3783122598193e+50
0.0132	0.1504	1.1259131410419e+51
0.0154	0.1504	-1.3758727963087e+51
0.0176	0.1504	2.23183608642048e+51
0.0198	0.1504	-2.06571385235587e+51
0.022	0.1504	1.81445738670815e+51
0.0242	0.1504	-1.82116047644914e+51
0.0264	0.1504	4.82496631391653e+50
0.0286	0.1504	2.69340998183907e+51
0.0308	0.1504	-1.04813201109794e+52
0.033	0.1504	3.54103144973338e+52
0.0352	0.1504	-1.48143818262881e+53
0.0374	0.1504	7.36599176733089e+53
0.0396	0.1504	-3.96050365360124e+54
0.0418	0.1504	2.17512637071694e+55
0.044	0.1504	-1.18328600484803e+56
0.0462	0.1504	6.31174213941311e+56
0.0484	0.1504	-3.28664929879702e+57
0.0506	0.1504	1.66475618983381e+58
0.0528	0.1504	-8.17028674862357e+58
0.055	0.1504	3.86729808791169e+59
0.0572	0.1504	-1.75571345104827e+60
0.0594	0.1504	7.59375729686353e+60
0.0616	0.1504	-3.10351549871997e+61
0.0638	0.1504	1.18653778622152e+62
0.066	0.1504	-4.1920752372533e+62
0.0682	0.1504	1.34901517985304e+63
0.0704	0.1504	-3.89243840755153e+63
0.0726	0.1504	9.93655432060359e+63
0.0748	0.1504	-2.23350042047291e+64
0.077	0.1504	-4.75731868102006e+64
0.0792	0.1504	-5.93461130725697e+64
0.0814	0.1504	-8.85938975967826e+64
0.0836	0.1504	-1.07398774421562e+65
0.0858	0.1504	-1.41956952133599e+65
0.088	0.1504	-1.70845313163882e+65
0.0902	0.1504	-2.1532252653152e+65
0.0924	0.1504	-2.3314951409491e+65
0.0946	0.1504	-2.75767418754294e+65
0.0968	0.1504	-3.17735025021492e+65
0.099	0.1504	-3.70497900893681e+65
0.1012	0.1504	-4.23769629652573e+65
0.1034	0.1504	-4.87955408703392e+65
0.1056	0.1504	-5.55604181177699e+65
0.1078	0.1504	-6.30149101009345e+65
0.11	0.1504	-7.13442796859199e+65
0	0.1536	4.97105769941696e+49
0.0022	0.1536	-6.32893208257597e+49
0.0044	0.1536	7.36392940248245e+49
0.0066	0.1536	-5.81122753786614e+48
0.0088	0.1536	-6.38564072107143e+49
0.011	0.1536	1.94686847452205e+50
0.0132	0.1536	-2.42881459671004e+50
0.0154	0.1536	3.04079586323879e+50
0.0176	0.1536	-4.61826838820199e+50
0.0198	0.1536	4.38642485722883e+50
0.022	0.1536	-3.88689309711054e+50
0.0242	0.1536	3.60525406864936e+50
0.0264	0.1536	-4.91452042604788e+49
0.0286	0.1536	-7.40924745443833e+50
0.0308	0.1536	2.95704971301165e+51
0.033	0.1536	-1.13028674234089e+52
0.0352	0.1536	5.17694760216644e+52
0.0374	0.1536	-2.66063456669915e+53
0.0396	0.1536	1.42621796101172e+54
0.0418	0.1536	-7.67625043741167e+54
0.044	0.1536	4.07188515547915e+55
0.0462	0.1536	-2.1140084696159e+56
0.0484	0.1536	1.07010523792377e+57
0.0506	0.1536	-5.26294033186492e+57
0.0528	0.1536	2.50494714031119e+58
0.055	0.1536	-1.1484777987673e+59
0.0572	0.1536	5.04427732445862e+59
0.0594	0.1536	-2.10834603421777e+60
0.0616	0.1536	8.31890948500594e+60
0.0638	0.1536	-3.06875987482363e+61
0.066	0.1536	1.04615868873333e+62
0.0682	0.1536	-3.25190263711553e+62
0.0704	0.1536	9.08463694894352e+62
0.0726	0.1536	-2.25018341606641e+63
0.0748	0.1536	4.87221660759869e+63
0.077	0.1536	1.15761443262914e+64
0.0792	0.1536	1.47683139974566e+64
0.0814	0.1536	2.25966505050868e+64
0.0836	0.1536	2.7737881066281e+64
0.0858	0.1536	3.70604606822478e+64
0.088	0.1536	4.49840047053803e+64
0.0902	0.1536	5.70525418463554e+64
0.0924	0.1536	6.22057580406673e+64
0.0946	0.1536	7.38983162319382e+64
0.0968	0.1536	8.55759719750984e+64
0.099	0.1536	1.00130935519197e+65
0.1012	0.1536	1.15002495821584e+65
0.1034	0.1536	1.32802559585784e+65
0.1056	0.1536	1.51731127125443e+65
0.1078	0.1536	1.72556825338705e+65
0.11	0.1536	1.95929826296236e+65
0	0.1568	-1.30417715395237e+49
0.0022	0.1568	1.35734226879276e+49
0.0044	0.1568	-1.34178362313434e+49
0.0066	0.1568	3.7993395303967e+47
0.0088	0.1568	1.58863768326174e+49
0.011	0.1568	-4.23976465465964e+49
0.0132	0.1568	5.46008979036843e+49
0.0154	0.1568	-6.94414195439153e+49
0.0176	0.1568	9.97910059514962e+49
0.0198	0.1568	-9.67595142554277e+49
0.022	0.1568	8.59410200051713e+49
0.0242	0.1568	-7.28235260833142e+49
0.0264	0.1568	-6.39758584219357e+48
0.0286	0.1568	2.27796501700371e+50
0.0308	0.1568	-9.56221141119886e+50
0.033	0.1568	4.08053894640945e+51
0.0352	0.1568	-1.98388475639013e+52
0.0374	0.1568	1.03109974664015e+53
0.0396	0.1568	-5.45245097808842e+53
0.0418	0.1568	2.86450437780582e+54
0.044	0.1568	-1.47817931210034e+55
0.0462	0.1568	7.45457251770816e+55
0.0484	0.1568	-3.66126438641506e+56
0.0506	0.1568	1.74519566769622e+57
0.0528	0.1568	-8.04170025735453e+57
0.055	0.1568	3.56561436168947e+58
0.0572	0.1568	-1.51295236790785e+59
0.0594	0.1568	6.10359229201274e+59
0.0616	0.1568	-2.32286279860189e+60
0.0638	0.1568	8.26199340538154e+60
0.066	0.1568	-2.71619198866857e+61
0.0682	0.1568	8.14766861677571e+61
0.0704	0.1568	-2.19656192445771e+62
0.0726	0.1568	5.21245424041967e+62
0.0748	0.1568	-1.03047263604949e+63
0.077	0.1568	-2.92314983783215e+63
0.0792	0.1568	-3.8465163887789e+63
0.0814	0.1568	-6.07534994107022e+63
0.0836	0.1568	-7.57499956588068e+63
0.0858	0.1568	-1.02536006990575e+64
0.088	0.1568	-1.25744144858775e+64
0.0902	0.1568	-1.60640159201341e+64
0.0924	0.1568	-1.76499964235784e+64
0.0946	0.1568	-2.10719282971042e+64
0.0968	0.1568	-2.45389884732941e+64
0.099	0.1568	-2.88212136524557e+64
0.1012	0.1568	-3.32514800036482e+64
0.1034	0.1568	-3.85179994020955e+64
0.1056	0.1568	-4.41740107488499e+64
0.1078	0.1568	-5.03855338301004e+64
0.11	0.1568	-5.73873266679697e+64
0	0.16	5.58237937333839e+48
0.0022	0.16	-5.77202783561927e+48
0.0044	0.16	4.79324796039955e+48
0.0066	0.16	-7.64043557554863e+46
0.0088	0.16	-7.05570821414983e+48
0.011	0.16	1.71552429247838e+49
0.0132	0.16	-2.25245010949606e+49
0.0154	0.16	2.88254742097729e+49
0.0176	0.16	-3.9808977488376e+49
0.0198	0.16	3.91309092050304e+49
0.022	0.16	-3.46721504154866e+49
0.0242	0.16	2.69085354401309e+49
0.0264	0.16	1.02495426962104e+49
0.0286	0.16	-1.2363629008052e+50
0.0308	0.16	5.41472780097978e+50
0.033	0.16	-2.45902068365731e+51
0.0352	0.16	1.22696818407246e+52
0.0374	0.16	-6.37697233750576e+52
0.0396	0.16	3.33157756502387e+53
0.0418	0.16	-1.72038400980456e+54
0.044	0.16	8.70893393351932e+54
0.0462	0.16	-4.30346256316574e+55
0.0484	0.16	2.06889203211228e+56
0.0506	0.16	-9.6430860430366e+56
0.0528	0.16	4.34042074033185e+57
0.055	0.16	-1.87791946830954e+58
0.0572	0.16	7.76760112531678e+58
0.0594	0.16	-3.05184525659746e+59
0.0616	0.16	1.1302661364227e+60
0.0638	0.16	-3.91019487176896e+60
0.066	0.16	1.25012350179494e+61
0.0682	0.16	-3.64682578341257e+61
0.0704	0.16	9.55304287950935e+61
0.0726	0.16	-2.18931178536025e+62
0.0748	0.16	4.07354668031386e+62
0.077	0.16	1.35869713035633e+63
0.0792	0.16	1.82859491381736e+63
0.0814	0.16	2.95406815452639e+63
0.0836	0.16	3.72314096665635e+63
0.0858	0.16	5.08391536522243e+63
0.088	0.16	6.27691557719775e+63
0.0902	0.16	8.05916691935757e+63
0.0924	0.16	8.90222747709356e+63
0.0946	0.16	1.06647997994442e+64
0.0968	0.16	1.24710963086748e+64
0.099	0.16	1.46878006376884e+64
0.1012	0.16	1.70024735717913e+64
0.1034	0.16	1.97423530248566e+64
0.1056	0.16	2.27014512197257e+64
0.1078	0.16	2.59487334981654e+64
0.11	0.16	2.96220403534106e+64
