0	0	1.73572774053294e+24
0.0022	0	-3.70181405827714e+22
0.0044	0	1.40144532142576e+24
0.0066	0	-2.35782477121377e+24
0.0088	0	1.03438877214308e+25
0.011	0	-5.48066999657253e+24
0.0132	0	3.44586689124488e+24
0.0154	0	-6.16247273561789e+24
0.0176	0	4.60575549839154e+25
0.0198	0	-4.04220542311584e+25
0.022	0	2.94963191281558e+25
0.0242	0	-3.32347902405464e+25
0.0264	0	-4.22738004189841e+24
0.0286	0	1.17849366057182e+26
0.0308	0	-2.77704265658345e+26
0.033	0	3.85331126385168e+26
0.0352	0	-5.4291363172363e+26
0.0374	0	8.10172480550378e+26
0.0396	0	-6.97969154789657e+26
0.0418	0	-4.11945050986005e+25
0.044	0	2.14323706705621e+27
0.0462	0	-8.80379037630963e+27
0.0484	0	3.03646513823318e+28
0.0506	0	-9.01490285288714e+28
0.0528	0	1.9680917726212e+29
0.055	0	-2.58557203963058e+28
0.0572	0	-3.10408417193978e+30
0.0594	0	2.47125747259254e+31
0.0616	0	-1.41542085869757e+32
0.0638	0	6.98837419321213e+32
0.066	0	-3.15657866185407e+33
0.0682	0	1.34460548308329e+34
0.0704	0	-5.50434929006351e+34
0.0726	0	2.17099559295945e+35
0.0748	0	-7.83725772422246e+35
0.077	0	-7.09284923287766e+35
0.0792	0	-6.13200616779019e+35
0.0814	0	8.49388334194569e+35
0.0836	0	-4.26668465698481e+34
0.0858	0	4.03712975496899e+35
0.088	0	4.73265693283982e+36
0.0902	0	9.60117265030602e+35
0.0924	0	-3.43837374711142e+36
0.0946	0	-3.01992593405873e+36
0.0968	0	-2.12134985584249e+36
0.099	0	-1.50538859457801e+36
0.1012	0	-9.98880234297418e+35
0.1034	0	-6.35955007455088e+35
0.1056	0	-3.97133307803791e+35
0.1078	0	-1.89514333966727e+35
0.11	0	-4.40420112206196e+34
0	0.0032	1.82339417557477e+24
0.0022	0.0032	2.76714856506937e+24
0.0044	0.0032	-2.95814012857346e+24
0.0066	0.0032	4.21195195780107e+24
0.0088	0.0032	-2.74363251429432e+25
0.011	0.0032	1.29730557993368e+25
0.0132	0.0032	-7.67699468428168e+24
0.0154	0.0032	6.90896568835192e+24
0.0176	0.0032	-1.20698717353964e+26
0.0198	0.0032	1.0055314511115e+26
0.022	0.0032	-6.96341357006414e+25
0.0242	0.0032	9.03740984268031e+25
0.0264	0.0032	-6.67043767458601e+24
0.0286	0.0032	-2.76791866721717e+26
0.0308	0.0032	6.88498246213911e+26
0.033	0.0032	-9.31533287341654e+26
0.0352	0.0032	1.30617658932355e+27
0.0374	0.0032	-2.06302935756987e+27
0.0396	0.0032	1.85109950492445e+27
0.0418	0.0032	-2.20287831282224e+26
0.044	0.0032	-4.18811650804194e+27
0.0462	0.0032	1.81673839667832e+28
0.0484	0.0032	-6.59350512716858e+28
0.0506	0.0032	2.12133201210086e+29
0.0528	0.0032	-5.56093101069066e+29
0.055	0.0032	7.87032338261374e+29
0.0572	0.0032	3.18752596110976e+30
0.0594	0.0032	-3.80405375143154e+31
0.0616	0.0032	2.4337339635358e+32
0.0638	0.0032	-1.26769455270602e+33
0.066	0.0032	5.90317615998295e+33
0.0682	0.0032	-2.56156608690733e+34
0.0704	0.0032	1.06528717270568e+35
0.0726	0.0032	-4.37347373995695e+35
0.0748	0.0032	1.86017370130588e+36
0.077	0.0032	1.72180790952732e+36
0.0792	0.0032	1.51971368863278e+36
0.0814	0.0032	-1.41606787485986e+36
0.0836	0.0032	3.46352681138453e+35
0.0858	0.0032	-5.71611926805167e+35
0.088	0.0032	-9.28757323361998e+36
0.0902	0.0032	-1.81646676883525e+36
0.0924	0.0032	6.95528690401508e+36
0.0946	0.0032	6.11693258110425e+36
0.0968	0.0032	4.33136679546942e+36
0.099	0.0032	3.12456034988387e+36
0.1012	0.0032	2.1260657879503e+36
0.1034	0.0032	1.45890047936521e+36
0.1056	0.0032	1.03262222666434e+36
0.1078	0.0032	6.91109727988165e+35
0.11	0.0032	4.20515261688036e+35
0	0.0064	-1.12157290235068e+24
0.0022	0.0064	9.94174536043543e+24
0.0044	0.0064	-1.15185341738494e+25
0.0066	0.0064	-1.24834807321603e+25
0.0088	0.0064	1.32855059622181e+26
0.011	0.0064	-5.55739474702242e+25
0.0132	0.0064	3.6377713919896e+25
0.0154	0.0064	2.17158004042636e+25
0.0176	0.0064	5.92085896231147e+26
0.0198	0.0064	-4.60149978987968e+26
0.022	0.0064	2.93124674084745e+26
0.0242	0.0064	-4.54287055642803e+26
0.0264	0.0064	1.25336569205688e+26
0.0286	0.0064	1.17375140942689e+27
0.0308	0.0064	-3.15210150455641e+27
0.033	0.0064	4.11389126968869e+27
0.0352	0.0064	-5.69308058059203e+27
0.0374	0.0064	9.69269620358175e+27
0.0396	0.0064	-9.00712467001165e+27
0.0418	0.0064	2.43727018954208e+27
0.044	0.0064	1.38864288875486e+28
0.0462	0.0064	-6.46751530530198e+28
0.0484	0.0064	2.48413207226513e+29
0.0506	0.0064	-8.65390008603154e+29
0.0528	0.0064	2.61733509610356e+30
0.055	0.0064	-5.93311341989877e+30
0.0572	0.0064	2.3691648878046e+30
0.0594	0.0064	8.0676373280735e+31
0.0616	0.0064	-6.64373599883955e+32
0.0638	0.0064	3.8095499689731e+33
0.066	0.0064	-1.8610453461309e+34
0.0682	0.0064	8.24376124471111e+34
0.0704	0.0064	-3.40579588661671e+35
0.0726	0.0064	1.32624152781958e+36
0.0748	0.0064	-4.82742099155439e+36
0.077	0.0064	-4.43569683785316e+36
0.0792	0.0064	-3.69133286576577e+36
0.0814	0.0064	6.50685086744431e+36
0.0836	0.0064	3.98529186345034e+35
0.0858	0.0064	3.45039927013671e+36
0.088	0.0064	3.40997031665823e+37
0.0902	0.0064	8.02292302918914e+36
0.0924	0.0064	-2.28219947602287e+37
0.0946	0.0064	-2.01707160645955e+37
0.0968	0.0064	-1.4098518368263e+37
0.099	0.0064	-1.00566778349005e+37
0.1012	0.0064	-6.73659196994088e+36
0.1034	0.0064	-4.637829972285e+36
0.1056	0.0064	-3.36256998324003e+36
0.1078	0.0064	-2.33353300189263e+36
0.11	0.0064	-1.55182461930088e+36
0	0.0096	-6.28241659923318e+24
0.0022	0.0096	9.25812769942025e+24
0.0044	0.0096	1.93981368038358e+24
0.0066	0.0096	-5.65024915336437e+25
0.0088	0.0096	2.46740430816922e+26
0.011	0.0096	2.2677082749359e+26
0.0132	0.0096	-2.19545583897705e+26
0.0154	0.0096	-4.06805606779122e+26
0.0176	0.0096	-3.05771826478192e+27
0.0198	0.0096	2.18338963016558e+27
0.022	0.0096	-1.24482581361685e+27
0.0242	0.0096	2.34230124467467e+27
0.0264	0.0096	-1.03494195936554e+27
0.0286	0.0096	-5.14422860617005e+27
0.0308	0.0096	1.51112326811796e+28
0.033	0.0096	-1.8920599918581e+28
0.0352	0.0096	2.5563947452868e+28
0.0374	0.0096	-4.73146370574673e+28
0.0396	0.0096	4.48963328590415e+28
0.0418	0.0096	-1.63835369569897e+28
0.044	0.0096	-4.75366956320793e+28
0.0462	0.0096	2.37148642384172e+29
0.0484	0.0096	-9.53743989243448e+29
0.0506	0.0096	3.52524078139917e+30
0.0528	0.0096	-1.16633603698833e+31
0.055	0.0096	3.19929724196093e+31
0.0572	0.0096	-5.35848222571915e+31
0.0594	0.0096	-1.18951257060724e+32
0.0616	0.0096	1.80871594979176e+33
0.0638	0.0096	-1.19777084359123e+34
0.066	0.0096	6.27354054603198e+34
0.0682	0.0096	-2.90599338750556e+35
0.0704	0.0096	1.2470817580231e+36
0.0726	0.0096	-5.08619896408403e+36
0.0748	0.0096	1.99938557075719e+37
0.077	0.0096	1.86430154784981e+37
0.0792	0.0096	1.58386911574472e+37
0.0814	0.0096	-2.20501463018106e+37
0.0836	0.0096	3.3054541821847e+35
0.0858	0.0096	-1.092087139278e+37
0.088	0.0096	-1.2532582169433e+38
0.0902	0.0096	-2.92011668051388e+37
0.0924	0.0096	8.5515403728445e+37
0.0946	0.0096	7.60625296769176e+37
0.0968	0.0096	5.38092213427769e+37
0.099	0.0096	3.89107094286488e+37
0.1012	0.0096	2.66795778055839e+37
0.1034	0.0096	1.88310679295209e+37
0.1056	0.0096	1.40200992932294e+37
0.1078	0.0096	1.00756152844626e+37
0.11	0.0096	7.17963131065224e+36
0	0.0128	-6.96292487475449e+24
0.0022	0.0128	3.42805115388942e+24
0.0044	0.0128	1.51247925662398e+25
0.0066	0.0128	-6.7633863304584e+25
0.0088	0.0128	2.43439989693911e+26
0.011	0.0128	3.4281971435534e+26
0.0132	0.0128	1.23920042619657e+27
0.0154	0.0128	3.7571628833746e+27
0.0176	0.0128	1.60166700064029e+28
0.0198	0.0128	-1.02956682479124e+28
0.022	0.0128	5.03490514749622e+27
0.0242	0.0128	-1.20239632430923e+28
0.0264	0.0128	7.09172737893833e+27
0.0286	0.0128	2.2247286285957e+28
0.0308	0.0128	-7.31066736664365e+28
0.033	0.0128	8.71805583714209e+28
0.0352	0.0128	-1.13229556197182e+29
0.0374	0.0128	2.31778122536922e+29
0.0396	0.0128	-2.2249177628342e+29
0.0418	0.0128	9.49180791697757e+28
0.044	0.0128	1.58937177187307e+29
0.0462	0.0128	-8.51896188290073e+29
0.0484	0.0128	3.5724419243307e+30
0.0506	0.0128	-1.38982788847205e+31
0.0528	0.0128	4.92904970411203e+31
0.055	0.0128	-1.52160231726797e+32
0.0572	0.0128	3.57828261002322e+32
0.0594	0.0128	-2.2763166780281e+32
0.0616	0.0128	-4.18792504743681e+33
0.0638	0.0128	3.58576191200168e+34
0.066	0.0128	-2.06218750085592e+35
0.0682	0.0128	1.00270128225082e+36
0.0704	0.0128	-4.42962984043232e+36
0.0726	0.0128	1.84104258034489e+37
0.0748	0.0128	-7.29484593333419e+37
0.077	0.0128	-6.88095857927214e+37
0.0792	0.0128	-5.85573946697027e+37
0.0814	0.0128	8.23507029296356e+37
0.0836	0.0128	-2.81902732337022e+35
0.0858	0.0128	4.0932975925149e+37
0.088	0.0128	4.69721532593764e+38
0.0902	0.0128	1.13307825871341e+38
0.0924	0.0128	-3.15704756766064e+38
0.0946	0.0128	-2.82393489879186e+38
0.0968	0.0128	-2.00754758637707e+38
0.099	0.0128	-1.4623147253247e+38
0.1012	0.0128	-1.01288903311562e+38
0.1034	0.0128	-7.24632964039708e+37
0.1056	0.0128	-5.48741834636192e+37
0.1078	0.0128	-4.05225417108653e+37
0.11	0.0128	-3.00197615092146e+37
0	0.016	3.25305087338767e+24
0.0022	0.016	-9.25903725317373e+24
0.0044	0.016	3.80503954811397e+25
0.0066	0.016	-9.99094978921572e+25
0.0088	0.016	2.34383525311165e+26
0.011	0.016	5.32393234401034e+26
0.0132	0.016	8.63116511317685e+26
0.0154	0.016	5.78073864596174e+27
0.0176	0.016	-8.62295619383939e+28
0.0198	0.016	4.799020917327e+28
0.022	0.016	-1.86304422297144e+28
0.0242	0.016	6.14792446515255e+28
0.0264	0.016	-4.44559749423154e+28
0.0286	0.016	-9.39493977189181e+28
0.0308	0.016	3.56628380870774e+29
0.033	0.016	-4.02121567191752e+29
0.0352	0.016	4.90743163719938e+29
0.0374	0.016	-1.13897208177753e+30
0.0396	0.016	1.09718548745218e+30
0.0418	0.016	-5.10323054666719e+29
0.044	0.016	-5.183930303966e+29
0.0462	0.016	2.98822392624504e+30
0.0484	0.016	-1.30344417018471e+31
0.0506	0.016	5.31539440261695e+31
0.0528	0.016	-1.99929133167653e+32
0.055	0.016	6.72832740349898e+32
0.0572	0.016	-1.88478824875788e+33
0.0594	0.016	3.32778262418782e+33
0.0616	0.016	5.7416700213944e+33
0.0638	0.016	-9.85134292537925e+34
0.066	0.016	6.5529432006031e+35
0.0682	0.016	-3.39922642722231e+36
0.0704	0.016	1.55695883584749e+37
0.0726	0.016	-6.64335702542237e+37
0.0748	0.016	2.70224084458058e+38
0.077	0.016	2.58000256631582e+38
0.0792	0.016	2.20310334245932e+38
0.0814	0.016	-3.04198528526865e+38
0.0836	0.016	6.26037466048667e+35
0.0858	0.016	-1.50703754283463e+38
0.088	0.016	-1.7583275042822e+39
0.0902	0.016	-4.36615679449469e+38
0.0924	0.016	1.16839091094849e+39
0.0946	0.016	1.05115846585398e+39
0.0968	0.016	7.51726428645534e+38
0.099	0.016	5.51926236367168e+38
0.1012	0.016	3.8661314073038e+38
0.1034	0.016	2.80639348383041e+38
0.1056	0.016	2.160858111234e+38
0.1078	0.016	1.63346965985246e+38
0.11	0.016	1.24642132519971e+38
0	0.0192	2.95114026748148e+24
0.0022	0.0192	-6.33563871731957e+24
0.0044	0.0192	2.32355148231516e+25
0.0066	0.0192	-2.74252960108942e+25
0.0088	0.0192	-4.40670715981621e+25
0.011	0.0192	1.53914877748458e+27
0.0132	0.0192	-1.84891939957961e+27
0.0154	0.0192	1.4199820109789e+28
0.0176	0.0192	-1.16118086166997e+29
0.0198	0.0192	-2.10429764248849e+29
0.022	0.0192	5.8527963009063e+28
0.0242	0.0192	-3.13541011925825e+29
0.0264	0.0192	2.64473130298472e+29
0.0286	0.0192	3.82054530183739e+29
0.0308	0.0192	-1.75568920862985e+30
0.033	0.0192	1.85957230015815e+30
0.0352	0.0192	-2.05994711253824e+30
0.0374	0.0192	5.62072305445807e+30
0.0396	0.0192	-5.39192446733337e+30
0.0418	0.0192	2.62448208779629e+30
0.044	0.0192	1.6673305351264e+30
0.0462	0.0192	-1.02287574843242e+31
0.0484	0.0192	4.63168952345143e+31
0.0506	0.0192	-1.97578483129822e+32
0.0528	0.0192	7.83375061943019e+32
0.055	0.0192	-2.82616976618221e+33
0.0572	0.0192	8.88047768737002e+33
0.0594	0.0192	-2.1374059956502e+34
0.0616	0.0192	1.62334499895566e+34
0.0638	0.0192	2.27911053149053e+35
0.066	0.0192	-1.98128112690226e+36
0.0682	0.0192	1.12621367184938e+37
0.0704	0.0192	-5.39100208974365e+37
0.0726	0.0192	2.36669680796449e+38
0.0748	0.0192	-9.92692425809759e+38
0.077	0.0192	-9.58853048597886e+38
0.0792	0.0192	-8.20283585076932e+38
0.0814	0.0192	1.13218552512863e+39
0.0836	0.0192	7.72704631889266e+36
0.0858	0.0192	5.63233481486197e+38
0.088	0.0192	6.59054153578803e+39
0.0902	0.0192	1.68980271356648e+39
0.0924	0.0192	-4.31442694871922e+39
0.0946	0.0192	-3.90295004934012e+39
0.0968	0.0192	-2.80459783276038e+39
0.099	0.0192	-2.07266752633351e+39
0.1012	0.0192	-1.46505991420668e+39
0.1034	0.0192	-1.07600390067194e+39
0.1056	0.0192	-8.39484338446694e+38
0.1078	0.0192	-6.46048632198064e+38
0.11	0.0192	-5.03820613569503e+38
0	0.0224	7.48075573541187e+24
0.0022	0.0224	-1.64451407114305e+25
0.0044	0.0224	3.14770394927314e+25
0.0066	0.0224	-2.91019522890237e+25
0.0088	0.0224	-8.45578819973493e+25
0.011	0.0224	1.59176847917425e+27
0.0132	0.0224	-1.45040776641529e+27
0.0154	0.0224	1.2705849425908e+28
0.0176	0.0224	-1.06069090308038e+29
0.0198	0.0224	-2.74031814924747e+29
0.022	0.0224	-7.51834402580921e+28
0.0242	0.0224	1.59436975679358e+30
0.0264	0.0224	-1.5157310984471e+30
0.0286	0.0224	-1.45732030600917e+30
0.0308	0.0224	8.72859022060836e+30
0.033	0.0224	-8.64108936895619e+30
0.0352	0.0224	8.22104880125352e+30
0.0374	0.0224	-2.78879363393502e+31
0.0396	0.0224	2.64320253625454e+31
0.0418	0.0224	-1.31191955798131e+31
0.044	0.0224	-5.44874498816655e+30
0.0462	0.0224	3.41375086117395e+31
0.0484	0.0224	-1.60124648798351e+32
0.0506	0.0224	7.14189832340466e+32
0.0528	0.0224	-2.97510557823075e+33
0.055	0.0224	1.1396543513299e+34
0.0572	0.0224	-3.90489849258562e+34
0.0594	0.0224	1.1123556767692e+35
0.0616	0.0224	-2.01724803032563e+35
0.0638	0.0224	-3.0253303950318e+35
0.066	0.0224	5.52292453540428e+36
0.0682	0.0224	-3.62087048067246e+37
0.0704	0.0224	1.83364467293013e+38
0.0726	0.0224	-8.28177544921227e+38
0.0748	0.0224	3.58406858426256e+39
0.077	0.0224	3.5028601112284e+39
0.0792	0.0224	2.99394897995658e+39
0.0814	0.0224	-4.27296413899875e+39
0.0836	0.0224	-1.25516344118687e+38
0.0858	0.0224	-2.16385592436839e+39
0.088	0.0224	-2.47609657499177e+40
0.0902	0.0224	-6.59071843860141e+39
0.0924	0.0224	1.58700496040153e+40
0.0946	0.0224	1.44318568003038e+40
0.0968	0.0224	1.0404819759366e+40
0.099	0.0224	7.72580505813438e+39
0.1012	0.0224	5.49411271501957e+39
0.1034	0.0224	4.06781588707679e+39
0.1056	0.0224	3.20326000772225e+39
0.1078	0.0224	2.49564421652911e+39
0.11	0.0224	1.97468469200958e+39
0	0.0256	2.89462049832219e+24
0.0022	0.0256	-8.24769799867473e+24
0.0044	0.0256	1.4336197077008e+25
0.0066	0.0256	5.17008546753142e+25
0.0088	0.0256	-3.60737735911989e+26
0.011	0.0256	2.53293292787795e+27
0.0132	0.0256	-3.36122496113573e+27
0.0154	0.0256	1.81658537233399e+28
0.0176	0.0256	-1.25476564642404e+29
0.0198	0.0256	-2.53109668865028e+29
0.022	0.0256	-1.801125768187e+29
0.0242	0.0256	1.97251815498296e+30
0.0264	0.0256	8.21990452132316e+30
0.0286	0.0256	4.90558020765727e+30
0.0308	0.0256	-4.38424493821996e+31
0.033	0.0256	4.04711396815156e+31
0.0352	0.0256	-3.00039820796565e+31
0.0374	0.0256	1.39283961948325e+32
0.0396	0.0256	-1.29319093826813e+32
0.0418	0.0256	6.43736583191855e+31
0.044	0.0256	1.92433297995585e+31
0.0462	0.0256	-1.10930952470342e+32
0.0484	0.0256	5.37440178001748e+32
0.0506	0.0256	-2.508936050243e+33
0.0528	0.0256	1.09671629062204e+34
0.055	0.0256	-4.43580181529006e+34
0.0572	0.0256	1.63262093559863e+35
0.0594	0.0256	-5.21605621226754e+35
0.0616	0.0256	1.27098899048287e+36
0.0638	0.0256	-9.9881191169208e+35
0.066	0.0256	-1.31122579734186e+37
0.0682	0.0256	1.11710092522646e+38
0.0704	0.0256	-6.12070934586867e+38
0.0726	0.0256	2.84102775664822e+39
0.0748	0.0256	-1.26418840839183e+40
0.077	0.0256	-1.25084322374589e+40
0.0792	0.0256	-1.06403750708613e+40
0.0814	0.0256	1.64041947754601e+40
0.0836	0.0256	1.1081740533296e+39
0.0858	0.0256	8.58485679941289e+39
0.088	0.0256	9.33020717108263e+40
0.0902	0.0256	2.59391195284737e+40
0.0924	0.0256	-5.8078391739397e+40
0.0946	0.0256	-5.30728783873218e+40
0.0968	0.0256	-3.83132651034758e+40
0.099	0.0256	-2.85123712163165e+40
0.1012	0.0256	-2.03202384619118e+40
0.1034	0.0256	-1.50953587758784e+40
0.1056	0.0256	-1.1939699548809e+40
0.1078	0.0256	-9.35533640134685e+39
0.11	0.0256	-7.45137533011828e+39
0	0.0288	4.67868653394984e+23
0.0022	0.0288	-4.83554430046915e+24
0.0044	0.0288	-1.26478806447557e+25
0.0066	0.0288	1.3000089504595e+26
0.0088	0.0288	-5.71640202755949e+26
0.011	0.0288	2.93558826517615e+27
0.0132	0.0288	-3.57060308355147e+27
0.0154	0.0288	1.77073644945721e+28
0.0176	0.0288	-1.16964251312482e+29
0.0198	0.0288	-3.19141075322146e+29
0.022	0.0288	-5.19509720847058e+28
0.0242	0.0288	1.53991547534709e+30
0.0264	0.0288	1.0213575758143e+31
0.0286	0.0288	-1.27909676301397e+31
0.0308	0.0288	2.22520153370971e+32
0.033	0.0288	-1.91843225582085e+32
0.0352	0.0288	9.001890713677e+31
0.0374	0.0288	-7.01095002828492e+32
0.0396	0.0288	6.31501498355322e+32
0.0418	0.0288	-3.12158494218263e+32
0.044	0.0288	-7.96442133276905e+31
0.0462	0.0288	3.50232774167009e+32
0.0484	0.0288	-1.74513061295355e+33
0.0506	0.0288	8.55058522811785e+33
0.0528	0.0288	-3.92449590634258e+34
0.055	0.0288	1.67055902296672e+35
0.0572	0.0288	-6.54915966089834e+35
0.0594	0.0288	2.28774499143901e+36
0.0616	0.0288	-6.59385673158278e+36
0.0638	0.0288	1.18946880448345e+37
0.066	0.0288	1.89143566325571e+37
0.0682	0.0288	-3.23284377806662e+38
0.0704	0.0288	2.00494093003787e+39
0.0726	0.0288	-9.54469636786928e+39
0.0748	0.0288	4.28868778908367e+40
0.077	0.0288	4.30245252656851e+40
0.0792	0.0288	3.61680540999149e+40
0.0814	0.0288	-6.44747045020142e+40
0.0836	0.0288	-8.07043505397808e+39
0.0858	0.0288	-3.54855725931852e+40
0.088	0.0288	-3.53086592811545e+41
0.0902	0.0288	-1.03374776201567e+41
0.0924	0.0288	2.10887268942993e+41
0.0946	0.0288	1.93549918330769e+41
0.0968	0.0288	1.39471717708204e+41
0.099	0.0288	1.03635656601131e+41
0.1012	0.0288	7.35803349624995e+40
0.1034	0.0288	5.44573287769393e+40
0.1056	0.0288	4.29563914839712e+40
0.1078	0.0288	3.35349048297501e+40
0.11	0.0288	2.65926677036396e+40
0	0.032	1.10449324594823e+25
0.0022	0.032	-1.56666628572804e+25
0.0044	0.032	1.16994359791692e+25
0.0066	0.032	8.74202889839726e+25
0.0088	0.032	-4.57420382168009e+26
0.011	0.032	2.61558687483041e+27
0.0132	0.032	-1.3759892578067e+27
0.0154	0.032	9.95964064064484e+27
0.0176	0.032	-9.3332753200347e+28
0.0198	0.032	-4.40386587834195e+29
0.022	0.032	2.94885265364382e+29
0.0242	0.032	4.33800402570995e+29
0.0264	0.032	1.4488462710104e+31
0.0286	0.032	-2.79233793925693e+31
0.0308	0.032	2.82026957077497e+32
0.033	0.032	8.92297385984973e+32
0.0352	0.032	-1.21091912486924e+32
0.0374	0.032	3.56101143372261e+33
0.0396	0.032	-3.07685662156049e+33
0.0418	0.032	1.50359058469236e+33
0.044	0.032	3.99473949436732e+32
0.0462	0.032	-1.06994787792349e+33
0.0484	0.032	5.45149904188946e+33
0.0506	0.032	-2.81799118459345e+34
0.0528	0.032	1.36192773072933e+35
0.055	0.032	-6.0908785098969e+35
0.0572	0.032	2.53117031752343e+36
0.0594	0.032	-9.53944222416637e+36
0.0616	0.032	3.09608443427139e+37
0.0638	0.032	-7.52421963157001e+37
0.066	0.032	4.98434020655001e+37
0.0682	0.032	8.29605296629709e+38
0.0704	0.032	-6.45751493430435e+39
0.0726	0.032	3.16175239715088e+40
0.0748	0.032	-1.35619591660022e+41
0.077	0.032	-1.38500340764935e+41
0.0792	0.032	-1.13323262138046e+41
0.0814	0.032	2.61195660005618e+41
0.0836	0.032	5.32466848627326e+40
0.0858	0.032	1.53748874613047e+41
0.088	0.032	1.34440947502753e+42
0.0902	0.032	4.18842853833519e+41
0.0924	0.032	-7.56559822262022e+41
0.0946	0.032	-6.96829424917432e+41
0.0968	0.032	-4.98746031023148e+41
0.099	0.032	-3.6777572350158e+41
0.1012	0.032	-2.57559523908752e+41
0.1034	0.032	-1.87622293904311e+41
0.1056	0.032	-1.45762975965143e+41
0.1078	0.032	-1.1147100938901e+41
0.11	0.032	-8.6211359801094e+40
0	0.0352	-6.5090685691122e+24
0.0022	0.0352	6.05802603406938e+24
0.0044	0.0352	-3.66301545231087e+25
0.0066	0.0352	2.29128375995656e+26
0.0088	0.0352	-8.5050522113985e+26
0.011	0.0352	3.54859355128354e+27
0.0132	0.0352	-3.19865492815803e+27
0.0154	0.0352	1.5246955436105e+28
0.0176	0.0352	-1.0574803232153e+29
0.0198	0.0352	-4.32592758957317e+29
0.022	0.0352	1.37233311263484e+29
0.0242	0.0352	1.05551621679142e+30
0.0264	0.0352	1.26176434527446e+31
0.0286	0.0352	-1.6375102465311e+31
0.0308	0.0352	2.33443968915432e+32
0.033	0.0352	1.16776284453278e+33
0.0352	0.0352	-1.32774729159309e+33
0.0374	0.0352	-1.82708219498203e+34
0.0396	0.0352	1.49447741827367e+34
0.0418	0.0352	-7.22510850465559e+33
0.044	0.0352	-2.30496773265272e+33
0.0462	0.0352	3.13121996816447e+33
0.0484	0.0352	-1.62341060804449e+34
0.0506	0.0352	8.93264354009247e+34
0.0528	0.0352	-4.57500323868104e+35
0.055	0.0352	2.14808722046932e+36
0.0572	0.0352	-9.43716287891174e+36
0.0594	0.0352	3.80949162455237e+37
0.0616	0.0352	-1.3605666357486e+38
0.0638	0.0352	3.94472241975847e+38
0.066	0.0352	-6.70348288746719e+38
0.0682	0.0352	-1.53790763873612e+39
0.0704	0.0352	2.04954638970206e+40
0.0726	0.0352	-1.06173433904911e+41
0.0748	0.0352	3.68525938500885e+41
0.077	0.0352	3.88023165242535e+41
0.0792	0.0352	2.95462504529989e+41
0.0814	0.0352	-1.09824973589195e+42
0.0836	0.0352	-3.31814785288636e+41
0.0858	0.0352	-7.00224209273571e+41
0.088	0.0352	-5.16392972620628e+42
0.0902	0.0352	-1.73373299760187e+42
0.0924	0.0352	2.66217572389312e+42
0.0946	0.0352	2.45761545293506e+42
0.0968	0.0352	1.73221051528032e+42
0.099	0.0352	1.25373398986615e+42
0.1012	0.0352	8.49704485619749e+41
0.1034	0.0352	5.9408502517487e+41
0.1056	0.0352	4.41905323930469e+41
0.1078	0.0352	3.17260585283413e+41
0.11	0.0352	2.25516858257157e+41
0	0.0384	1.28137153296332e+24
0.0022	0.0384	-1.88310919351427e+25
0.0044	0.0384	8.23769153243296e+24
0.0066	0.0384	1.08918012956979e+26
0.0088	0.0384	-4.44840334774897e+26
0.011	0.0384	2.2158959820035e+27
0.0132	0.0384	2.39455999502052e+27
0.0154	0.0384	-3.46944646812224e+27
0.0176	0.0384	-4.65345712754133e+28
0.0198	0.0384	-6.7080757903427e+29
0.022	0.0384	8.51547163170997e+29
0.0242	0.0384	-1.26425155236637e+30
0.0264	0.0384	2.10383602177589e+31
0.0286	0.0384	-4.65011039277714e+31
0.0308	0.0384	3.49382430482645e+32
0.033	0.0384	8.40993344831743e+32
0.0352	0.0384	4.97442532799975e+31
0.0374	0.0384	-2.54804456694589e+34
0.0396	0.0384	-6.94816181081832e+34
0.0418	0.0384	3.47115340953928e+34
0.044	0.0384	1.41634878336533e+34
0.0462	0.0384	-8.52105199081963e+33
0.0484	0.0384	4.53652034090319e+34
0.0506	0.0384	-2.69789769546268e+35
0.0528	0.0384	1.48356028671976e+36
0.055	0.0384	-7.3129911988946e+36
0.0572	0.0384	3.39172601735995e+37
0.0594	0.0384	-1.46061222568579e+38
0.0616	0.0384	5.67354264989282e+38
0.0638	0.0384	-1.87373825090397e+39
0.066	0.0384	4.44282116447104e+39
0.0682	0.0384	-1.0040411417268e+39
0.0704	0.0384	-6.35508355224477e+40
0.0726	0.0384	3.88068854727077e+41
0.0748	0.0384	-6.03432052852624e+41
0.077	0.0384	-7.08151360674556e+41
0.0792	0.0384	-3.67093634962183e+41
0.0814	0.0384	4.81981889238117e+42
0.0836	0.0384	1.99614865740476e+42
0.0858	0.0384	3.34684975437137e+42
0.088	0.0384	2.00813366500258e+43
0.0902	0.0384	7.37086390651275e+42
0.0924	0.0384	-9.06794157948289e+42
0.0946	0.0384	-8.37195888547127e+42
0.0968	0.0384	-5.71573743907765e+42
0.099	0.0384	-3.96811524978662e+42
0.1012	0.0384	-2.48730939291202e+42
0.1034	0.0384	-1.55335927112834e+42
0.1056	0.0384	-1.0005254668456e+42
0.1078	0.0384	-5.47874489156908e+41
0.11	0.0384	-2.15061979702574e+41
0	0.0416	9.63727088507776e+24
0.0022	0.0416	-2.11225150960761e+25
0.0044	0.0416	9.96716049309687e+24
0.0066	0.0416	1.62078584048906e+26
0.0088	0.0416	-6.47724433697898e+26
0.011	0.0416	2.72600822600356e+27
0.0132	0.0416	1.5036258866234e+27
0.0154	0.0416	7.25382353856513e+26
0.0176	0.0416	-6.0703429828222e+28
0.0198	0.0416	-6.43524868689321e+29
0.022	0.0416	5.64300993419624e+29
0.0242	0.0416	-4.98876122080854e+28
0.0264	0.0416	1.67103903053808e+31
0.0286	0.0416	-2.40915796467042e+31
0.0308	0.0416	2.5409328865832e+32
0.033	0.0416	1.32320484909462e+33
0.0352	0.0416	-1.33044724842022e+33
0.0374	0.0416	-2.01426065228355e+34
0.0396	0.0416	-1.03322117386091e+35
0.0418	0.0416	-1.58985352569724e+35
0.044	0.0416	-8.84050612679953e+34
0.0462	0.0416	1.93310830105207e+34
0.0484	0.0416	-1.1546174767295e+35
0.0506	0.0416	7.62299315070134e+35
0.0528	0.0416	-4.62725371376716e+36
0.055	0.0416	2.39584495966443e+37
0.0572	0.0416	-1.17232247920156e+38
0.0594	0.0416	5.37398883688212e+38
0.0616	0.0416	-2.25596180825334e+39
0.0638	0.0416	8.30916964006102e+39
0.066	0.0416	-2.41998796049386e+40
0.0682	0.0416	3.42851906864441e+40
0.0704	0.0416	1.88324755844151e+41
0.0726	0.0416	-2.05602772336596e+42
0.0748	0.0416	1.18218213118808e+43
0.077	0.0416	1.20672027381975e+43
0.0792	0.0416	1.00784247907797e+43
0.0814	0.0416	-2.13429585352403e+43
0.0836	0.0416	-4.01385904321912e+42
0.0858	0.0416	-1.29811228743572e+43
0.088	0.0416	-1.18454935646671e+44
0.0902	0.0416	-3.68682124224879e+43
0.0924	0.0416	6.97876987976772e+43
0.0946	0.0416	6.484727191896e+43
0.0968	0.0416	4.67372241094993e+43
0.099	0.0416	3.45490717051509e+43
0.1012	0.0416	2.40702146219265e+43
0.1034	0.0416	1.72999531363125e+43
0.1056	0.0416	1.3187496724356e+43
0.1078	0.0416	9.74003149249017e+42
0.11	0.0416	7.15833341593438e+42
0	0.0448	3.46226026284539e+24
0.0022	0.0448	-1.67742933195694e+25
0.0044	0.0448	-3.63650314404619e+25
0.0066	0.0448	2.70320866390861e+26
0.0088	0.0448	-8.56414844490956e+26
0.011	0.0448	3.14981891576761e+27
0.0132	0.0448	1.76725087463744e+27
0.0154	0.0448	-7.85319993876147e+26
0.0176	0.0448	-5.78829246859395e+28
0.0198	0.0448	-6.95510794071736e+29
0.022	0.0448	6.35988346799004e+29
0.0242	0.0448	-2.02524194821024e+29
0.0264	0.0448	1.77775970403859e+31
0.0286	0.0448	-2.70211884852295e+31
0.0308	0.0448	2.70343306177556e+32
0.033	0.0448	1.36452077103857e+33
0.0352	0.0448	-1.21610014359024e+33
0.0374	0.0448	-2.28306378734407e+34
0.0396	0.0448	-1.06970470875757e+35
0.0418	0.0448	-1.9851483043462e+35
0.044	0.0448	-1.42670696803471e+35
0.0462	0.0448	8.25381399420085e+32
0.0484	0.0448	2.50252672465844e+35
0.0506	0.0448	-1.93138083505123e+36
0.0528	0.0448	1.38193697144359e+37
0.055	0.0448	-7.52173921996393e+37
0.0572	0.0448	3.88246818050801e+38
0.0594	0.0448	-1.89217810383728e+39
0.0616	0.0448	8.55219211421143e+39
0.0638	0.0448	-3.47465269132486e+40
0.066	0.0448	1.18950961983189e+41
0.0682	0.0448	-2.81646105578896e+41
0.0704	0.0448	-8.66966004774399e+40
0.0726	0.0448	6.04912488864348e+42
0.0748	0.0448	-4.34503151642145e+43
0.077	0.0448	-4.56721113729315e+43
0.0792	0.0448	-3.79134106232606e+43
0.0814	0.0448	8.78844610350666e+43
0.0836	0.0448	1.99255552730325e+43
0.0858	0.0448	5.51246191984619e+43
0.088	0.0448	4.83986115967007e+44
0.0902	0.0448	1.60200974284658e+44
0.0924	0.0448	-2.71785623810982e+44
0.0946	0.0448	-2.55973204690296e+44
0.0968	0.0448	-1.86013248230371e+44
0.099	0.0448	-1.39095177663004e+44
0.1012	0.0448	-9.83319531616794e+43
0.1034	0.0448	-7.20614947188399e+43
0.1056	0.0448	-5.61857951958539e+43
0.1078	0.0448	-4.28037760882924e+43
0.11	0.0448	-3.27046134420867e+43
0	0.048	9.65226768351906e+22
0.0022	0.048	-8.56219586046963e+24
0.0044	0.048	-1.89988382970446e+25
0.0066	0.048	2.47462969366254e+26
0.0088	0.048	-7.67606383431776e+26
0.011	0.048	2.66359510179294e+27
0.0132	0.048	4.25676189468831e+27
0.0154	0.048	-7.11388769261725e+27
0.0176	0.048	-3.83317891732046e+28
0.0198	0.048	-7.8056203942526e+29
0.022	0.048	7.0449455812694e+29
0.0242	0.048	-1.81878721632697e+29
0.0264	0.048	1.76190876800698e+31
0.0286	0.048	-2.0139499443851e+31
0.0308	0.048	2.35055911035016e+32
0.033	0.048	1.61753307547313e+33
0.0352	0.048	-1.62418605438686e+33
0.0374	0.048	-2.15581559363595e+34
0.0396	0.048	-1.26096282646227e+35
0.0418	0.048	-2.06407731359283e+35
0.044	0.048	-1.76252220809345e+35
0.0462	0.048	3.23502144673855e+34
0.0484	0.048	-3.94470320454594e+35
0.0506	0.048	3.83678762427266e+36
0.0528	0.048	-3.93118872297496e+37
0.055	0.048	2.25069624835277e+38
0.0572	0.048	-1.22577021978863e+39
0.0594	0.048	6.34690950337283e+39
0.0616	0.048	-3.07914146793368e+40
0.0638	0.048	1.36667950138637e+41
0.066	0.048	-5.31067372395534e+41
0.0682	0.048	1.62623197805977e+42
0.0704	0.048	-2.43327261689897e+42
0.0726	0.048	-1.30934514251065e+43
0.0748	0.048	1.44038497383992e+44
0.077	0.048	1.58869860257309e+44
0.0792	0.048	1.29241773017298e+44
0.0814	0.048	-3.64973468103465e+44
0.0836	0.048	-1.04948264511654e+44
0.0858	0.048	-2.39390317087407e+44
0.088	0.048	-1.95216805635017e+45
0.0902	0.048	-6.97873116640853e+44
0.0924	0.048	1.01658686054406e+45
0.0946	0.048	9.73686203184195e+44
0.0968	0.048	7.12544770723969e+44
0.099	0.048	5.38534846038247e+44
0.1012	0.048	3.85430736381139e+44
0.1034	0.048	2.87306728047503e+44
0.1056	0.048	2.28590561484412e+44
0.1078	0.048	1.78846966136005e+44
0.11	0.048	1.41019790785637e+44
0	0.0512	7.5890272021346e+24
0.0022	0.0512	-2.58852812474015e+25
0.0044	0.0512	-3.65858525120014e+25
0.0066	0.0512	2.80423921087158e+26
0.0088	0.0512	-7.6820049044086e+26
0.011	0.0512	2.49211996670025e+27
0.0132	0.0512	6.19087366125551e+27
0.0154	0.0512	-1.2783031480112e+28
0.0176	0.0512	-2.48508879707148e+28
0.0198	0.0512	-8.61625969867205e+29
0.022	0.0512	8.34859633548495e+29
0.0242	0.0512	-4.90965034295051e+29
0.0264	0.0512	1.91986727906458e+31
0.0286	0.0512	-2.4641095244098e+31
0.0308	0.0512	2.58102021462883e+32
0.033	0.0512	1.63107314547043e+33
0.0352	0.0512	-1.28898972022106e+33
0.0374	0.0512	-2.52666600378925e+34
0.0396	0.0512	-1.26854198123543e+35
0.0418	0.0512	-2.75654074681777e+35
0.044	0.0512	-1.37092812313218e+35
0.0462	0.0512	-3.24731627449601e+35
0.0484	0.0512	1.22500315284375e+36
0.0506	0.0512	-1.17127252331112e+37
0.0528	0.0512	1.06215044243365e+38
0.055	0.0512	-6.37427697355539e+38
0.0572	0.0512	3.66574828131081e+39
0.0594	0.0512	-2.01708919606618e+40
0.0616	0.0512	1.04907294388357e+41
0.0638	0.0512	-5.06012335935911e+41
0.066	0.0512	2.1914614248744e+42
0.0682	0.0512	-7.97560319693865e+42
0.0704	0.0512	2.00362327371918e+43
0.0726	0.0512	4.5130122143405e+42
0.0748	0.0512	-4.3088063127555e+44
0.077	0.0512	-5.15675746433913e+44
0.0792	0.0512	-4.02099766360378e+44
0.0814	0.0512	1.54873105150173e+45
0.0836	0.0512	5.53852615524718e+44
0.0858	0.0512	1.06842394299259e+45
0.088	0.0512	7.95093562324464e+45
0.0902	0.0512	3.08345754300355e+45
0.0924	0.0512	-3.75412706635327e+45
0.0946	0.0512	-3.66867168439163e+45
0.0968	0.0512	-2.69891278977475e+45
0.099	0.0512	-2.05854582043406e+45
0.1012	0.0512	-1.48660248975257e+45
0.1034	0.0512	-1.12319377366025e+45
0.1056	0.0512	-9.09062715755071e+44
0.1078	0.0512	-7.2683586537389e+44
0.11	0.0512	-5.87323240428407e+44
0	0.0544	-8.87281508811992e+24
0.0022	0.0544	6.61668668370152e+24
0.0044	0.0544	-4.9746377506627e+25
0.0066	0.0544	3.14523363952162e+26
0.0088	0.0544	-8.08659218384145e+26
0.011	0.0544	2.39835617533534e+27
0.0132	0.0544	7.43497123188123e+27
0.0154	0.0544	-1.39453238841297e+28
0.0176	0.0544	-2.48459349291544e+28
0.0198	0.0544	-8.77959883973669e+29
0.022	0.0544	6.39397975244302e+29
0.0242	0.0544	4.58512593750458e+29
0.0264	0.0544	1.58278655902827e+31
0.0286	0.0544	-5.54919928257808e+30
0.0308	0.0544	1.77315372274672e+32
0.033	0.0544	2.0605083426637e+33
0.0352	0.0544	-2.29663120761556e+33
0.0374	0.0544	-2.1818075011243e+34
0.0396	0.0544	-1.56772062169314e+35
0.0418	0.0544	-2.53256070745458e+35
0.044	0.0544	-3.6714182950467e+35
0.0462	0.0544	5.30521926070006e+35
0.0484	0.0544	-3.22032690915331e+36
0.0506	0.0544	3.00398948194644e+37
0.0528	0.0544	-2.684040351209e+38
0.055	0.0544	1.69244318624642e+39
0.0572	0.0544	-1.02922538293028e+40
0.0594	0.0544	6.02560697716612e+40
0.0616	0.0544	-3.36110202131304e+41
0.0638	0.0544	1.75873585693733e+42
0.066	0.0544	-8.41904469255002e+42
0.0682	0.0544	3.52002067152948e+43
0.0704	0.0544	-1.15179852532519e+44
0.0726	0.0544	1.80270855260174e+44
0.0748	0.0544	1.02312344819663e+45
0.077	0.0544	1.4720548828666e+45
0.0792	0.0544	1.03245825420637e+45
0.0814	0.0544	-6.73320397406727e+45
0.0836	0.0544	-2.91858974003323e+45
0.0858	0.0544	-4.90157188821244e+45
0.088	0.0544	-3.28308590543536e+46
0.0902	0.0544	-1.3854722213057e+46
0.0924	0.0544	1.36424122336129e+46
0.0946	0.0544	1.36693571319297e+46
0.0968	0.0544	1.00815417642798e+46
0.099	0.0544	7.74229282027998e+45
0.1012	0.0544	5.61444026687926e+45
0.1034	0.0544	4.27984823067018e+45
0.1056	0.0544	3.51194160235809e+45
0.1078	0.0544	2.85610352610028e+45
0.11	0.0544	2.35124680781177e+45
0	0.0576	1.72759352738499e+25
0.0022	0.0576	-4.28768633931976e+25
0.0044	0.0576	3.96641686041865e+24
0.0066	0.0576	1.53154684943391e+26
0.0088	0.0576	-2.69467898033619e+26
0.011	0.0576	6.7087764488499e+26
0.0132	0.0576	1.39510897925424e+28
0.0154	0.0576	-3.28421845058237e+28
0.0176	0.0576	2.89200979709929e+28
0.0198	0.0576	-1.0879262411475e+30
0.022	0.0576	1.16962356828223e+30
0.0242	0.0576	-1.19760575517845e+30
0.0264	0.0576	2.21556762220719e+31
0.0286	0.0576	-2.78689950381704e+31
0.0308	0.0576	2.70518734742716e+32
0.033	0.0576	1.79697494577258e+33
0.0352	0.0576	-7.42441094423564e+32
0.0374	0.0576	-3.05435027531678e+34
0.0396	0.0576	-1.38664058607587e+35
0.0418	0.0576	-4.20909760402794e+35
0.044	0.0576	4.33694249838767e+34
0.0462	0.0576	-1.59530082171261e+36
0.0484	0.0576	7.56348611340756e+36
0.0506	0.0576	-7.04713834166726e+37
0.0528	0.0576	6.26259665108002e+38
0.055	0.0576	-4.15747174317964e+39
0.0572	0.0576	2.67881560611505e+40
0.0594	0.0576	-1.67203323125741e+41
0.0616	0.0576	1.00211932545382e+42
0.0638	0.0576	-5.69339154710474e+42
0.066	0.0576	3.0053480353896e+43
0.0682	0.0576	-1.42381082608554e+44
0.0704	0.0576	5.6361381932188e+44
0.0726	0.0576	-1.50364308198558e+45
0.0748	0.0576	-7.17954415997376e+44
0.077	0.0576	-2.99371139018985e+45
0.0792	0.0576	-1.2640380274693e+45
0.0814	0.0576	3.00134098393823e+46
0.0836	0.0576	1.5346188146525e+46
0.0858	0.0576	2.30772059798362e+46
0.088	0.0576	1.37906082569107e+47
0.0902	0.0576	6.34603205862564e+46
0.0924	0.0576	-4.83451046689233e+46
0.0946	0.0576	-5.00845439420293e+46
0.0968	0.0576	-3.68749894948276e+46
0.099	0.0576	-2.84175621851792e+46
0.1012	0.0576	-2.05428923966089e+46
0.1034	0.0576	-1.56993942963543e+46
0.1056	0.0576	-1.30145234583308e+46
0.1078	0.0576	-1.07168496788816e+46
0.11	0.0576	-8.94176764836561e+45
0	0.0608	-2.9504386260397e+25
0.0022	0.0608	3.8378054471332e+25
0.0044	0.0608	-1.04687705344185e+26
0.0066	0.0608	4.35630591226228e+26
0.0088	0.0608	-1.05433574268837e+27
0.011	0.0608	2.98871961512491e+27
0.0132	0.0608	7.28867128019012e+27
0.0154	0.0608	-6.57913934524428e+27
0.0176	0.0608	-6.52343020486959e+28
0.0198	0.0608	-7.84371458884401e+29
0.022	0.0608	-1.42712733653776e+29
0.0242	0.0608	3.58722820713694e+30
0.0264	0.0608	5.49932656641943e+30
0.0286	0.0608	4.11483536977635e+31
0.0308	0.0608	1.20770891754667e+30
0.033	0.0608	2.95122995944171e+33
0.0352	0.0608	-4.47115220931008e+33
0.0374	0.0608	-1.6520635029147e+34
0.0396	0.0608	-2.13510288888486e+35
0.0418	0.0608	-2.29424453633856e+35
0.044	0.0608	-1.00041659301511e+36
0.0462	0.0608	2.90098578437465e+36
0.0484	0.0608	-1.62314072706682e+37
0.0506	0.0608	1.49955249021579e+38
0.0528	0.0608	-1.32341900110295e+39
0.055	0.0608	9.26943403752491e+39
0.0572	0.0608	-6.34374288717594e+40
0.0594	0.0608	4.23332041401835e+41
0.0616	0.0608	-2.73455202893302e+42
0.0638	0.0608	1.69184856536722e+43
0.066	0.0608	-9.86508910583459e+43
0.0682	0.0608	5.27827519786439e+44
0.0704	0.0608	-2.46310459225111e+45
0.0726	0.0608	8.85240921302322e+45
0.0748	0.0608	-1.32243855222981e+46
0.077	0.0608	-1.99545508956274e+45
0.0792	0.0608	-8.98919300480168e+45
0.0814	0.0608	-1.37119815149161e+47
0.0836	0.0608	-8.0505048578236e+46
0.0858	0.0608	-1.11262147328347e+47
0.088	0.0608	-5.91927986037646e+47
0.0902	0.0608	-2.97262510380799e+47
0.0924	0.0608	1.64278459196225e+47
0.0946	0.0608	1.78792019097253e+47
0.0968	0.0608	1.30489198569631e+47
0.099	0.0608	1.00384895939393e+47
0.1012	0.0608	7.14532344785684e+46
0.1034	0.0608	5.41847624397803e+46
0.1056	0.0608	4.51823313834155e+46
0.1078	0.0608	3.74856802625942e+46
0.11	0.0608	3.15352855786495e+46
0	0.064	2.68330527483981e+25
0.0022	0.064	-7.60022746949617e+25
0.0044	0.064	1.19617560700422e+26
0.0066	0.064	-2.01440814762369e+26
0.0088	0.064	8.65259333805439e+26
0.011	0.064	-2.93272209826932e+27
0.0132	0.064	2.69901996934083e+28
0.0154	0.064	-6.73818717950369e+28
0.0176	0.064	1.26647788223466e+29
0.0198	0.064	-1.4618678508375e+30
0.022	0.064	1.96774683379004e+30
0.0242	0.064	-3.56634727725741e+30
0.0264	0.064	3.13907840321666e+31
0.0286	0.064	-5.59651973655774e+31
0.0308	0.064	3.869331516461e+32
0.033	0.064	1.53406278529695e+33
0.0352	0.064	1.80460887352546e+33
0.0374	0.064	-4.43967551279829e+34
0.0396	0.064	-1.18753493719359e+35
0.0418	0.064	-7.41719507420719e+35
0.044	0.064	8.37949024576392e+35
0.0462	0.064	-5.99045241356603e+36
0.0484	0.064	3.06608603536901e+37
0.0506	0.064	-2.81903512171459e+38
0.0528	0.064	2.45897418938416e+39
0.055	0.064	-1.82138131331502e+40
0.0572	0.064	1.32776036764098e+41
0.0594	0.064	-9.506760787744e+41
0.0616	0.064	6.64718326128097e+42
0.0638	0.064	-4.50094242809207e+43
0.066	0.064	2.91426253446026e+44
0.0682	0.064	-1.76757325450636e+45
0.0704	0.064	9.67552103587304e+45
0.0726	0.064	-4.40624926655126e+46
0.0748	0.064	1.27467950401822e+47
0.077	0.064	7.31469919229654e+46
0.0792	0.064	1.02707124727929e+47
0.0814	0.064	6.41577528328392e+47
0.0836	0.064	4.2156661616808e+47
0.0858	0.064	5.48585697274392e+47
0.088	0.064	2.61389143336108e+48
0.0902	0.064	1.43130618971814e+48
0.0924	0.064	-5.1667475145078e+47
0.0946	0.064	-6.12009145473057e+47
0.0968	0.064	-4.37167672727469e+47
0.099	0.064	-3.32698171820088e+47
0.1012	0.064	-2.27470691238451e+47
0.1034	0.064	-1.67634972604708e+47
0.1056	0.064	-1.39722603772286e+47
0.1078	0.064	-1.1604596430876e+47
0.11	0.064	-9.78155201063561e+46
0	0.0672	-1.45062145423783e+25
0.0022	0.0672	3.6881711162433e+25
0.0044	0.0672	-1.03666063293462e+26
0.0066	0.0672	4.77445813083004e+26
0.0088	0.0672	-1.2949186802683e+27
0.011	0.0672	4.1517499267726e+27
0.0132	0.0672	4.01966887072793e+27
0.0154	0.0672	1.5957688384028e+28
0.0176	0.0672	-1.65518079658188e+29
0.0198	0.0672	-4.74931355259893e+29
0.022	0.0672	-1.73950962727618e+30
0.0242	0.0672	9.55485694464123e+30
0.0264	0.0672	-1.46387498416297e+31
0.0286	0.0672	1.25027273932242e+32
0.0308	0.0672	-3.13924616972192e+32
0.033	0.0672	4.37811386001126e+33
0.0352	0.0672	-8.52871162551284e+33
0.0374	0.0672	-3.80171213746585e+33
0.0396	0.0672	-3.06217306633667e+35
0.0418	0.0672	-9.01771188722608e+34
0.044	0.0672	-2.36522132607681e+36
0.0462	0.0672	8.66484020748565e+36
0.0484	0.0672	-4.94092722860022e+37
0.0506	0.0672	4.47842286934257e+38
0.0528	0.0672	-3.82190713251792e+39
0.055	0.0672	3.00119524477278e+40
0.0572	0.0672	-2.33801898890235e+41
0.0594	0.0672	1.80379386922946e+42
0.0616	0.0672	-1.3728331659325e+43
0.0638	0.0672	1.0247106296364e+44
0.066	0.0672	-7.43364492457491e+44
0.0682	0.0672	5.16391243346762e+45
0.0704	0.0672	-3.34536576378407e+46
0.0726	0.0672	1.91369061081553e+47
0.0748	0.0672	-8.31337478740506e+47
0.077	0.0672	-5.74704347837407e+47
0.0792	0.0672	-7.08732741383725e+47
0.0814	0.0672	-3.0791267104908e+48
0.0836	0.0672	-2.20936239303912e+48
0.0858	0.0672	-2.77441640825286e+48
0.088	0.0672	-1.20230528951895e+49
0.0902	0.0672	-7.15459250925007e+48
0.0924	0.0672	1.36784983367492e+48
0.0946	0.0672	1.95130076599068e+48
0.0968	0.0672	1.32847117602987e+48
0.099	0.0672	9.82256003065623e+47
0.1012	0.0672	6.04670859600241e+47
0.1034	0.0672	4.07449957501707e+47
0.1056	0.0672	3.35388744659864e+47
0.1078	0.0672	2.7607846441424e+47
0.11	0.0672	2.30979831180785e+47
0	0.0704	-6.61069673568683e+25
0.0022	0.0704	-5.24670516195222e+24
0.0044	0.0704	6.7096005396113e+25
0.0066	0.0704	-1.527418171871e+26
0.0088	0.0704	8.40140448939558e+26
0.011	0.0704	-2.99759658728347e+27
0.0132	0.0704	2.91854206093089e+28
0.0154	0.0704	-6.63880144594811e+28
0.0176	0.0704	1.11525743065649e+29
0.0198	0.0704	-1.4862962787903e+30
0.022	0.0704	1.62950321009648e+30
0.0242	0.0704	-2.41059959838801e+30
0.0264	0.0704	2.97427047498101e+31
0.0286	0.0704	-4.75229417361223e+31
0.0308	0.0704	3.85780706775954e+32
0.033	0.0704	1.64605419190229e+33
0.0352	0.0704	3.43844979071708e+33
0.0374	0.0704	-5.60820031307772e+34
0.0396	0.0704	-1.07528233343126e+35
0.0418	0.0704	-1.09367317044902e+36
0.044	0.0704	1.65956773971238e+36
0.0462	0.0704	-1.14239610083615e+37
0.0484	0.0704	6.25782897126353e+37
0.0506	0.0704	-5.52318671599497e+38
0.0528	0.0704	4.49375052925451e+39
0.055	0.0704	-3.75379025262112e+40
0.0572	0.0704	3.13757717752764e+41
0.0594	0.0704	-2.62150449384715e+42
0.0616	0.0704	2.18697883456394e+43
0.0638	0.0704	-1.81750311428016e+44
0.066	0.0704	1.49816068079496e+45
0.0682	0.0704	-1.21508592905835e+46
0.0704	0.0704	9.54869852406249e+46
0.0726	0.0704	-7.03872593338558e+47
0.0748	0.0704	4.47400169997367e+48
0.077	0.0704	3.33420540643355e+48
0.0792	0.0704	4.00952024426206e+48
0.0814	0.0704	1.54125490818755e+49
0.0836	0.0704	1.17278334376731e+49
0.0858	0.0704	1.46968162147339e+49
0.088	0.0704	5.93197691908372e+49
0.0902	0.0704	3.79859026155874e+49
0.0924	0.0704	-1.96429104609843e+48
0.0946	0.0704	-5.5700806315403e+48
0.0968	0.0704	-3.39940420877e+48
0.099	0.0704	-2.35013353010919e+48
0.1012	0.0704	-1.00285376686482e+48
0.1034	0.0704	-4.05821871897044e+47
0.1056	0.0704	-3.16858942542464e+47
0.1078	0.0704	-2.58883390084569e+47
0.11	0.0704	-2.14781146033392e+47
0	0.0736	1.34226280430474e+26
0.0022	0.0736	-1.95715129858174e+26
0.0044	0.0736	3.95571915330001e+26
0.0066	0.0736	-6.91880588292029e+26
0.0088	0.0736	1.6722406242823e+27
0.011	0.0736	-3.8109096955476e+27
0.0132	0.0736	2.83272895806785e+28
0.0154	0.0736	-4.60603438282502e+28
0.0176	0.0736	5.46080174998914e+27
0.0198	0.0736	-1.06551467310538e+30
0.022	0.0736	-3.58033677059043e+29
0.0242	0.0736	5.35038124025534e+30
0.0264	0.0736	7.74602687894405e+29
0.0286	0.0736	7.56242823099206e+31
0.0308	0.0736	-1.19464612218249e+32
0.033	0.0736	3.8555627990673e+33
0.0352	0.0736	-4.85471596458976e+33
0.0374	0.0736	-2.10463888865084e+34
0.0396	0.0736	-2.88380365703062e+35
0.0418	0.0736	-4.28506964550132e+35
0.044	0.0736	-2.08054964852144e+36
0.0462	0.0736	7.4051775919223e+36
0.0484	0.0736	-5.22000109890035e+37
0.0506	0.0736	4.20744056277084e+38
0.0528	0.0736	-2.91467162548451e+39
0.055	0.0736	2.64007253328889e+40
0.0572	0.0736	-2.40168043363579e+41
0.0594	0.0736	2.19606097011628e+42
0.0616	0.0736	-2.02902613395356e+43
0.0638	0.0736	1.9050921348535e+44
0.066	0.0736	-1.82853902249742e+45
0.0682	0.0736	1.80446064414664e+46
0.0704	0.0736	-1.83978497892731e+47
0.0726	0.0736	1.94438088898087e+48
0.0748	0.0736	-2.13237295473582e+49
0.077	0.0736	-1.70651242296113e+49
0.0792	0.0736	-2.11517765586237e+49
0.0814	0.0736	-9.00886198740709e+49
0.0836	0.0736	-6.59470302931346e+49
0.0858	0.0736	-9.13027508991294e+49
0.088	0.0736	-3.46218083224343e+50
0.0902	0.0736	-2.25306937041657e+50
0.0924	0.0736	-8.40713585299555e+47
0.0946	0.0736	2.24167141497326e+49
0.0968	0.0736	1.30121803853126e+49
0.099	0.0736	8.88973025604083e+48
0.1012	0.0736	2.53729375336495e+48
0.1034	0.0736	4.97871798803073e+46
0.1056	0.0736	1.24873511074525e+47
0.1078	0.0736	2.60774302583665e+47
0.11	0.0736	3.15758178008337e+47
0	0.0768	-1.76358076894743e+26
0.0022	0.0768	1.86480411450794e+26
0.0044	0.0768	-3.9928134673486e+26
0.0066	0.0768	1.24278284756183e+27
0.0088	0.0768	-3.5436357150698e+27
0.011	0.0768	1.10704672693202e+28
0.0132	0.0768	-1.45655674167805e+28
0.0154	0.0768	8.76644722180397e+28
0.0176	0.0768	-4.12735201765842e+29
0.0198	0.0768	1.86510914588093e+29
0.022	0.0768	-4.47289528624224e+30
0.0242	0.0768	1.82602261365026e+31
0.0264	0.0768	-3.90003029112047e+31
0.0286	0.0768	2.10921529182518e+32
0.0308	0.0768	-5.55592891530838e+32
0.033	0.0768	5.34182440529752e+33
0.0352	0.0768	-8.50884438933811e+33
0.0374	0.0768	-1.46335756960155e+34
0.0396	0.0768	-3.14656659122773e+35
0.0418	0.0768	-6.01727463468931e+35
0.044	0.0768	-1.37805142502123e+36
0.0462	0.0768	3.62864971952279e+33
0.0484	0.0768	7.10195726889286e+36
0.0506	0.0768	4.23122757572739e+37
0.0528	0.0768	-1.48510465977644e+39
0.055	0.0768	1.04987056841558e+40
0.0572	0.0768	-7.63106128401545e+40
0.0594	0.0768	6.02517173542319e+41
0.0616	0.0768	-5.39049595787707e+42
0.0638	0.0768	5.54131782426797e+43
0.066	0.0768	-6.38077280473409e+44
0.0682	0.0768	7.89097167761147e+45
0.0704	0.0768	-1.01306067766708e+47
0.0726	0.0768	1.32397862876831e+48
0.0748	0.0768	-1.74524796043874e+49
0.077	0.0768	-1.70858102770694e+49
0.0792	0.0768	-1.63562664649943e+49
0.0814	0.0768	-7.63540778552452e+49
0.0836	0.0768	-6.43043213438009e+49
0.0858	0.0768	-6.31698067947811e+49
0.088	0.0768	-2.67827856478387e+50
0.0902	0.0768	-2.23868303442771e+50
0.0924	0.0768	-3.64865796020746e+49
0.0946	0.0768	2.02854285026775e+49
0.0968	0.0768	9.11303415404652e+48
0.099	0.0768	2.65326453544089e+48
0.1012	0.0768	-1.83868277156392e+48
0.1034	0.0768	-6.38739400617085e+45
0.1056	0.0768	2.35826440763165e+47
0.1078	0.0768	3.4504839847434e+47
0.11	0.0768	3.91449002617497e+47
0	0.08	1.52378541574035e+26
0.0022	0.08	-3.55815840738858e+26
0.0044	0.08	8.82117196429131e+26
0.0066	0.08	-2.04902916892688e+27
0.0088	0.08	5.64113829065472e+27
0.011	0.08	-1.6075240624695e+28
0.0132	0.08	7.00542288389838e+28
0.0154	0.08	-1.73438179095994e+29
0.0176	0.08	4.23864453733097e+29
0.0198	0.08	-2.59108338921264e+30
0.022	0.08	4.45136297648027e+30
0.0242	0.08	-1.15693699412888e+31
0.0264	0.08	6.36761005581609e+31
0.0286	0.08	-1.62668349660609e+32
0.0308	0.08	8.39139925691294e+32
0.033	0.08	2.31423537628507e+32
0.0352	0.08	1.17671304519642e+34
0.0374	0.08	-9.1786757531233e+34
0.0396	0.08	-5.29542937557618e+34
0.0418	0.08	-1.75487899649677e+36
0.044	0.08	2.27880043717985e+36
0.0462	0.08	-1.39316304818539e+37
0.0484	0.08	5.5419563484138e+37
0.0506	0.08	-6.30833334211375e+38
0.0528	0.08	6.29934499097626e+39
0.055	0.08	-4.7959593896386e+40
0.0572	0.08	3.62908075361863e+41
0.0594	0.08	-2.72685088939118e+42
0.0616	0.08	2.01395369473773e+43
0.0638	0.08	-1.42852926207514e+44
0.066	0.08	9.17425105262134e+44
0.0682	0.08	-4.31871551108294e+45
0.0704	0.08	-7.65143943449776e+45
0.0726	0.08	6.5972774559943e+47
0.0748	0.08	-1.37770743042798e+49
0.077	0.08	-2.14123010808707e+49
0.0792	0.08	-2.53742626516521e+49
0.0814	0.08	-7.83265571723598e+49
0.0836	0.08	-5.70059894795643e+49
0.0858	0.08	-8.83741920889481e+49
0.088	0.08	-2.88138629652557e+50
0.0902	0.08	-1.72868568337258e+50
0.0924	0.08	1.7074934371698e+48
0.0946	0.08	1.34033978657858e+49
0.0968	0.08	7.54611682342192e+48
0.099	0.08	9.40243608389058e+47
0.1012	0.08	9.79247836617267e+47
0.1034	0.08	2.41073403523034e+47
0.1056	0.08	1.76536862469333e+47
0.1078	0.08	3.62908729555673e+47
0.11	0.08	4.01964501434915e+47
0	0.0832	-6.4271915122852e+25
0.0022	0.0832	9.35281438270886e+25
0.0044	0.0832	-4.29672703078416e+26
0.0066	0.0832	1.85501483514459e+27
0.0088	0.0832	-6.37089407616005e+27
0.011	0.0832	2.18141016501547e+28
0.0132	0.0832	-5.07131667932422e+28
0.0154	0.0832	2.26571401752658e+29
0.0176	0.0832	-9.07181382401277e+29
0.0198	0.0832	1.80541527548029e+30
0.022	0.0832	-1.05960104919907e+31
0.0242	0.0832	3.94300268528375e+31
0.0264	0.0832	-1.10805743800986e+32
0.0286	0.0832	4.8708322507768e+32
0.0308	0.0832	-1.58830322981304e+33
0.033	0.0832	9.51949299260427e+33
0.0352	0.0832	-2.27111475408011e+34
0.0374	0.0832	3.8966137880242e+34
0.0396	0.0832	-5.93915514722762e+35
0.0418	0.0832	2.11419193307514e+35
0.044	0.0832	-6.5760112600211e+36
0.0462	0.0832	2.28638154921833e+37
0.0484	0.0832	-1.24453281167575e+38
0.0506	0.0832	1.23300380537884e+39
0.0528	0.0832	-1.09148721199035e+40
0.055	0.0832	8.48414605997851e+40
0.0572	0.0832	-6.62209777130479e+41
0.0594	0.0832	5.23171346836535e+42
0.0616	0.0832	-4.22854304148921e+43
0.0638	0.0832	3.55502204061174e+44
0.066	0.0832	-3.17663007448141e+45
0.0682	0.0832	3.07957462949026e+46
0.0704	0.0832	-3.27004218001621e+47
0.0726	0.0832	3.77495202123829e+48
0.0748	0.0832	-4.64426752138322e+49
0.077	0.0832	-5.86067726792229e+49
0.0792	0.0832	-6.27185538844136e+49
0.0814	0.0832	-6.65879591916102e+49
0.0836	0.0832	-5.61415720544272e+49
0.0858	0.0832	-5.77260116631349e+49
0.088	0.0832	-2.09898281849187e+50
0.0902	0.0832	-1.81119265044937e+50
0.0924	0.0832	-3.97659318840586e+49
0.0946	0.0832	1.45195839746729e+49
0.0968	0.0832	4.00803682087316e+48
0.099	0.0832	5.01955802546115e+47
0.1012	0.0832	-6.20537391329847e+47
0.1034	0.0832	-4.16550389248973e+46
0.1056	0.0832	3.37418611738964e+47
0.1078	0.0832	4.45234967229936e+47
0.11	0.0832	4.88834678260232e+47
0	0.0864	-2.49877189009062e+24
0.0022	0.0864	-2.07698187903987e+26
0.0044	0.0864	6.3378798025221e+26
0.0066	0.0864	-1.5278759173142e+27
0.0088	0.0864	4.5353200229496e+27
0.011	0.0864	-1.41513714761286e+28
0.0132	0.0864	7.12980781597435e+28
0.0154	0.0864	-1.80257693854119e+29
0.0176	0.0864	4.82477717362597e+29
0.0198	0.0864	-3.03887847235171e+30
0.022	0.0864	5.92733119699219e+30
0.0242	0.0864	-1.82808545738805e+31
0.0264	0.0864	9.48537666682351e+31
0.0286	0.0864	-2.93887538714949e+32
0.0308	0.0864	1.44111307665019e+33
0.033	0.0864	-2.20815626965864e+33
0.0352	0.0864	2.47931907913799e+34
0.0374	0.0864	-1.51228156523785e+35
0.0396	0.0864	1.4212755701601e+35
0.0418	0.0864	-3.03637039587373e+36
0.044	0.0864	6.35036511354408e+36
0.0462	0.0864	-3.67881376170383e+37
0.0484	0.0864	1.82007725276905e+38
0.0506	0.0864	-1.68433812427287e+39
0.0528	0.0864	1.39251733232619e+40
0.055	0.0864	-1.06429078818259e+41
0.0572	0.0864	7.96398664139726e+41
0.0594	0.0864	-5.7373838154653e+42
0.0616	0.0864	3.82959778262923e+43
0.0638	0.0864	-2.12804696133544e+44
0.066	0.0864	5.33349982563786e+44
0.0682	0.0864	1.04751631070914e+46
0.0704	0.0864	-2.70757168875227e+47
0.0726	0.0864	4.54618301466571e+48
0.0748	0.0864	-6.67588654239343e+49
0.077	0.0864	-7.83387244818396e+49
0.0792	0.0864	-8.11173693962667e+49
0.0814	0.0864	-9.54150758878622e+49
0.0836	0.0864	-1.04646289312217e+50
0.0858	0.0864	-1.2111381560947e+50
0.088	0.0864	-2.31630840346465e+50
0.0902	0.0864	-1.34327841255642e+50
0.0924	0.0864	7.23996659013127e+48
0.0946	0.0864	6.52050798786922e+48
0.0968	0.0864	4.9840737576351e+48
0.099	0.0864	7.51939012895159e+46
0.1012	0.0864	3.75754714886973e+47
0.1034	0.0864	3.27250206780018e+47
0.1056	0.0864	2.94539959024158e+47
0.1078	0.0864	4.86362137583697e+47
0.11	0.0864	5.1317438431064e+47
0	0.0896	2.71717959029474e+26
0.0022	0.0896	-2.93979485333649e+26
0.0044	0.0896	1.7825997556179e+26
0.0066	0.0896	7.51988633743901e+26
0.0088	0.0896	-4.15199517381885e+27
0.011	0.0896	1.69010056389602e+28
0.0132	0.0896	-3.64780192825754e+28
0.0154	0.0896	2.03151877289338e+29
0.0176	0.0896	-8.64610803783968e+29
0.0198	0.0896	1.61954446262805e+30
0.022	0.0896	-1.06884704547027e+31
0.0242	0.0896	4.0101692316342e+31
0.0264	0.0896	-1.11852990000184e+32
0.0286	0.0896	5.01602103655296e+32
0.0308	0.0896	-1.6422905489077e+33
0.033	0.0896	1.00495596461924e+34
0.0352	0.0896	-2.30769426246419e+34
0.0374	0.0896	4.1530479680147e+34
0.0396	0.0896	-6.94098274498563e+35
0.0418	0.0896	3.12069718169445e+35
0.044	0.0896	-9.66364850162689e+36
0.0462	0.0896	3.75180281438915e+37
0.0484	0.0896	-2.30101686803367e+38
0.0506	0.0896	2.02993038146129e+39
0.0528	0.0896	-1.63753609263318e+40
0.055	0.0896	1.35662572608157e+41
0.0572	0.0896	-1.14743147878924e+42
0.0594	0.0896	9.96132077886029e+42
0.0616	0.0896	-8.93065488870207e+43
0.0638	0.0896	8.31737803870955e+44
0.066	0.0896	-8.08346465619152e+45
0.0682	0.0896	8.21507256636072e+46
0.0704	0.0896	-8.72157856173332e+47
0.0726	0.0896	9.63628697416579e+48
0.0748	0.0896	-1.10188524255726e+50
0.077	0.0896	-1.27121278267815e+50
0.0792	0.0896	-1.31352459298738e+50
0.0814	0.0896	-1.48553680380622e+50
0.0836	0.0896	-1.54625929614029e+50
0.0858	0.0896	-1.7275448050279e+50
0.088	0.0896	-1.57954814340601e+50
0.0902	0.0896	-1.49095916083133e+50
0.0924	0.0896	-4.2673272002853e+49
0.0946	0.0896	1.14526400237206e+49
0.0968	0.0896	7.4995769065699e+47
0.099	0.0896	5.98164131478528e+47
0.1012	0.0896	-2.20532801836528e+47
0.1034	0.0896	9.45426731281781e+46
0.1056	0.0896	4.58973359489442e+47
0.1078	0.0896	5.85588791257425e+47
0.11	0.0896	6.06843400664105e+47
0	0.0928	-3.23291161467907e+26
0.0022	0.0928	4.30512328470675e+26
0.0044	0.0928	-8.27282202485833e+26
0.0066	0.0928	2.19335623485847e+27
0.0088	0.0928	-5.62856030221341e+27
0.011	0.0928	1.46426693649283e+28
0.0132	0.0928	-9.7059809007012e+27
0.0154	0.0928	7.4472850792202e+28
0.0176	0.0928	-3.00866127994655e+29
0.0198	0.0928	-7.41545763338386e+29
0.022	0.0928	-1.75304599796802e+30
0.0242	0.0928	5.66054638339351e+30
0.0264	0.0928	2.13709980487402e+31
0.0286	0.0928	-3.7208786600261e+31
0.0308	0.0928	5.88849115191875e+32
0.033	0.0928	8.79689573685248e+32
0.0352	0.0928	1.68332699167799e+34
0.0374	0.0928	-1.28474771850303e+35
0.0396	0.0928	2.07771004513478e+33
0.0418	0.0928	-3.03306611442881e+36
0.044	0.0928	4.59350790610793e+36
0.0462	0.0928	-3.59500341056329e+37
0.0484	0.0928	1.92508180360326e+38
0.0506	0.0928	-1.57929415295593e+39
0.0528	0.0928	1.08377660444099e+40
0.055	0.0928	-8.34708962582462e+40
0.0572	0.0928	6.39463543622831e+41
0.0594	0.0928	-4.82404211759017e+42
0.0616	0.0928	3.526094837914e+43
0.0638	0.0928	-2.41119888627884e+44
0.066	0.0928	1.40243880717986e+45
0.0682	0.0928	-4.29867172170771e+45
0.0704	0.0928	-5.7465601524246e+46
0.0726	0.0928	1.68248765416083e+48
0.0748	0.0928	-2.9734843755875e+49
0.077	0.0928	-3.22399252894935e+49
0.0792	0.0928	-3.24806330235747e+49
0.0814	0.0928	-3.50286099060979e+49
0.0836	0.0928	-3.56444913775422e+49
0.0858	0.0928	-3.81827356938886e+49
0.088	0.0928	-4.47892875165521e+49
0.0902	0.0928	-5.44997210166312e+49
0.0924	0.0928	-8.64405655375118e+46
0.0946	0.0928	5.25641520851184e+48
0.0968	0.0928	3.29770966458529e+48
0.099	0.0928	-3.70809379729064e+47
0.1012	0.0928	2.44700794676711e+47
0.1034	0.0928	4.49699244742303e+47
0.1056	0.0928	4.68244536074909e+47
0.1078	0.0928	6.480031541552e+47
0.11	0.0928	6.49718400113538e+47
0	0.096	2.42143069852219e+26
0.0022	0.096	-4.90947233202032e+26
0.0044	0.096	1.03638290364915e+27
0.0066	0.096	-2.04479546287473e+27
0.0088	0.096	4.74136205767058e+27
0.011	0.096	-1.19806686906003e+28
0.0132	0.096	6.18673092437037e+28
0.0154	0.096	-1.09554919481933e+29
0.0176	0.096	1.80387602011916e+29
0.0198	0.096	-2.05387987187864e+30
0.022	0.096	1.28584523793625e+30
0.0242	0.096	-1.34021659159779e+30
0.0264	0.096	3.59873630392948e+31
0.0286	0.096	-4.88779555505061e+31
0.0308	0.096	4.76467834909682e+32
0.033	0.096	2.18438589831745e+33
0.0352	0.096	9.52183013155521e+33
0.0374	0.096	-8.49898176505996e+34
0.0396	0.096	-2.90504061896892e+35
0.0418	0.096	-1.70706191905337e+36
0.044	0.096	-4.42476840220716e+36
0.0462	0.096	1.31531720141216e+37
0.0484	0.096	-1.36578926442244e+38
0.0506	0.096	8.24318898073e+38
0.0528	0.096	-4.16404627755505e+39
0.055	0.096	2.64987952264873e+40
0.0572	0.096	-1.53156893903252e+41
0.0594	0.096	6.9475890475926e+41
0.0616	0.096	-7.32860570782219e+41
0.0638	0.096	-3.79664301019369e+43
0.066	0.096	6.9557335855435e+44
0.0682	0.096	-8.93006086050519e+45
0.0704	0.096	9.78910372381598e+46
0.0726	0.096	-9.48911477816438e+47
0.0748	0.096	7.86623146313546e+48
0.077	0.096	8.8149705938107e+48
0.0792	0.096	9.01023986274359e+48
0.0814	0.096	1.00000872304561e+49
0.0836	0.096	1.03540615053341e+49
0.0858	0.096	1.13834021624959e+49
0.088	0.096	1.33057628035244e+49
0.0902	0.096	1.62231198215127e+49
0.0924	0.096	3.06675413020245e+48
0.0946	0.096	1.912417379427e+48
0.0968	0.096	1.28729939514716e+48
0.099	0.096	1.40989166741603e+47
0.1012	0.096	6.10927571720441e+46
0.1034	0.096	3.54279805613403e+47
0.1056	0.096	6.36743941917026e+47
0.1078	0.096	7.73012801020358e+47
0.11	0.096	7.51719264331203e+47
0	0.0992	-2.25577942587446e+26
0.0022	0.0992	3.71197968087962e+26
0.0044	0.0992	-8.93662855624848e+26
0.0066	0.0992	2.77134242015181e+27
0.0088	0.0992	-8.16010000030502e+27
0.011	0.0992	2.38855118009592e+28
0.0132	0.0992	-3.86201216024809e+28
0.0154	0.0992	1.90837870712405e+29
0.0176	0.0992	-7.07779815165779e+29
0.0198	0.0992	5.24171252715407e+29
0.022	0.0992	-6.72880064176171e+30
0.0242	0.0992	2.25629242925033e+31
0.0264	0.0992	-3.47114135539364e+31
0.0286	0.0992	1.81930912239244e+32
0.0308	0.0992	-2.32096690222117e+32
0.033	0.0992	4.35114270181126e+33
0.0352	0.0992	5.45845064472031e+33
0.0374	0.0992	-8.18673552204303e+34
0.0396	0.0992	-2.88690468875969e+35
0.0418	0.0992	-2.2888161859538e+36
0.044	0.0992	-1.9052591440912e+36
0.0462	0.0992	-1.11343461649411e+37
0.0484	0.0992	4.58515019087796e+37
0.0506	0.0992	-2.88114559546253e+38
0.0528	0.0992	4.1660940667767e+38
0.055	0.0992	1.27014033750599e+39
0.0572	0.0992	-4.50025001959513e+40
0.0594	0.0992	6.26619737001638e+41
0.0616	0.0992	-6.97076327721258e+42
0.0638	0.0992	6.90585039647556e+43
0.066	0.0992	-6.28647364486687e+44
0.0682	0.0992	5.27559879872842e+45
0.0704	0.0992	-4.00446919987928e+46
0.0726	0.0992	2.59049106200738e+47
0.0748	0.0992	-1.15449894438166e+48
0.077	0.0992	-1.37780517844023e+48
0.0792	0.0992	-1.44177833203696e+48
0.0814	0.0992	-1.68219423688069e+48
0.0836	0.0992	-1.79288108807472e+48
0.0858	0.0992	-2.05198880967702e+48
0.088	0.0992	-2.56683275684336e+48
0.0902	0.0992	-3.32259441455906e+48
0.0924	0.0992	-6.39620195573143e+46
0.0946	0.0992	2.78215622382626e+47
0.0968	0.0992	4.38853544618574e+47
0.099	0.0992	4.93294551738835e+47
0.1012	0.0992	5.31892474323156e+47
0.1034	0.0992	7.07159608639155e+47
0.1056	0.0992	7.08237684621282e+47
0.1078	0.0992	8.6394924585323e+47
0.11	0.0992	8.14243691932185e+47
0	0.1024	5.65393431165758e+25
0.0022	0.1024	-4.39796583675035e+26
0.0044	0.1024	1.31519524121004e+27
0.0066	0.1024	-3.24847801623905e+27
0.0088	0.1024	8.88126319273885e+27
0.011	0.1024	-2.61690863173502e+28
0.0132	0.1024	1.13989234733459e+29
0.0154	0.1024	-2.7038946519399e+29
0.0176	0.1024	7.28426072898841e+29
0.0198	0.1024	-4.09060510710917e+30
0.022	0.1024	7.71276203868588e+30
0.0242	0.1024	-2.4083066949683e+31
0.0264	0.1024	1.1958972180978e+32
0.0286	0.1024	-3.58754597764154e+32
0.0308	0.1024	1.68547335690673e+33
0.033	0.1024	-2.18475712061131e+33
0.0352	0.1024	2.8847741586047e+34
0.0374	0.1024	-1.58874809429118e+35
0.0396	0.1024	-1.05787425484589e+35
0.0418	0.1024	-2.94860133057921e+36
0.044	0.1024	-2.9024803854596e+36
0.0462	0.1024	2.98325201113408e+35
0.0484	0.1024	-8.57640112056833e+37
0.0506	0.1024	-2.97092113039139e+37
0.0528	0.1024	7.86683049654849e+38
0.055	0.1024	-7.97532748201681e+39
0.0572	0.1024	7.4132859577998e+40
0.0594	0.1024	-6.50734783843148e+41
0.0616	0.1024	5.4416840170585e+42
0.0638	0.1024	-4.3440444571083e+43
0.066	0.1024	3.30382921430584e+44
0.0682	0.1024	-2.38416657459648e+45
0.0704	0.1024	1.63014818044753e+46
0.0726	0.1024	-1.07404249655153e+47
0.0748	0.1024	7.37940232588166e+47
0.077	0.1024	8.38488100500547e+47
0.0792	0.1024	8.65492440859828e+47
0.0814	0.1024	9.72337597289256e+47
0.0836	0.1024	1.01721201454728e+48
0.0858	0.1024	1.13171529857709e+48
0.088	0.1024	1.28578855554058e+48
0.0902	0.1024	1.53257532327284e+48
0.0924	0.1024	7.39434712349306e+47
0.0946	0.1024	6.93095789186435e+47
0.0968	0.1024	6.77673172324357e+47
0.099	0.1024	7.0456514624259e+47
0.1012	0.1024	7.22937318659301e+47
0.1034	0.1024	7.88212227033201e+47
0.1056	0.1024	8.96701771030113e+47
0.1078	0.1024	1.02309286886102e+48
0.11	0.1024	9.27145220451433e+47
0	0.1056	1.86207128437023e+26
0.0022	0.1056	-1.85816373966864e+26
0.0044	0.1056	-2.58887528327019e+24
0.0066	0.1056	1.27729610311933e+27
0.0088	0.1056	-5.82321843058582e+27
0.011	0.1056	2.09175720427847e+28
0.0132	0.1056	-3.52164200978678e+28
0.0154	0.1056	2.22530191907881e+29
0.0176	0.1056	-8.813065490801e+29
0.0198	0.1056	1.12941140241971e+30
0.022	0.1056	-9.92327846608124e+30
0.0242	0.1056	3.44842608927256e+31
0.0264	0.1056	-7.69597024221056e+31
0.0286	0.1056	3.63493430532903e+32
0.0308	0.1056	-9.64077038734153e+32
0.033	0.1056	7.73213100662562e+33
0.0352	0.1056	-6.31763268167496e+33
0.0374	0.1056	-2.85402958628741e+34
0.0396	0.1056	-6.35837832461999e+35
0.0418	0.1056	-1.34472730170765e+36
0.044	0.1056	-1.02078420984175e+37
0.0462	0.1056	1.84374426249254e+37
0.0484	0.1056	4.08319688282163e+36
0.0506	0.1056	9.02453085646644e+37
0.0528	0.1056	-8.26987987681525e+38
0.055	0.1056	6.71417154910234e+39
0.0572	0.1056	-5.24232343267593e+40
0.0594	0.1056	3.92951464877584e+41
0.0616	0.1056	-2.80153600123722e+42
0.0638	0.1056	1.86272451337149e+43
0.066	0.1056	-1.10355625045853e+44
0.0682	0.1056	5.05362192179891e+44
0.0704	0.1056	-4.32413253695221e+44
0.0726	0.1056	-3.12262674554622e+46
0.0748	0.1056	5.94299796389834e+47
0.077	0.1056	6.20365301156242e+47
0.0792	0.1056	6.20714651050916e+47
0.0814	0.1056	6.44930351038278e+47
0.0836	0.1056	6.44369834399293e+47
0.0858	0.1056	6.6661886158932e+47
0.088	0.1056	6.41643625223205e+47
0.0902	0.1056	6.29769362163168e+47
0.0924	0.1056	8.49153768351135e+47
0.0946	0.1056	9.16953585610066e+47
0.0968	0.1056	9.44825893560417e+47
0.099	0.1056	9.95867989801418e+47
0.1012	0.1056	1.0196679424918e+48
0.1034	0.1056	1.06283623201924e+48
0.1056	0.1056	1.06968192206032e+48
0.1078	0.1056	1.14592531345371e+48
0.11	0.1056	1.01355178543226e+48
0	0.1088	-1.94028981491577e+26
0.0022	0.1088	7.38347671202835e+25
0.0044	0.1088	1.74478888154184e+26
0.0066	0.1088	-2.85563865581553e+26
0.0088	0.1088	5.36308121582612e+26
0.011	0.1088	-2.08229948190026e+27
0.0132	0.1088	4.65848989113123e+28
0.0154	0.1088	-4.72976703678407e+28
0.0176	0.1088	3.61752568031585e+28
0.0198	0.1088	-2.08038725671018e+30
0.022	0.1088	6.86225542946578e+29
0.0242	0.1088	-1.99312649415895e+30
0.0264	0.1088	5.10131922294149e+31
0.0286	0.1088	-1.09234644187036e+32
0.0308	0.1088	8.2072742677561e+32
0.033	0.1088	1.19781798982689e+33
0.0352	0.1088	1.93870871797886e+34
0.0374	0.1088	-1.23613845848205e+35
0.0396	0.1088	-3.43924336893926e+35
0.0418	0.1088	-2.71360498240359e+36
0.044	0.1088	2.46679621657407e+36
0.0462	0.1088	-4.36166927335657e+36
0.0484	0.1088	7.49344772449625e+36
0.0506	0.1088	-7.82663241665433e+37
0.0528	0.1088	6.15853203291276e+38
0.055	0.1088	-4.66002042506673e+39
0.0572	0.1088	3.46277025488504e+40
0.0594	0.1088	-2.53530131454203e+41
0.0616	0.1088	1.83930271203589e+42
0.0638	0.1088	-1.33728065550916e+43
0.066	0.1088	9.94655018254444e+43
0.0682	0.1088	-7.8090710902693e+44
0.0704	0.1088	6.70226591540439e+45
0.0726	0.1088	-6.41908420930978e+46
0.0748	0.1088	6.80672508005807e+47
0.077	0.1088	7.30134856019026e+47
0.0792	0.1088	7.39628373114752e+47
0.0814	0.1088	7.89996250771358e+47
0.0836	0.1088	8.0434403158302e+47
0.0858	0.1088	8.56093306133489e+47
0.088	0.1088	8.81355863358263e+47
0.0902	0.1088	9.43297177662683e+47
0.0924	0.1088	9.10793051366547e+47
0.0946	0.1088	9.52994120259306e+47
0.0968	0.1088	9.73548094091348e+47
0.099	0.1088	1.02187239757407e+48
0.1012	0.1088	1.04810322935532e+48
0.1034	0.1088	1.10073613713898e+48
0.1056	0.1088	1.13616517827565e+48
0.1078	0.1088	1.18311494240459e+48
0.11	0.1088	1.22632926331733e+48
0	0.112	2.0206433975492e+26
0.0022	0.112	-3.9539521214228e+26
0.0044	0.112	6.47379322142071e+26
0.0066	0.112	-4.14340292658062e+26
0.0088	0.112	-1.35613890684907e+27
0.011	0.112	7.99562655369764e+27
0.0132	0.112	8.34071524735604e+27
0.0154	0.112	1.05406200005241e+29
0.0176	0.112	-5.021159123866e+29
0.0198	0.112	-2.98301702503667e+29
0.022	0.112	-5.82179599894577e+30
0.0242	0.112	1.99875183739506e+31
0.0264	0.112	-2.28712728304444e+31
0.0286	0.112	1.69558034742252e+32
0.0308	0.112	-2.08647692163366e+32
0.033	0.112	5.1889177158108e+33
0.0352	0.112	6.11534113235784e+33
0.0374	0.112	-7.34311707735523e+34
0.0396	0.112	-5.83965693138614e+35
0.0418	0.112	5.99336261027024e+35
0.044	0.112	-6.28310493877386e+35
0.0462	0.112	1.51888047944669e+36
0.0484	0.112	-6.76773680451386e+36
0.0506	0.112	5.38073801747718e+37
0.0528	0.112	-4.00543236391425e+38
0.055	0.112	2.93496817803757e+39
0.0572	0.112	-2.13346494348051e+40
0.0594	0.112	1.54341622498797e+41
0.0616	0.112	-1.11555656268452e+42
0.0638	0.112	8.09097576467049e+42
0.066	0.112	-5.90752760106167e+43
0.0682	0.112	4.33658656915457e+44
0.0704	0.112	-3.16293692182133e+45
0.0726	0.112	2.21427936326583e+46
0.0748	0.112	-1.35106097554057e+47
0.077	0.112	-1.49102531377332e+47
0.0792	0.112	-1.52607699006997e+47
0.0814	0.112	-1.67084716173758e+47
0.0836	0.112	-1.72217477267305e+47
0.0858	0.112	-1.87352127943164e+47
0.088	0.112	-1.95714832891321e+47
0.0902	0.112	-2.13864614121951e+47
0.0924	0.112	-2.07864185711071e+47
0.0946	0.112	-2.21107097115289e+47
0.0968	0.112	-2.29073024709737e+47
0.099	0.112	-2.44297958577459e+47
0.1012	0.112	-2.54215181188293e+47
0.1034	0.112	-2.7103367369294e+47
0.1056	0.112	-2.83880640995822e+47
0.1078	0.112	-2.99814549180279e+47
0.11	0.112	-3.15266998740991e+47
0	0.1152	-1.43852701648544e+26
0.0022	0.1152	1.20436483557571e+26
0.0044	0.1152	-7.13189287674433e+25
0.0066	0.1152	6.58865324246061e+26
0.0088	0.1152	-2.67427073217693e+27
0.011	0.1152	7.82686345392682e+27
0.0132	0.1152	2.0809083441902e+28
0.0154	0.1152	5.2951098408238e+28
0.0176	0.1152	-2.70957484048906e+29
0.0198	0.1152	-1.31194272736964e+30
0.022	0.1152	-2.39558831315359e+30
0.0242	0.1152	7.11320974624612e+30
0.0264	0.1152	2.58919342127271e+31
0.0286	0.1152	-1.44967481348429e+31
0.0308	0.1152	5.14513389558559e+32
0.033	0.1152	2.5960610708322e+33
0.0352	0.1152	1.72724328891373e+34
0.0374	0.1152	-1.13297902600293e+35
0.0396	0.1152	1.27306244780932e+35
0.0418	0.1152	-1.34629411162926e+35
0.044	0.1152	1.91849334462259e+35
0.0462	0.1152	-7.21201321760225e+35
0.0484	0.1152	4.42234761017821e+36
0.0506	0.1152	-3.25194173013809e+37
0.0528	0.1152	2.33748533062028e+38
0.055	0.1152	-1.663772098802e+39
0.0572	0.1152	1.17545979608492e+40
0.0594	0.1152	-8.2454805966118e+40
0.0616	0.1152	5.73902511794224e+41
0.0638	0.1152	-3.9536696984413e+42
0.066	0.1152	2.67983008585988e+43
0.0682	0.1152	-1.7651221707945e+44
0.0704	0.1152	1.10236065871098e+45
0.0726	0.1152	-6.20018726432871e+45
0.0748	0.1152	2.74868899929774e+46
0.077	0.1152	3.13676239468201e+46
0.0792	0.1152	3.2498606980418e+46
0.0814	0.1152	3.65667720078044e+46
0.0836	0.1152	3.82135141771174e+46
0.0858	0.1152	4.25299765060556e+46
0.088	0.1152	4.51186038235348e+46
0.0902	0.1152	5.03161153469868e+46
0.0924	0.1152	4.93265982143731e+46
0.0946	0.1152	5.33103476391697e+46
0.0968	0.1152	5.60139845850106e+46
0.099	0.1152	6.0620772221378e+46
0.1012	0.1152	6.39608570552143e+46
0.1034	0.1152	6.91126582893655e+46
0.1056	0.1152	7.33629109368778e+46
0.1078	0.1152	7.84463514027083e+46
0.11	0.1152	8.35369813066806e+46
0	0.1184	9.88636072869339e+25
0.0022	0.1184	-3.68066171219852e+26
0.0044	0.1184	8.52364117889311e+26
0.0066	0.1184	-1.11809270231215e+27
0.0088	0.1184	6.8984067370989e+26
0.011	0.1184	1.46367508290431e+27
0.0132	0.1184	3.43178649991625e+28
0.0154	0.1184	4.26496759331204e+28
0.0176	0.1184	-2.82507578254187e+29
0.0198	0.1184	-1.25527043269869e+30
0.022	0.1184	-3.26335666373882e+30
0.0242	0.1184	1.03359494349113e+31
0.0264	0.1184	1.542629844086e+31
0.0286	0.1184	3.40603398723772e+31
0.0308	0.1184	3.30516122677138e+32
0.033	0.1184	3.48852785287848e+33
0.0352	0.1184	-5.25525569712243e+33
0.0374	0.1184	2.30792606598809e+34
0.0396	0.1184	-2.74317788891484e+34
0.0418	0.1184	3.30378519479429e+34
0.044	0.1184	-7.30809125135586e+34
0.0462	0.1184	3.77091680554072e+35
0.0484	0.1184	-2.51510200381722e+36
0.0506	0.1184	1.77248440968842e+37
0.0528	0.1184	-1.23260026919597e+38
0.055	0.1184	8.48208094049968e+38
0.0572	0.1184	-5.77244742027633e+39
0.0594	0.1184	3.87662175786293e+40
0.0616	0.1184	-2.55952931834007e+41
0.0638	0.1184	1.6511173128635e+42
0.066	0.1184	-1.03001014444073e+43
0.0682	0.1184	6.10777864957576e+43
0.0704	0.1184	-3.34073532184184e+44
0.0726	0.1184	1.59012469624021e+45
0.0748	0.1184	-5.72746794761798e+45
0.077	0.1184	-6.78936323867039e+45
0.0792	0.1184	-7.13146166139004e+45
0.0814	0.1184	-8.25805466248895e+45
0.0836	0.1184	-8.75781099220545e+45
0.0858	0.1184	-9.96900754180241e+45
0.088	0.1184	-1.07402652100714e+46
0.0902	0.1184	-1.22062927240694e+46
0.0924	0.1184	-1.20848164151634e+46
0.0946	0.1184	-1.32521040464797e+46
0.0968	0.1184	-1.41107296589836e+46
0.099	0.1184	-1.54694649869291e+46
0.1012	0.1184	-1.65284488677305e+46
0.1034	0.1184	-1.80646617591744e+46
0.1056	0.1184	-1.94009028403974e+46
0.1078	0.1184	-2.09631978661997e+46
0.11	0.1184	-2.25631120764535e+46
0	0.1216	-4.53800157155118e+25
0.0022	0.1216	-1.86821432182138e+25
0.0044	0.1216	1.43315991601076e+26
0.0066	0.1216	4.90625140419904e+26
0.0088	0.1216	-2.98285853054786e+27
0.011	0.1216	9.79275757433106e+27
0.0132	0.1216	1.78374357356816e+28
0.0154	0.1216	8.9893456818012e+28
0.0176	0.1216	-3.836526856913e+29
0.0198	0.1216	-1.16125054709661e+30
0.022	0.1216	-3.62041137883991e+30
0.0242	0.1216	1.02722970880182e+31
0.0264	0.1216	1.99892379882895e+31
0.0286	0.1216	1.59587060900191e+31
0.0308	0.1216	4.25185871006533e+32
0.033	0.1216	-7.87178231811914e+32
0.0352	0.1216	1.38228764091091e+33
0.0374	0.1216	-4.77096640191791e+33
0.0396	0.1216	6.11892460366843e+33
0.0418	0.1216	-9.42501722056312e+33
0.044	0.1216	3.22174927050659e+34
0.0462	0.1216	-1.93258719598394e+35
0.0484	0.1216	1.29788452556095e+36
0.0506	0.1216	-8.82877600145603e+36
0.0528	0.1216	5.92952291091169e+37
0.055	0.1216	-3.92896719714371e+38
0.0572	0.1216	2.56240204870991e+39
0.0594	0.1216	-1.63859805438605e+40
0.0616	0.1216	1.02169005349147e+41
0.0638	0.1216	-6.15997519085884e+41
0.066	0.1216	3.54650038230674e+42
0.0682	0.1216	-1.91187122320284e+43
0.0704	0.1216	9.34160468256062e+43
0.0726	0.1216	-3.89775371776808e+44
0.0748	0.1216	1.22018812753336e+45
0.077	0.1216	1.50816168831884e+45
0.0792	0.1216	1.60792128940838e+45
0.0814	0.1216	1.91680757649336e+45
0.0836	0.1216	2.06357909734563e+45
0.0858	0.1216	2.3996678918928e+45
0.088	0.1216	2.62397513855348e+45
0.0902	0.1216	3.03314311737969e+45
0.0924	0.1216	3.03445807830669e+45
0.0946	0.1216	3.37048924921582e+45
0.0968	0.1216	3.63264720705148e+45
0.099	0.1216	4.02645944026459e+45
0.1012	0.1216	4.35010248335951e+45
0.1034	0.1216	4.79979588824185e+45
0.1056	0.1216	5.20658005126506e+45
0.1078	0.1216	5.6749199054759e+45
0.11	0.1216	6.162690056091e+45
0	0.1248	1.96404329867031e+25
0.0022	0.1248	-2.85138149621065e+26
0.0044	0.1248	8.19236442955413e+26
0.0066	0.1248	-1.08392981480403e+27
0.0088	0.1248	5.79295326583705e+26
0.011	0.1248	1.53588053568001e+27
0.0132	0.1248	3.95587416278012e+28
0.0154	0.1248	5.04639780942805e+28
0.0176	0.1248	-2.87366228783151e+29
0.0198	0.1248	-1.49574204540257e+30
0.022	0.1248	-3.16647377741148e+30
0.0242	0.1248	8.86615244701918e+30
0.0264	0.1248	2.5750338745149e+31
0.0286	0.1248	1.91204055490892e+30
0.0308	0.1248	-9.14078516657164e+31
0.033	0.1248	1.77318283862888e+32
0.0352	0.1248	-3.42749452294805e+32
0.0374	0.1248	1.00903004789324e+33
0.0396	0.1248	-1.46552081798634e+33
0.0418	0.1248	3.20048486513638e+33
0.044	0.1248	-1.48574827114976e+34
0.0462	0.1248	9.37622688110542e+34
0.0484	0.1248	-6.18347713188098e+35
0.0506	0.1248	4.06420641677624e+36
0.0528	0.1248	-2.63213353296499e+37
0.055	0.1248	1.67584751800751e+38
0.0572	0.1248	-1.04532294498066e+39
0.0594	0.1248	6.35680549457964e+39
0.0616	0.1248	-3.74336919059186e+40
0.0638	0.1248	2.11434879602575e+41
0.066	0.1248	-1.12972877691673e+42
0.0682	0.1248	5.59251979142668e+42
0.0704	0.1248	-2.48116766424391e+43
0.0726	0.1248	9.31534146725066e+43
0.0748	0.1248	-2.65090452277463e+44
0.077	0.1248	-3.42691113760468e+44
0.0792	0.1248	-3.7112447744229e+44
0.0814	0.1248	-4.55213938403413e+44
0.0836	0.1248	-4.97415019398953e+44
0.0858	0.1248	-5.89931331575531e+44
0.088	0.1248	-6.54107250528191e+44
0.0902	0.1248	-7.67430707464586e+44
0.0924	0.1248	-7.7585850917187e+44
0.0946	0.1248	-8.71382166139516e+44
0.0968	0.1248	-9.49387470965004e+44
0.099	0.1248	-1.06210008670938e+45
0.1012	0.1248	-1.15861489105267e+45
0.1034	0.1248	-1.28849670573563e+45
0.1056	0.1248	-1.40962630579616e+45
0.1078	0.1248	-1.54756020852797e+45
0.11	0.1248	-1.69314924902444e+45
0	0.128	-1.83047242702043e+25
0.0022	0.128	-1.28080418811165e+26
0.0044	0.128	3.63469143452299e+26
0.0066	0.128	2.2418624720717e+26
0.0088	0.128	-2.81884727261632e+27
0.011	0.128	1.02466045391981e+28
0.0132	0.128	1.95391597098611e+28
0.0154	0.128	1.16327034442758e+29
0.0176	0.128	-4.55504102855239e+29
0.0198	0.128	-1.17366469609608e+30
0.022	0.128	-4.36611384399557e+30
0.0242	0.128	1.16711771169011e+31
0.0264	0.128	-5.62168417153983e+30
0.0286	0.128	-1.52220643657322e+30
0.0308	0.128	1.99179644498824e+31
0.033	0.128	-4.03124428576781e+31
0.0352	0.128	8.27335168505106e+31
0.0374	0.128	-2.22032702249487e+32
0.0396	0.128	3.93820817388134e+32
0.0418	0.128	-1.23637357287746e+33
0.044	0.128	6.75651635885872e+33
0.0462	0.128	-4.28437131570557e+34
0.0484	0.128	2.75075155387505e+35
0.0506	0.128	-1.74686421575672e+36
0.0528	0.128	1.09021155546385e+37
0.055	0.128	-6.66576059529616e+37
0.0572	0.128	3.97613695257249e+38
0.0594	0.128	-2.30102808625207e+39
0.0616	0.128	1.28225152342977e+40
0.0638	0.128	-6.80996448590095e+40
0.066	0.128	3.39727521038602e+41
0.0682	0.128	-1.55848617497874e+42
0.0704	0.128	6.36363674852875e+42
0.0726	0.128	-2.19392794495376e+43
0.0748	0.128	5.85434003484447e+43
0.077	0.128	7.93575796687473e+43
0.0792	0.128	8.73387996646352e+43
0.0814	0.128	1.10111086908682e+44
0.0836	0.128	1.22069593742036e+44
0.0858	0.128	1.47385822572803e+44
0.088	0.128	1.65533157750604e+44
0.0902	0.128	1.96737586690642e+44
0.0924	0.128	2.00939640559249e+44
0.0946	0.128	2.27841042066702e+44
0.0968	0.128	2.50635803761789e+44
0.099	0.128	2.82590697848369e+44
0.1012	0.128	3.10874999618493e+44
0.1034	0.128	3.48007851868237e+44
0.1056	0.128	3.83503158269176e+44
0.1078	0.128	4.23593693710195e+44
0.11	0.128	4.6637667108621e+44
0	0.1312	-2.58890179790189e+25
0.0022	0.1312	-2.47715246220364e+26
0.0044	0.1312	7.39865295709299e+26
0.0066	0.1312	-8.49736054658305e+26
0.0088	0.1312	-1.26115559254521e+25
0.011	0.1312	3.07638606617318e+27
0.0132	0.1312	4.00977496459167e+28
0.0154	0.1312	7.70457463618943e+28
0.0176	0.1312	-3.41604432274896e+29
0.0198	0.1312	-1.61611503593423e+30
0.022	0.1312	1.12065110637161e+30
0.0242	0.1312	-2.28487696009735e+30
0.0264	0.1312	1.1306836608978e+30
0.0286	0.1312	5.46224887885253e+29
0.0308	0.1312	-4.39498069430537e+30
0.033	0.1312	9.24731295376176e+30
0.0352	0.1312	-1.99153924678887e+31
0.0374	0.1312	5.22481785791989e+31
0.0396	0.1312	-1.21456050266566e+32
0.0418	0.1312	5.06073151208882e+32
0.044	0.1312	-2.96080737302726e+33
0.0462	0.1312	1.85006954050164e+34
0.0484	0.1312	-1.15286450379153e+35
0.0506	0.1312	7.07433460494842e+35
0.0528	0.1312	-4.25482215666684e+36
0.055	0.1312	2.49912459936184e+37
0.0572	0.1312	-1.4268593925926e+38
0.0594	0.1312	7.87101208827603e+38
0.0616	0.1312	-4.16170746424413e+39
0.0638	0.1312	2.08662838811644e+40
0.066	0.1312	-9.77508876579567e+40
0.0682	0.1312	4.1892956739692e+41
0.0704	0.1312	-1.59228831688753e+42
0.0726	0.1312	5.12311870253758e+42
0.0748	0.1312	-1.3095853812746e+43
0.077	0.1312	-1.86591328356186e+43
0.0792	0.1312	-2.08755685950717e+43
0.0814	0.1312	-2.70180058184536e+43
0.0836	0.1312	-3.03712583781233e+43
0.0858	0.1312	-3.72672943346996e+43
0.088	0.1312	-4.23543125365858e+43
0.0902	0.1312	-5.09079812067896e+43
0.0924	0.1312	-5.25053963385982e+43
0.0946	0.1312	-6.002696188408e+43
0.0968	0.1312	-6.65999679381227e+43
0.099	0.1312	-7.55927992614555e+43
0.1012	0.1312	-8.377461216046e+43
0.1034	0.1312	-9.43064435645348e+43
0.1056	0.1312	-1.04582208917405e+44
0.1078	0.1312	-1.16115917715296e+44
0.11	0.1312	-1.28538983182976e+44
0	0.1344	4.56485039822003e+24
0.0022	0.1344	-2.187754126395e+26
0.0044	0.1344	4.4971541054558e+26
0.0066	0.1344	1.62177641690533e+26
0.0088	0.1344	-2.7442146106395e+27
0.011	0.1344	1.0506490838971e+28
0.0132	0.1344	2.24201238141492e+28
0.0154	0.1344	1.41504283975394e+29
0.0176	0.1344	-5.07503463608307e+29
0.0198	0.1344	3.62367435469464e+29
0.022	0.1344	-2.64474797569876e+29
0.0242	0.1344	4.50369445550055e+29
0.0264	0.1344	-2.22661371851683e+29
0.0286	0.1344	-1.61918517164601e+29
0.0308	0.1344	9.82326870501855e+29
0.033	0.1344	-2.14962787069882e+30
0.0352	0.1344	4.89998090969496e+30
0.0374	0.1344	-1.35689621339146e+31
0.0396	0.1344	4.20755589633857e+31
0.0418	0.1344	-2.08563034136594e+32
0.044	0.1344	1.24282215582009e+33
0.0462	0.1344	-7.59040020905367e+33
0.0484	0.1344	4.58634459059173e+34
0.0506	0.1344	-2.72042399270173e+35
0.0528	0.1344	1.57767371313733e+36
0.055	0.1344	-8.91011074730574e+36
0.0572	0.1344	4.87602263784663e+37
0.0594	0.1344	-2.56918390188447e+38
0.0616	0.1344	1.29264682018582e+39
0.0638	0.1344	-6.14285365684261e+39
0.066	0.1344	2.71670127330033e+40
0.0682	0.1344	-1.09546824155624e+41
0.0704	0.1344	3.91315170760342e+41
0.0726	0.1344	-1.19026907836156e+42
0.0748	0.1344	2.9562398467934e+42
0.077	0.1344	4.43917926918181e+42
0.0792	0.1344	5.04990058750951e+42
0.0814	0.1344	6.701575160143e+42
0.0836	0.1344	7.6344811503636e+42
0.0858	0.1344	9.50620760609137e+42
0.088	0.1344	1.09226397994695e+43
0.0902	0.1344	1.32589280818947e+43
0.0924	0.1344	1.38020290643649e+43
0.0946	0.1344	1.58930741604553e+43
0.0968	0.1344	1.77692388260792e+43
0.099	0.1344	2.02851306857274e+43
0.1012	0.1344	2.26282313189844e+43
0.1034	0.1344	2.55962245152337e+43
0.1056	0.1344	2.85428576665437e+43
0.1078	0.1344	3.18340669196682e+43
0.11	0.1344	3.5407553326797e+43
0	0.1376	-1.08930059117327e+26
0.0022	0.1376	-2.03774339834902e+26
0.0044	0.1376	5.27089757434717e+26
0.0066	0.1376	-4.38185483748193e+26
0.0088	0.1376	-6.4817520774829e+26
0.011	0.1376	4.65997838620847e+27
0.0132	0.1376	3.99460832798371e+28
0.0154	0.1376	-3.72142040950034e+28
0.0176	0.1376	1.00740129351181e+29
0.0198	0.1376	-7.76572793581175e+28
0.022	0.1376	6.04615240627026e+28
0.0242	0.1376	-8.92582266332755e+28
0.0264	0.1376	4.28942403557145e+28
0.0286	0.1376	4.42688980438224e+28
0.0308	0.1376	-2.22954955446939e+29
0.033	0.1376	5.11244774778214e+29
0.0352	0.1376	-1.26531279757323e+30
0.0374	0.1376	3.95521805132217e+30
0.0396	0.1376	-1.56001145352361e+31
0.0418	0.1376	8.43646109207676e+31
0.044	0.1376	-5.00013089508339e+32
0.0462	0.1376	2.97491492318217e+33
0.0484	0.1376	-1.74289329569285e+34
0.0506	0.1376	9.99942488148168e+34
0.0528	0.1376	-5.59646429227589e+35
0.055	0.1376	3.04269614965766e+36
0.0572	0.1376	-1.59860356075155e+37
0.0594	0.1376	8.06306612603174e+37
0.0616	0.1376	-3.87147937810247e+38
0.0638	0.1376	1.75027218571356e+39
0.066	0.1376	-7.34294396592407e+39
0.0682	0.1376	2.80338620108004e+40
0.0704	0.1376	-9.48828700601318e+40
0.0726	0.1376	2.75635337142904e+41
0.0748	0.1376	-6.7087077305436e+41
0.077	0.1376	-1.06531011191288e+42
0.0792	0.1376	-1.23259970597925e+42
0.0814	0.1376	-1.67562659325775e+42
0.0836	0.1376	-1.9335971738701e+42
0.0858	0.1376	-2.44015845627325e+42
0.088	0.1376	-2.8324602712677e+42
0.0902	0.1376	-3.46871147856312e+42
0.0924	0.1376	-3.64246671208843e+42
0.0946	0.1376	-4.22110996339629e+42
0.0968	0.1376	-4.75235364732742e+42
0.099	0.1376	-5.45282702549742e+42
0.1012	0.1376	-6.11850765960656e+42
0.1034	0.1376	-6.95052424602772e+42
0.1056	0.1376	-7.7890547232866e+42
0.1078	0.1376	-8.72199884792303e+42
0.11	0.1376	-9.74209626637446e+42
0	0.1408	4.21006786371336e+25
0.0022	0.1408	-3.66218456493554e+26
0.0044	0.1408	5.28341164984808e+26
0.0066	0.1408	-2.30143819683872e+26
0.0088	0.1408	-1.31028741693945e+27
0.011	0.1408	7.75888888682752e+27
0.0132	0.1408	-8.60688867902751e+27
0.0154	0.1408	8.9606489835788e+27
0.0176	0.1408	-2.02266634939283e+28
0.0198	0.1408	1.65892138248896e+28
0.022	0.1408	-1.35314392741582e+28
0.0242	0.1408	1.77592234082698e+28
0.0264	0.1408	-8.04835173707707e+27
0.0286	0.1408	-1.16488175208849e+28
0.0308	0.1408	5.16776959917716e+28
0.033	0.1408	-1.26223679787447e+29
0.0352	0.1408	3.50745348909135e+29
0.0374	0.1408	-1.27742019641376e+30
0.0396	0.1408	5.9255284412356e+30
0.0418	0.1408	-3.3162703246428e+31
0.044	0.1408	1.93354026696292e+32
0.0462	0.1408	-1.11934676714293e+33
0.0484	0.1408	6.36103060860284e+33
0.0506	0.1408	-3.53274173099169e+34
0.0528	0.1408	1.91010620055382e+35
0.055	0.1408	-1.0010669302999e+36
0.0572	0.1408	5.05815794075947e+36
0.0594	0.1408	-2.44755390554159e+37
0.0616	0.1408	1.12460555187848e+38
0.0638	0.1408	-4.85371340216556e+38
0.066	0.1408	1.94010493875961e+39
0.0682	0.1408	-7.05141048230301e+39
0.0704	0.1408	2.27680943161866e+40
0.0726	0.1408	-6.36602105114912e+40
0.0748	0.1408	1.5244977830414e+41
0.077	0.1408	2.57181319533262e+41
0.0792	0.1408	3.02796578240384e+41
0.0814	0.1408	4.21389134533512e+41
0.0836	0.1408	4.92381865462702e+41
0.0858	0.1408	6.29153056155791e+41
0.088	0.1408	7.37341027171861e+41
0.0902	0.1408	9.10194075635806e+41
0.0924	0.1408	9.63707789299112e+41
0.0946	0.1408	1.12322211508426e+42
0.0968	0.1408	1.2726752612982e+42
0.099	0.1408	1.46691862047347e+42
0.1012	0.1408	1.65481710100944e+42
0.1034	0.1408	1.88702957443816e+42
0.1056	0.1408	2.12416075764702e+42
0.1078	0.1408	2.38716212776069e+42
0.11	0.1408	2.67653344505373e+42
0	0.144	6.28679621905051e+25
0.0022	0.144	-3.85464755385131e+26
0.0044	0.144	2.32410815648071e+26
0.0066	0.144	-8.30079839028263e+25
0.0088	0.144	4.67956396166883e+26
0.011	0.144	-1.64323664553109e+27
0.0132	0.144	1.84877192484165e+27
0.0154	0.144	-2.08166487870213e+27
0.0176	0.144	4.09786319516631e+27
0.0198	0.144	-3.53512830502193e+27
0.022	0.144	2.98173880170693e+27
0.0242	0.144	-3.54148251033481e+27
0.0264	0.144	1.45542171497412e+27
0.0286	0.144	3.02226674694661e+27
0.0308	0.144	-1.23491320923926e+28
0.033	0.144	3.28989920978719e+28
0.0352	0.144	-1.05259547745825e+29
0.0374	0.144	4.41600899211907e+29
0.0396	0.144	-2.24439523724882e+30
0.0418	0.144	1.26347601372964e+31
0.044	0.144	-7.21094136328115e+31
0.0462	0.144	4.06093815782026e+32
0.0484	0.144	-2.23988128654487e+33
0.0506	0.144	1.20525755531694e+34
0.0528	0.144	-6.30259021084943e+34
0.055	0.144	3.1885305451464e+35
0.0572	0.144	-1.55208571841098e+36
0.0594	0.144	7.22034275306654e+36
0.0616	0.144	-3.18308465015787e+37
0.0638	0.144	1.31569174024094e+38
0.066	0.144	-5.03027743940282e+38
0.0682	0.144	1.74885794777252e+39
0.0704	0.144	-5.4173994000115e+39
0.0726	0.144	1.46589186676344e+40
0.0748	0.144	-3.45434493377537e+40
0.077	0.144	-6.23114415326134e+40
0.0792	0.144	-7.47043275216092e+40
0.0814	0.144	-1.063968404122e+41
0.0836	0.144	-1.25857901383609e+41
0.0858	0.144	-1.62713365749691e+41
0.088	0.144	-1.92443743854012e+41
0.0902	0.144	-2.39307656779482e+41
0.0924	0.144	-2.55366862865485e+41
0.0946	0.144	-2.99199718642148e+41
0.0968	0.144	-3.41021660612295e+41
0.099	0.144	-3.94703600325759e+41
0.1012	0.144	-4.4745686374424e+41
0.1034	0.144	-5.12024785734526e+41
0.1056	0.144	-5.78734235753126e+41
0.1078	0.144	-6.52531538514931e+41
0.11	0.144	-7.34185231192523e+41
0	0.1472	-1.29803712506301e+25
0.0022	0.1472	-1.35209776350323e+26
0.0044	0.1472	1.86214288868246e+26
0.0066	0.1472	-1.32556562799896e+25
0.0088	0.1472	-1.15290515905442e+26
0.011	0.1472	3.3796438450175e+26
0.0132	0.1472	-3.98061288318438e+26
0.0154	0.1472	4.72136994978878e+26
0.0176	0.1472	-8.36588369389772e+26
0.0198	0.1472	7.51835286033379e+26
0.022	0.1472	-6.49355339977361e+26
0.0242	0.1472	7.06548969195135e+26
0.0264	0.1472	-2.47513335658156e+26
0.0286	0.1472	-7.87301301410269e+26
0.0308	0.1472	3.08065649396728e+27
0.033	0.1472	-9.16667452186338e+27
0.0352	0.1472	3.38526793831935e+28
0.0374	0.1472	-1.57694900892091e+29
0.0396	0.1472	8.3647101921852e+29
0.0418	0.1472	-4.66833855422511e+30
0.044	0.1472	2.60237879264431e+31
0.0462	0.1472	-1.42604011410809e+32
0.0484	0.1472	7.63978866456843e+32
0.0506	0.1472	-3.98672393165192e+33
0.0528	0.1472	2.01858281343899e+34
0.055	0.1472	-9.8715838780839e+34
0.0572	0.1472	4.63698622021293e+35
0.0594	0.1472	-2.0780537772078e+36
0.0616	0.1472	8.81096461066376e+36
0.0638	0.1472	-3.49805803266191e+37
0.066	0.1472	1.28370453448453e+38
0.0682	0.1472	-4.2866278336069e+38
0.0704	0.1472	1.27957343112461e+39
0.0726	0.1472	-3.36188093696555e+39
0.0748	0.1472	7.7704539694878e+39
0.077	0.1472	1.51239091284643e+40
0.0792	0.1472	1.84809984733088e+40
0.0814	0.1472	2.69384709196528e+40
0.0836	0.1472	3.22562283196062e+40
0.0858	0.1472	4.21711132624131e+40
0.088	0.1472	5.03170622774923e+40
0.0902	0.1472	6.30009111945271e+40
0.0924	0.1472	6.77306308396865e+40
0.0946	0.1472	7.97429280536287e+40
0.0968	0.1472	9.13944872313586e+40
0.099	0.1472	1.06187644063521e+41
0.1012	0.1472	1.20932135590246e+41
0.1034	0.1472	1.38828545603914e+41
0.1056	0.1472	1.57512712337437e+41
0.1078	0.1472	1.78138391412291e+41
0.11	0.1472	2.01076412634074e+41
0	0.1504	1.07503771964799e+26
0.0022	0.1504	7.95150204183272e+24
0.0044	0.1504	-3.11823259299395e+25
0.0066	0.1504	2.27659471504462e+24
0.0088	0.1504	2.74241190032638e+25
0.011	0.1504	-6.98246214375843e+25
0.0132	0.1504	8.57784385065105e+25
0.0154	0.1504	-1.05362217742549e+26
0.0176	0.1504	1.71925771930922e+26
0.0198	0.1504	-1.59655775887206e+26
0.022	0.1504	1.40131998780798e+26
0.0242	0.1504	-1.40711924131427e+26
0.0264	0.1504	3.70603587110472e+25
0.0286	0.1504	2.09277831514916e+26
0.0308	0.1504	-8.12462747908003e+26
0.033	0.1504	2.73623837148949e+27
0.0352	0.1504	-1.14230311292501e+28
0.0374	0.1504	5.67785975299033e+28
0.0396	0.1504	-3.05343880046586e+29
0.0418	0.1504	1.67710599241506e+30
0.044	0.1504	-9.12345731013156e+30
0.0462	0.1504	4.86642692601939e+31
0.0484	0.1504	-2.53403380530077e+32
0.0506	0.1504	1.28354293478804e+33
0.0528	0.1504	-6.29938050697254e+33
0.055	0.1504	2.98173360637738e+34
0.0572	0.1504	-1.35367878059073e+35
0.0594	0.1504	5.85490640420649e+35
0.0616	0.1504	-2.39287172428009e+36
0.0638	0.1504	9.14853274801929e+36
0.066	0.1504	-3.23227484559842e+37
0.0682	0.1504	1.04020297116986e+38
0.0704	0.1504	-3.00179933615184e+38
0.0726	0.1504	7.66609532519798e+38
0.0748	0.1504	-1.72564638053769e+39
0.077	0.1504	-3.6716495394023e+39
0.0792	0.1504	-4.57917002922657e+39
0.0814	0.1504	-6.83419358921341e+39
0.0836	0.1504	-8.28402260157306e+39
0.0858	0.1504	-1.09485162659759e+40
0.088	0.1504	-1.3175594698353e+40
0.0902	0.1504	-1.66048423758903e+40
0.0924	0.1504	-1.79789191820234e+40
0.0946	0.1504	-2.12644345983907e+40
0.0968	0.1504	-2.44994544459963e+40
0.099	0.1504	-2.85674189145851e+40
0.1012	0.1504	-3.2674100622321e+40
0.1034	0.1504	-3.76227604109758e+40
0.1056	0.1504	-4.28381524172988e+40
0.1078	0.1504	-4.85855854443775e+40
0.11	0.1504	-5.500725590464e+40
0	0.1536	-2.07336067549213e+25
0.0022	0.1536	-3.56338599816711e+24
0.0044	0.1536	5.14529929332856e+24
0.0066	0.1536	-3.80837088193701e+23
0.0088	0.1536	-6.30122637213492e+24
0.011	0.1536	1.45424705120663e+25
0.0132	0.1536	-1.85187677880943e+25
0.0154	0.1536	2.32870935779349e+25
0.0176	0.1536	-3.55907193588684e+25
0.0198	0.1536	3.39246507094786e+25
0.022	0.1536	-3.00718948683715e+25
0.0242	0.1536	2.79075729738521e+25
0.0264	0.1536	-3.68373638137301e+24
0.0286	0.1536	-5.78638739712106e+25
0.0308	0.1536	2.29582609291501e+26
0.033	0.1536	-8.72755171166136e+26
0.0352	0.1536	3.98923392119051e+27
0.0374	0.1536	-2.05064577256852e+28
0.0396	0.1536	1.09965143725189e+29
0.0418	0.1536	-5.91904451511092e+29
0.044	0.1536	3.13960561908351e+30
0.0462	0.1536	-1.62992990203267e+31
0.0484	0.1536	8.25060018230472e+31
0.0506	0.1536	-4.05778827240148e+32
0.0528	0.1536	1.93135308376837e+33
0.055	0.1536	-8.85498779899994e+33
0.0572	0.1536	3.88926271181163e+34
0.0594	0.1536	-1.62560485533104e+35
0.0616	0.1536	6.41428409006074e+35
0.0638	0.1536	-2.36625468334574e+36
0.066	0.1536	8.06734731305053e+36
0.0682	0.1536	-2.50811634584039e+37
0.0704	0.1536	7.00979521685358e+37
0.0726	0.1536	-1.73827429999842e+38
0.0748	0.1536	3.77687073868801e+38
0.077	0.1536	8.94706084514562e+38
0.0792	0.1536	1.14085031164094e+39
0.0814	0.1536	1.74448930004148e+39
0.0836	0.1536	2.14098619916674e+39
0.0858	0.1536	2.85961870431217e+39
0.088	0.1536	3.47033688718313e+39
0.0902	0.1536	4.40088272234924e+39
0.0924	0.1536	4.79817616754581e+39
0.0946	0.1536	5.6995255676942e+39
0.0968	0.1536	6.59962273765876e+39
0.099	0.1536	7.72169112621513e+39
0.1012	0.1536	8.8681146515489e+39
0.1034	0.1536	1.02404812656449e+40
0.1056	0.1536	1.16995428642246e+40
0.1078	0.1536	1.33048786720026e+40
0.11	0.1536	1.51068879512447e+40
0	0.1568	4.1729203892908e+24
0.0022	0.1568	8.35483246721777e+23
0.0044	0.1568	-4.69590592892209e+23
0.0066	0.1568	-3.96929323964738e+22
0.0088	0.1568	1.4581182479667e+24
0.011	0.1568	-3.14389941852756e+24
0.0132	0.1568	4.15995543816083e+24
0.0154	0.1568	-5.31947292761912e+24
0.0176	0.1568	7.69659039809084e+24
0.0198	0.1568	-7.49400091745668e+24
0.022	0.1568	6.66859972722808e+24
0.0242	0.1568	-5.64549806661142e+24
0.0264	0.1568	-5.76996019460906e+23
0.0286	0.1568	1.79016726973101e+25
0.0308	0.1568	-7.42204073423713e+25
0.033	0.1568	3.14432841053088e+26
0.0352	0.1568	-1.52743937700015e+27
0.0374	0.1568	7.94710121223132e+27
0.0396	0.1568	-4.20470819205439e+28
0.0418	0.1568	2.20902377673184e+29
0.044	0.1568	-1.13979137780925e+30
0.0462	0.1568	5.74763892678158e+30
0.0484	0.1568	-2.82287738286905e+31
0.0506	0.1568	1.34557720601055e+32
0.0528	0.1568	-6.20036720847138e+32
0.055	0.1568	2.74922271066191e+33
0.0572	0.1568	-1.16656532687803e+34
0.0594	0.1568	4.70633567509864e+34
0.0616	0.1568	-1.79120890610063e+35
0.0638	0.1568	6.37173983654679e+35
0.066	0.1568	-2.09527968751911e+36
0.0682	0.1568	6.28885403450046e+36
0.0704	0.1568	-1.69810371604309e+37
0.0726	0.1568	4.04888271447121e+37
0.0748	0.1568	-8.14636106359288e+37
0.077	0.1568	-2.27571220185531e+38
0.0792	0.1568	-2.98487341517995e+38
0.0814	0.1568	-4.70409284436782e+38
0.0836	0.1568	-5.85824142554725e+38
0.0858	0.1568	-7.92167515855582e+38
0.088	0.1568	-9.70793818496618e+38
0.0902	0.1568	-1.23989416354742e+39
0.0924	0.1568	-1.36212743673244e+39
0.0946	0.1568	-1.62577590322955e+39
0.0968	0.1568	-1.89286052610694e+39
0.099	0.1568	-2.22300337052453e+39
0.1012	0.1568	-2.56441668539525e+39
0.1034	0.1568	-2.97061525007088e+39
0.1056	0.1568	-3.40635397703829e+39
0.1078	0.1568	-3.88492818278255e+39
0.11	0.1568	-4.42462697512714e+39
0	0.16	-1.54108926669692e+24
0.0022	0.16	-1.26326273426573e+23
0.0044	0.16	9.18812406592976e+22
0.0066	0.16	7.36120106338385e+22
0.0088	0.16	-5.86373714718584e+23
0.011	0.16	1.20999745032113e+24
0.0132	0.16	-1.70548135793266e+24
0.0154	0.16	2.21303937839026e+24
0.0176	0.16	-3.08003121071662e+24
0.0198	0.16	3.03505794495664e+24
0.022	0.16	-2.69358194644906e+24
0.0242	0.16	2.07503172328967e+24
0.0264	0.16	8.72660433254431e+23
0.0286	0.16	-9.74262230847809e+24
0.0308	0.16	4.1896801408751e+25
0.033	0.16	-1.89019552015559e+26
0.0352	0.16	9.44170814715134e+26
0.0374	0.16	-4.915890229853e+27
0.0396	0.16	2.56966407063039e+28
0.0418	0.16	-1.32682145142013e+29
0.044	0.16	6.71545176987759e+29
0.0462	0.16	-3.31809846787039e+30
0.0484	0.16	1.59515363754735e+31
0.0506	0.16	-7.43508177084811e+31
0.0528	0.16	3.34663763436431e+32
0.055	0.16	-1.44798042686909e+33
0.0572	0.16	5.98942085712556e+33
0.0594	0.16	-2.35330963396885e+34
0.0616	0.16	8.71620111944174e+34
0.0638	0.16	-3.01572944636015e+35
0.066	0.16	9.64306394028271e+35
0.0682	0.16	-2.8134495357116e+36
0.0704	0.16	7.36728054684953e+36
0.0726	0.16	-1.68198022475403e+37
0.0748	0.16	3.04712834824318e+37
0.077	0.16	1.03736513415115e+38
0.0792	0.16	1.39920222882195e+38
0.0814	0.16	2.26704571297261e+38
0.0836	0.16	2.85971646124942e+38
0.0858	0.16	3.90743410462741e+38
0.088	0.16	4.82786584011921e+38
0.0902	0.16	6.20390239310059e+38
0.0924	0.16	6.8567847480303e+38
0.0946	0.16	8.21660801525964e+38
0.0968	0.16	9.60912635683795e+38
0.099	0.16	1.13198483040253e+39
0.1012	0.16	1.3106553633745e+39
0.1034	0.16	1.52200114430834e+39
0.1056	0.16	1.75022163119142e+39
0.1078	0.16	2.00055904068233e+39
0.11	0.16	2.28382789559046e+39
