0	0	5.57146845362037e+25
0.0022	0	-5.11002753876263e+24
0.0044	0	3.15077130669575e+25
0.0066	0	-1.25951913949501e+26
0.0088	0	3.18730650793691e+26
0.011	0	-1.59179767172735e+26
0.0132	0	1.41381268758388e+26
0.0154	0	-1.52863216652864e+26
0.0176	0	1.24315872108597e+27
0.0198	0	-1.10641925727034e+27
0.022	0	8.16682976326473e+26
0.0242	0	-9.00148062231845e+26
0.0264	0	-1.18617451370557e+26
0.0286	0	3.21028127974616e+27
0.0308	0	-7.57892572628885e+27
0.033	0	1.05079256630386e+28
0.0352	0	-1.47854523148977e+28
0.0374	0	2.20542263253635e+28
0.0396	0	-1.8998878641551e+28
0.0418	0	-1.12447362218684e+27
0.044	0	5.83338975641527e+28
0.0462	0	-2.39522197860487e+29
0.0484	0	8.25487998330529e+29
0.0506	0	-2.44621189881663e+30
0.0528	0	5.30555377149917e+30
0.055	0	-3.73876326554743e+29
0.0572	0	-8.65202249672973e+31
0.0594	0	6.84707599099951e+32
0.0616	0	-3.92204978899118e+33
0.0638	0	1.94131446273023e+34
0.066	0	-8.81256882405356e+34
0.0682	0	3.79339955587877e+35
0.0704	0	-1.59513884377228e+36
0.0726	0	6.8163909386172e+36
0.0748	0	-3.15113678494446e+37
0.077	0	-2.85786078586791e+37
0.0792	0	-2.49824019521761e+37
0.0814	0	1.5656537430648e+37
0.0836	0	-7.89032196626558e+36
0.0858	0	5.73135931572532e+36
0.088	0	1.24465173218717e+38
0.0902	0	2.28421426309378e+37
0.0924	0	-9.49112233476824e+37
0.0946	0	-8.17648932815333e+37
0.0968	0	-5.55220748273922e+37
0.099	0	-3.82073277679737e+37
0.1012	0	-2.42405632906643e+37
0.1034	0	-1.48762899865359e+37
0.1056	0	-8.82029842639241e+36
0.1078	0	-3.87216545217984e+36
0.11	0	-1.49280475765855e+36
0	0.0032	1.94218801518272e+25
0.0022	0.0032	1.08600119361901e+26
0.0044	0.0032	-4.87367139534004e+25
0.0066	0.0032	2.87971614053364e+26
0.0088	0.0032	-8.42335222549771e+26
0.011	0.0032	3.63901113319322e+26
0.0132	0.0032	-3.22273447017898e+26
0.0154	0.0032	1.47367297925544e+26
0.0176	0.0032	-3.26969840676627e+27
0.0198	0.0032	2.75046601362455e+27
0.022	0.0032	-1.9365988057178e+27
0.0242	0.0032	2.45106235215992e+27
0.0264	0.0032	-1.72478377237019e+26
0.0286	0.0032	-7.54040421618703e+27
0.0308	0.0032	1.87805872813505e+28
0.033	0.0032	-2.53981833056191e+28
0.0352	0.0032	3.55720784112088e+28
0.0374	0.0032	-5.61623610841466e+28
0.0396	0.0032	5.03916379266134e+28
0.0418	0.0032	-5.98887919092476e+27
0.044	0.0032	-1.14022150930539e+29
0.0462	0.0032	4.94496349301868e+29
0.0484	0.0032	-1.79402372044726e+30
0.0506	0.0032	5.76721252124802e+30
0.0528	0.0032	-1.50827880355113e+31
0.055	0.0032	2.10473651624223e+31
0.0572	0.0032	8.92347237386668e+31
0.0594	0.0032	-1.05110232061806e+33
0.0616	0.0032	6.72096084931271e+33
0.0638	0.0032	-3.50791986237543e+34
0.066	0.0032	1.63877562009302e+35
0.0682	0.0032	-7.12785117581985e+35
0.0704	0.0032	2.94956400049542e+36
0.0726	0.0032	-1.17228647331057e+37
0.0748	0.0032	4.46138270125348e+37
0.077	0.0032	4.00425881503611e+37
0.0792	0.0032	3.39193800450343e+37
0.0814	0.0032	-4.62609572902329e+37
0.0836	0.0032	1.54051001270151e+36
0.0858	0.0032	-2.37413075436967e+37
0.088	0.0032	-2.60926212219823e+38
0.0902	0.0032	-5.77134574567987e+37
0.0924	0.0032	1.79856351057045e+38
0.0946	0.0032	1.56841884902808e+38
0.0968	0.0032	1.07269890283348e+38
0.099	0.0032	7.43010548616958e+37
0.1012	0.0032	4.70408620982256e+37
0.1034	0.0032	2.96579772257474e+37
0.1056	0.0032	1.81270327349245e+37
0.1078	0.0032	9.07013898243005e+36
0.11	0.0032	2.83941599594839e+36
0	0.0064	-1.79932381118229e+26
0.0022	0.0064	3.23068147102373e+26
0.0044	0.0064	-2.30290100179846e+26
0.0066	0.0064	-1.08166128214056e+27
0.0088	0.0064	4.15924790238392e+27
0.011	0.0064	-1.46545554130442e+27
0.0132	0.0064	1.37350205005557e+27
0.0154	0.0064	7.95845700421934e+26
0.0176	0.0064	1.61286344758593e+28
0.0198	0.0064	-1.25394208589739e+28
0.022	0.0064	8.17820326258005e+27
0.0242	0.0064	-1.23512828276568e+28
0.0264	0.0064	3.38018773281699e+27
0.0286	0.0064	3.19832992842153e+28
0.0308	0.0064	-8.59228819275873e+28
0.033	0.0064	1.12130774071268e+29
0.0352	0.0064	-1.5504258366975e+29
0.0374	0.0064	2.63886463590353e+29
0.0396	0.0064	-2.45218890644616e+29
0.0418	0.0064	6.63312221055981e+28
0.044	0.0064	3.78127999064548e+29
0.0462	0.0064	-1.76093381900648e+30
0.0484	0.0064	6.76303132301662e+30
0.0506	0.0064	-2.35560416727886e+31
0.0528	0.0064	7.1212748848702e+31
0.055	0.0064	-1.61172245870295e+32
0.0572	0.0064	6.18746117049183e+31
0.0594	0.0064	2.21514703013367e+33
0.0616	0.0064	-1.82214462304965e+34
0.0638	0.0064	1.04689740071364e+35
0.066	0.0064	-5.13902239850957e+35
0.0682	0.0064	2.29871078731623e+36
0.0704	0.0064	-9.68231242430387e+36
0.0726	0.0064	3.9180652265609e+37
0.0748	0.0064	-1.54391398791625e+38
0.077	0.0064	-1.42306345797285e+38
0.0792	0.0064	-1.2128231317184e+38
0.0814	0.0064	1.57441093289682e+38
0.0836	0.0064	-8.20130991610548e+36
0.0858	0.0064	7.6337107306017e+37
0.088	0.0064	9.11622885651547e+38
0.0902	0.0064	2.03350092137696e+38
0.0924	0.0064	-6.34807445861549e+38
0.0946	0.0064	-5.60723593097589e+38
0.0968	0.0064	-3.94152211447367e+38
0.099	0.0064	-2.82690618533733e+38
0.1012	0.0064	-1.91163920663787e+38
0.1034	0.0064	-1.32187925736072e+38
0.1056	0.0064	-9.52598410941063e+37
0.1078	0.0064	-6.50108538206375e+37
0.11	0.0064	-4.25948241516914e+37
0	0.0096	-2.31612505613118e+26
0.0022	0.0096	2.33708858893272e+26
0.0044	0.0096	3.1513222330976e+26
0.0066	0.0096	-2.80042599851208e+27
0.0088	0.0096	8.08541387696031e+27
0.011	0.0096	5.79569697784838e+27
0.0132	0.0096	-6.38055809541518e+27
0.0154	0.0096	-1.18804784552741e+28
0.0176	0.0096	-8.35634734694629e+28
0.0198	0.0096	5.92682407135452e+28
0.022	0.0096	-3.47914552997651e+28
0.0242	0.0096	6.38302632662428e+28
0.0264	0.0096	-2.80987210893186e+28
0.0286	0.0096	-1.40176183983714e+29
0.0308	0.0096	4.11707597376126e+29
0.033	0.0096	-5.15574499597265e+29
0.0352	0.0096	6.96177425095423e+29
0.0374	0.0096	-1.28821898614215e+30
0.0396	0.0096	1.22236574002276e+30
0.0418	0.0096	-4.46010897420162e+29
0.044	0.0096	-1.29444831702296e+30
0.0462	0.0096	6.45731133212154e+30
0.0484	0.0096	-2.59688882658715e+31
0.0506	0.0096	9.59834886398798e+31
0.0528	0.0096	-3.17541731510904e+32
0.055	0.0096	8.70857701239469e+32
0.0572	0.0096	-1.45721831462757e+33
0.0594	0.0096	-3.25047602488118e+33
0.0616	0.0096	4.93179558099168e+34
0.0638	0.0096	-3.26517476662706e+35
0.066	0.0096	1.71000563992949e+36
0.0682	0.0096	-7.91817111225016e+36
0.0704	0.0096	3.39384945060586e+37
0.0726	0.0096	-1.37925246397321e+38
0.0748	0.0096	5.37378508939279e+38
0.077	0.0096	5.00954438245948e+38
0.0792	0.0096	4.24721949618446e+38
0.0814	0.0096	-6.05930143302254e+38
0.0836	0.0096	3.7959797040965e+36
0.0858	0.0096	-3.01903197178847e+38
0.088	0.0096	-3.41738674021161e+39
0.0902	0.0096	-8.00327335555393e+38
0.0924	0.0096	2.32269765937144e+39
0.0946	0.0096	2.06550457363074e+39
0.0968	0.0096	1.45918559114772e+39
0.099	0.0096	1.05395365438092e+39
0.1012	0.0096	7.20667427171254e+38
0.1034	0.0096	5.0642798340918e+38
0.1056	0.0096	3.7507806802014e+38
0.1078	0.0096	2.68054507135069e+38
0.11	0.0096	1.90280720852461e+38
0	0.0128	-7.98475990089597e+25
0.0022	0.0128	-2.25806477211131e+25
0.0044	0.0128	7.63997441868769e+26
0.0066	0.0128	-3.53320977704808e+27
0.0088	0.0128	8.59741623779787e+27
0.011	0.0128	8.37501501567876e+27
0.0132	0.0128	3.60908889289727e+28
0.0154	0.0128	1.02746000504589e+29
0.0176	0.0128	4.39079478365041e+29
0.0198	0.0128	-2.79374413565031e+29
0.022	0.0128	1.40697732106727e+29
0.0242	0.0128	-3.28188040233574e+29
0.0264	0.0128	1.92974893919378e+29
0.0286	0.0128	6.06074861488317e+29
0.0308	0.0128	-1.99112008517555e+30
0.033	0.0128	2.37506381360029e+30
0.0352	0.0128	-3.08344466192686e+30
0.0374	0.0128	6.31076294503849e+30
0.0396	0.0128	-6.05783309324832e+30
0.0418	0.0128	2.58424954341638e+30
0.044	0.0128	4.32787027892838e+30
0.0462	0.0128	-2.31962839050362e+31
0.0484	0.0128	9.72734545827364e+31
0.0506	0.0128	-3.78433273938642e+32
0.0528	0.0128	1.34211481025414e+33
0.055	0.0128	-4.14306988165115e+33
0.0572	0.0128	9.74259771270783e+33
0.0594	0.0128	-6.19295795274722e+33
0.0616	0.0128	-1.14073420250809e+35
0.0638	0.0128	9.76695307200634e+35
0.066	0.0128	-5.61788987976941e+36
0.0682	0.0128	2.73258676240583e+37
0.0704	0.0128	-1.20810543176431e+38
0.0726	0.0128	5.02951485138843e+38
0.0748	0.0128	-2.00021376343153e+39
0.077	0.0128	-1.88741081951307e+39
0.0792	0.0128	-1.60791436712613e+39
0.0814	0.0128	2.22972101671304e+39
0.0836	0.0128	-1.9937859787511e+37
0.0858	0.0128	1.10320605109957e+39
0.088	0.0128	1.27785843022135e+40
0.0902	0.0128	3.07489875005402e+39
0.0924	0.0128	-8.60677496142849e+39
0.0946	0.0128	-7.69894817864299e+39
0.0968	0.0128	-5.47615351227755e+39
0.099	0.0128	-3.99114995225923e+39
0.1012	0.0128	-2.76633601669476e+39
0.1034	0.0128	-1.97956836838049e+39
0.1056	0.0128	-1.49993182747033e+39
0.1078	0.0128	-1.10795604013998e+39
0.11	0.0128	-8.21347948834877e+38
0	0.016	1.29959978893779e+26
0.0022	0.016	-2.63407703946166e+26
0.0044	0.016	1.20563991053838e+27
0.0066	0.016	-4.28174537647461e+27
0.0088	0.016	9.21937724317006e+27
0.011	0.016	1.20133306775161e+28
0.0132	0.016	2.86562189485441e+28
0.0154	0.016	1.54706349833948e+29
0.0176	0.016	-2.35826251623972e+30
0.0198	0.016	1.31044881838466e+30
0.022	0.016	-5.23055714529312e+29
0.0242	0.016	1.6776328656986e+30
0.0264	0.016	-1.21063984800882e+30
0.0286	0.016	-2.55944594648634e+30
0.0308	0.016	9.7117300477835e+30
0.033	0.016	-1.09528687909227e+31
0.0352	0.016	1.33633243651645e+31
0.0374	0.016	-3.10122068696577e+31
0.0396	0.016	2.98738347297198e+31
0.0418	0.016	-1.38947249161238e+31
0.044	0.016	-1.41156354064506e+31
0.0462	0.016	8.13657203006189e+31
0.0484	0.016	-3.54910856170098e+32
0.0506	0.016	1.4473142251705e+33
0.0528	0.016	-5.44383172282957e+33
0.055	0.016	1.83205574899004e+34
0.0572	0.016	-5.13218733519383e+34
0.0594	0.016	9.0622453253368e+34
0.0616	0.016	1.56260005951683e+35
0.0638	0.016	-2.68188343161182e+36
0.066	0.016	1.78397566176912e+37
0.0682	0.016	-9.25402588532625e+37
0.0704	0.016	4.23871492522321e+38
0.0726	0.016	-1.80880931718914e+39
0.0748	0.016	7.35993959800923e+39
0.077	0.016	7.02646231144251e+39
0.0792	0.016	5.99959317881953e+39
0.0814	0.016	-8.28222723788664e+39
0.0836	0.016	1.8330299332296e+37
0.0858	0.016	-4.10128690868418e+39
0.088	0.016	-4.78737771555479e+40
0.0902	0.016	-1.18862881051753e+40
0.0924	0.016	3.18166265137832e+40
0.0946	0.016	2.86248313983384e+40
0.0968	0.016	2.04716351220093e+40
0.099	0.016	1.50317528996514e+40
0.1012	0.016	1.0531439841993e+40
0.1034	0.016	7.64572410865083e+39
0.1056	0.016	5.88871418808598e+39
0.1078	0.016	4.45326277197645e+39
0.11	0.016	3.40006901078528e+39
0	0.0192	6.53117983972366e+24
0.0022	0.0192	-5.42628729554687e+25
0.0044	0.0192	6.43905428131185e+26
0.0066	0.0192	-2.27520237191183e+27
0.0088	0.0192	1.79597488186757e+27
0.011	0.0192	3.81839001739585e+28
0.0132	0.0192	-4.36045341262226e+28
0.0154	0.0192	3.80638498382155e+29
0.0176	0.0192	-3.17717417386975e+30
0.0198	0.0192	-5.73511546562912e+30
0.022	0.0192	1.61392384523084e+30
0.0242	0.0192	-8.55236589629066e+30
0.0264	0.0192	7.20325546357162e+30
0.0286	0.0192	1.04097801969405e+31
0.0308	0.0192	-4.78076411922713e+31
0.033	0.0192	5.06409926634742e+31
0.0352	0.0192	-5.60917843671942e+31
0.0374	0.0192	1.53044205066723e+32
0.0396	0.0192	-1.46811265959542e+32
0.0418	0.0192	7.14589453358789e+31
0.044	0.0192	4.54002692171677e+31
0.0462	0.0192	-2.78515648018911e+32
0.0484	0.0192	1.26114484931228e+33
0.0506	0.0192	-5.37979119124932e+33
0.0528	0.0192	2.13302581980822e+34
0.055	0.0192	-7.69530618469446e+34
0.0572	0.0192	2.41806074168569e+35
0.0594	0.0192	-5.82008261411364e+35
0.0616	0.0192	4.42176111633383e+35
0.0638	0.0192	6.20454135904306e+36
0.066	0.0192	-5.39392078169745e+37
0.0682	0.0192	3.06591427747166e+38
0.0704	0.0192	-1.46743610323598e+39
0.0726	0.0192	6.44061473745927e+39
0.0748	0.0192	-2.70014405290291e+40
0.077	0.0192	-2.60810640448986e+40
0.0792	0.0192	-2.23082741202126e+40
0.0814	0.0192	3.08534039822737e+40
0.0836	0.0192	2.35458758753754e+38
0.0858	0.0192	1.53595943599462e+40
0.088	0.0192	1.79473725215375e+41
0.0902	0.0192	4.60323840151302e+40
0.0924	0.0192	-1.17456256155295e+41
0.0946	0.0192	-1.06255280817347e+41
0.0968	0.0192	-7.63499491367679e+40
0.099	0.0192	-5.64235152670382e+40
0.1012	0.0192	-3.98806768915981e+40
0.1034	0.0192	-2.92905080945159e+40
0.1056	0.0192	-2.28531015811101e+40
0.1078	0.0192	-1.75888164830527e+40
0.11	0.0192	-1.37180174341944e+40
0	0.0224	-5.3263272562302e+24
0.0022	0.0224	-1.09804861290537e+26
0.0044	0.0224	7.19461127855916e+26
0.0066	0.0224	-2.18038131298009e+27
0.0088	0.0224	1.20701361918951e+27
0.011	0.0224	4.04756336906767e+28
0.0132	0.0224	-3.16277203362372e+28
0.0154	0.0224	3.39482650127465e+29
0.0176	0.0224	-2.9071582319772e+30
0.0198	0.0224	-7.46283047621101e+30
0.022	0.0224	-2.14145258410481e+30
0.0242	0.0224	4.355051155694e+31
0.0264	0.0224	-4.12932318675455e+31
0.0286	0.0224	-3.97086297652824e+31
0.0308	0.0224	2.37677515535787e+32
0.033	0.0224	-2.35283570266886e+32
0.0352	0.0224	2.23850395721876e+32
0.0374	0.0224	-7.5935054306789e+32
0.0396	0.0224	7.19696668467996e+32
0.0418	0.0224	-3.5721134957254e+32
0.044	0.0224	-1.48364237561261e+32
0.0462	0.0224	9.29518175980982e+32
0.0484	0.0224	-4.35996836244118e+33
0.0506	0.0224	1.94463853497474e+34
0.0528	0.0224	-8.1007968026411e+34
0.055	0.0224	3.10312107103412e+35
0.0572	0.0224	-1.06325084039815e+36
0.0594	0.0224	3.0288012134637e+36
0.0616	0.0224	-5.4927695772011e+36
0.0638	0.0224	-8.2370170520874e+36
0.066	0.0224	1.503786434608e+38
0.0682	0.0224	-9.85901625794966e+38
0.0704	0.0224	4.99277115372656e+39
0.0726	0.0224	-2.25510112046601e+40
0.0748	0.0224	9.76027470223522e+40
0.077	0.0224	9.53917324056813e+40
0.0792	0.0224	8.15353014284101e+40
0.0814	0.0224	-1.16333083157782e+41
0.0836	0.0224	-3.40407743864356e+39
0.0858	0.0224	-5.89060663502902e+40
0.088	0.0224	-6.74193647571571e+41
0.0902	0.0224	-1.79444604572861e+41
0.0924	0.0224	4.32129688263531e+41
0.0946	0.0224	3.92968679121184e+41
0.0968	0.0224	2.83317301993179e+41
0.099	0.0224	2.10370410358512e+41
0.1012	0.0224	1.49604332086896e+41
0.1034	0.0224	1.10767346285455e+41
0.1056	0.0224	8.72267634223435e+40
0.1078	0.0224	6.79577244590519e+40
0.11	0.0224	5.37721110137685e+40
0	0.0256	6.10700679376416e+25
0.0022	0.0256	-1.0608176527901e+26
0.0044	0.0256	3.20245584911068e+26
0.0066	0.0256	-2.91892871376126e+26
0.0088	0.0256	-5.60273402800647e+27
0.011	0.0256	6.26310427180365e+28
0.0132	0.0256	-8.37749709313732e+28
0.0154	0.0256	4.90645508420235e+29
0.0176	0.0256	-3.44366035602728e+30
0.0198	0.0256	-6.88035938210173e+30
0.022	0.0256	-5.0239367707461e+30
0.0242	0.0256	5.38835258131049e+31
0.0264	0.0256	2.23840178295214e+32
0.0286	0.0256	1.33614098686301e+32
0.0308	0.0256	-1.19381957059933e+33
0.033	0.0256	1.10196846960015e+33
0.0352	0.0256	-8.16977660055426e+32
0.0374	0.0256	3.79252130812093e+33
0.0396	0.0256	-3.52115595319366e+33
0.0418	0.0256	1.75278993347647e+33
0.044	0.0256	5.23973154540577e+32
0.0462	0.0256	-3.02049766974356e+33
0.0484	0.0256	1.46337358266731e+34
0.0506	0.0256	-6.8314787079563e+34
0.0528	0.0256	2.98620381361958e+35
0.055	0.0256	-1.20780631805262e+36
0.0572	0.0256	4.44539676424406e+36
0.0594	0.0256	-1.42025866862466e+37
0.0616	0.0256	3.46072541715104e+37
0.0638	0.0256	-2.71964674767474e+37
0.066	0.0256	-3.57025539772227e+38
0.0682	0.0256	3.04167790360004e+39
0.0704	0.0256	-1.66655118311297e+40
0.0726	0.0256	7.73539956511758e+40
0.0748	0.0256	-3.44189329137148e+41
0.077	0.0256	-3.40557300970663e+41
0.0792	0.0256	-2.89693545970037e+41
0.0814	0.0256	4.46690085661335e+41
0.0836	0.0256	3.02003760094797e+40
0.0858	0.0256	2.33778100362934e+41
0.088	0.0256	2.54050704372891e+42
0.0902	0.0256	7.06306527230361e+41
0.0924	0.0256	-1.5813729568383e+42
0.0946	0.0256	-1.44508139811291e+42
0.0968	0.0256	-1.04319861947546e+42
0.099	0.0256	-7.76335740464088e+41
0.1012	0.0256	-5.53277984128712e+41
0.1034	0.0256	-4.11013866124794e+41
0.1056	0.0256	-3.25091016147055e+41
0.1078	0.0256	-2.54723572559013e+41
0.11	0.0256	-2.02882047809928e+41
0	0.0288	-1.12277433982048e+26
0.0022	0.0288	2.48743138931881e+26
0.0044	0.0288	-5.32793238183432e+26
0.0066	0.0288	1.73532104778601e+27
0.0088	0.0288	-1.06145299275323e+28
0.011	0.0288	7.40140601310096e+28
0.0132	0.0288	-8.64025683992644e+28
0.0154	0.0288	4.76122061604553e+29
0.0176	0.0288	-3.21196920123079e+30
0.0198	0.0288	-8.67045477591845e+30
0.022	0.0288	-1.55296192614485e+30
0.0242	0.0288	4.21442451606548e+31
0.0264	0.0288	2.78117670817608e+32
0.0286	0.0288	-3.48539843189212e+32
0.0308	0.0288	6.05943118521476e+33
0.033	0.0288	-5.223658040147e+33
0.0352	0.0288	2.45113702163738e+33
0.0374	0.0288	-1.90898933856289e+34
0.0396	0.0288	1.71948902236055e+34
0.0418	0.0288	-8.49960722281009e+33
0.044	0.0288	-2.16860803889195e+33
0.0462	0.0288	9.53635436500439e+33
0.0484	0.0288	-4.75174381448359e+34
0.0506	0.0288	2.32820372046725e+35
0.0528	0.0288	-1.0685848839708e+36
0.055	0.0288	4.54869658129654e+36
0.0572	0.0288	-1.78324376108477e+37
0.0594	0.0288	6.22920648605771e+37
0.0616	0.0288	-1.79541384794781e+38
0.0638	0.0288	3.23875379567202e+38
0.066	0.0288	5.15012170562367e+38
0.0682	0.0288	-8.80258063643021e+39
0.0704	0.0288	5.45917251681118e+40
0.0726	0.0288	-2.59888819917959e+41
0.0748	0.0288	1.16775287848065e+42
0.077	0.0288	1.1715002898216e+42
0.0792	0.0288	9.84808517026063e+41
0.0814	0.0288	-1.75555203168475e+42
0.0836	0.0288	-2.19742335472217e+41
0.0858	0.0288	-9.66217414512418e+41
0.088	0.0288	-9.61404478819974e+42
0.0902	0.0288	-2.81474386921018e+42
0.0924	0.0288	5.74216868853152e+42
0.0946	0.0288	5.27009682513043e+42
0.0968	0.0288	3.79762377489493e+42
0.099	0.0288	2.82185756942713e+42
0.1012	0.0288	2.0034932459611e+42
0.1034	0.0288	1.48279926380766e+42
0.1056	0.0288	1.1696445647849e+42
0.1078	0.0288	9.13109395368845e+41
0.11	0.0288	7.2408109560104e+41
0	0.032	8.11127880167208e+25
0.0022	0.032	-8.27509751593913e+25
0.0044	0.032	-4.00262101677566e+24
0.0066	0.032	8.16893907924231e+26
0.0088	0.032	-7.14768628094009e+27
0.011	0.032	6.20989740841462e+28
0.0132	0.032	-2.50218800049079e+28
0.0154	0.032	2.64589636433259e+29
0.0176	0.032	-2.56494584107278e+30
0.0198	0.032	-1.19681209493193e+31
0.022	0.032	7.86163939506324e+30
0.0242	0.032	1.20956769723944e+31
0.0264	0.032	3.94483399929316e+32
0.0286	0.032	-7.60492451194446e+32
0.0308	0.032	7.67967627194234e+33
0.033	0.032	2.42958715567094e+34
0.0352	0.032	-3.2971416680362e+33
0.0374	0.032	9.6961560722884e+34
0.0396	0.032	-8.37785000487737e+34
0.0418	0.032	4.094058471603e+34
0.044	0.032	1.087713040974e+34
0.0462	0.032	-2.9133193148377e+34
0.0484	0.032	1.48436605697987e+35
0.0506	0.032	-7.6729926859369e+35
0.0528	0.032	3.70833722437549e+36
0.055	0.032	-1.65846035315419e+37
0.0572	0.032	6.89201992202032e+37
0.0594	0.032	-2.59745560844245e+38
0.0616	0.032	8.43020119024329e+38
0.0638	0.032	-2.04873872858059e+39
0.066	0.032	1.35716416100896e+39
0.0682	0.032	2.25889912811048e+40
0.0704	0.032	-1.75829077184793e+41
0.0726	0.032	8.6090086438829e+41
0.0748	0.032	-3.69273142949274e+42
0.077	0.032	-3.77116975954374e+42
0.0792	0.032	-3.08563335064698e+42
0.0814	0.032	7.11198977747128e+42
0.0836	0.032	1.44983190819595e+42
0.0858	0.032	4.18636539854062e+42
0.088	0.032	3.66063758470256e+43
0.0902	0.032	1.14045011526066e+43
0.0924	0.032	-2.06000566220901e+43
0.0946	0.032	-1.89736815021313e+43
0.0968	0.032	-1.35801505612009e+43
0.099	0.032	-1.00140129844785e+43
0.1012	0.032	-7.01298167984998e+42
0.1034	0.032	-5.108688997499e+42
0.1056	0.032	-3.96891888780571e+42
0.1078	0.032	-3.0351970491131e+42
0.11	0.032	-2.34741245697794e+42
0	0.0352	-2.01258784864355e+26
0.0022	0.0352	5.46434018192413e+26
0.0044	0.0352	-1.57006909209475e+27
0.0066	0.0352	4.68719184220433e+27
0.0088	0.0352	-1.72987454301218e+28
0.011	0.0352	8.79510109914978e+28
0.0132	0.0352	-7.13034812272617e+28
0.0154	0.0352	4.04774074517274e+29
0.0176	0.0352	-2.90147499927954e+30
0.0198	0.0352	-1.17523846485026e+31
0.022	0.0352	3.56458971210581e+30
0.0242	0.0352	2.90411384557195e+31
0.0264	0.0352	3.43527921393733e+32
0.0286	0.0352	-4.46038461871483e+32
0.0308	0.0352	6.35685378740001e+33
0.033	0.0352	3.17962767835879e+34
0.0352	0.0352	-3.61528898051784e+34
0.0374	0.0352	-4.974889016253e+35
0.0396	0.0352	4.06925487224281e+35
0.0418	0.0352	-1.96729338895529e+35
0.044	0.0352	-6.27610361651436e+34
0.0462	0.0352	8.52586904997268e+34
0.0484	0.0352	-4.42031735581049e+35
0.0506	0.0352	2.4322329262229e+36
0.0528	0.0352	-1.24570890453286e+37
0.055	0.0352	5.84893875805409e+37
0.0572	0.0352	-2.56960644989091e+38
0.0594	0.0352	1.03727088395378e+39
0.0616	0.0352	-3.70463124694142e+39
0.0638	0.0352	1.0740923703564e+40
0.066	0.0352	-1.825264380537e+40
0.0682	0.0352	-4.18750162281441e+40
0.0704	0.0352	5.5806223464992e+41
0.0726	0.0352	-2.89094982230228e+42
0.0748	0.0352	1.0034415225113e+43
0.077	0.0352	1.05652987992574e+43
0.0792	0.0352	8.04500310316896e+42
0.0814	0.0352	-2.99038154226399e+43
0.0836	0.0352	-9.03487085133487e+42
0.0858	0.0352	-1.90661386068795e+43
0.088	0.0352	-1.40606548197541e+44
0.0902	0.0352	-4.72071243620774e+43
0.0924	0.0352	7.24872756335908e+43
0.0946	0.0352	6.69173894388171e+43
0.0968	0.0352	4.71656372504471e+43
0.099	0.0352	3.41373978151015e+43
0.1012	0.0352	2.3136245158489e+43
0.1034	0.0352	1.6176089491066e+43
0.1056	0.0352	1.20324522054586e+43
0.1078	0.0352	8.63855341217311e+42
0.11	0.0352	6.14050395026678e+42
0	0.0384	-2.56318705795334e+26
0.0022	0.0384	1.67048690204737e+26
0.0044	0.0384	-4.81311365485582e+26
0.0066	0.0384	1.67292623615142e+27
0.0088	0.0384	-5.96827010904582e+27
0.011	0.0384	4.89150097792096e+28
0.0132	0.0384	8.34158618116059e+28
0.0154	0.0384	-1.05087420116397e+29
0.0176	0.0384	-1.28636424042893e+30
0.0198	0.0384	-1.82356641702276e+31
0.022	0.0384	2.29794762245803e+31
0.0242	0.0384	-3.40566514594847e+31
0.0264	0.0384	5.72805830394899e+32
0.0286	0.0384	-1.26631942957476e+33
0.0308	0.0384	9.51375464042776e+33
0.033	0.0384	2.28988967817261e+34
0.0352	0.0384	1.35426270158051e+33
0.0374	0.0384	-6.93796845730564e+35
0.0396	0.0384	-1.89188682724797e+36
0.0418	0.0384	9.45146317156763e+35
0.044	0.0384	3.85651789653113e+35
0.0462	0.0384	-2.32016178136213e+35
0.0484	0.0384	1.23523035736554e+36
0.0506	0.0384	-7.34599517919249e+36
0.0528	0.0384	4.03952558591173e+37
0.055	0.0384	-1.99122444254374e+38
0.0572	0.0384	9.23519195569757e+38
0.0594	0.0384	-3.97704125088914e+39
0.0616	0.0384	1.54482571005628e+40
0.0638	0.0384	-5.10192522191738e+40
0.066	0.0384	1.20971761177403e+41
0.0682	0.0384	-2.73386378241977e+40
0.0704	0.0384	-1.73039962860772e+42
0.0726	0.0384	1.05665678266402e+43
0.0748	0.0384	-1.64306053686587e+43
0.077	0.0384	-1.9281964909914e+43
0.0792	0.0384	-9.9954439024862e+42
0.0814	0.0384	1.31236874264948e+44
0.0836	0.0384	5.43523133900341e+43
0.0858	0.0384	9.1130000761781e+43
0.088	0.0384	5.46786495095141e+44
0.0902	0.0384	2.00698235379668e+44
0.0924	0.0384	-2.46907270464968e+44
0.0946	0.0384	-2.27956642489442e+44
0.0968	0.0384	-1.55631475950572e+44
0.099	0.0384	-1.08046186524799e+44
0.1012	0.0384	-6.77259296536135e+43
0.1034	0.0384	-4.22957841368101e+43
0.1056	0.0384	-2.72428986401885e+43
0.1078	0.0384	-1.49178507233908e+43
0.11	0.0384	-5.85583532722388e+42
0	0.0416	2.80152021254876e+26
0.0022	0.0416	-1.46120275824115e+26
0.0044	0.0416	-7.65744438694773e+26
0.0066	0.0416	3.13733983361829e+27
0.0088	0.0416	-1.09471970072565e+28
0.011	0.0416	6.29953360269529e+28
0.0132	0.0416	6.30869745999851e+28
0.0154	0.0416	1.86993662386325e+27
0.0176	0.0416	-1.67033088442977e+30
0.0198	0.0416	-1.74882545949371e+31
0.022	0.0416	1.51546517035165e+31
0.0242	0.0416	-9.91800263826586e+29
0.0264	0.0416	4.54954107079949e+32
0.0286	0.0416	-6.56163567603354e+32
0.0308	0.0416	6.9191653082375e+33
0.033	0.0416	3.60287378734629e+34
0.0352	0.0416	-3.6226482149469e+34
0.0374	0.0416	-5.4845455726002e+35
0.0396	0.0416	-2.81331694279613e+36
0.0418	0.0416	-4.32894736970058e+36
0.044	0.0416	-2.40714529952736e+36
0.0462	0.0416	5.26357940373584e+35
0.0484	0.0416	-3.1438604129013e+36
0.0506	0.0416	2.07563360614963e+37
0.0528	0.0416	-1.25993597533278e+38
0.055	0.0416	6.52354818372207e+38
0.0572	0.0416	-3.19206889839005e+39
0.0594	0.0416	1.46326142601601e+40
0.0616	0.0416	-6.1426660770583e+40
0.0638	0.0416	2.26246979438025e+41
0.066	0.0416	-6.58928617802312e+41
0.0682	0.0416	9.33537428358776e+41
0.0704	0.0416	5.1278176836485e+42
0.0726	0.0416	-5.59827373452263e+43
0.0748	0.0416	3.21891533569244e+44
0.077	0.0416	3.28572924290375e+44
0.0792	0.0416	2.7442130350039e+44
0.0814	0.0416	-5.8113868199428e+44
0.0836	0.0416	-1.09291725250244e+44
0.0858	0.0416	-3.53457681723015e+44
0.088	0.0416	-3.22536095826727e+45
0.0902	0.0416	-1.00386946589983e+45
0.0924	0.0416	1.90022068499811e+45
0.0946	0.0416	1.7656998238313e+45
0.0968	0.0416	1.27258874443668e+45
0.099	0.0416	9.40722531578667e+44
0.1012	0.0416	6.55398020863276e+44
0.1034	0.0416	4.71053342314831e+44
0.1056	0.0416	3.59076949875852e+44
0.1078	0.0416	2.65207330070272e+44
0.11	0.0416	1.94911329893455e+44
0	0.0448	-2.33436393656518e+26
0.0022	0.0448	5.73762752086994e+26
0.0044	0.0448	-2.1952234080247e+27
0.0066	0.0448	6.46704981653621e+27
0.0088	0.0448	-1.6512772166626e+28
0.011	0.0448	7.22325712340164e+28
0.0132	0.0448	7.36375033672051e+28
0.0154	0.0448	-4.0256327693905e+28
0.0176	0.0448	-1.58940715795059e+30
0.0198	0.0448	-1.8903381958054e+31
0.022	0.0448	1.70785852203349e+31
0.0242	0.0448	-5.10144389512381e+30
0.0264	0.0448	4.84025504359414e+32
0.0286	0.0448	-7.36000678321292e+32
0.0308	0.0448	7.36179571725003e+33
0.033	0.0448	3.71537778028631e+34
0.0352	0.0448	-3.31129923477221e+34
0.0374	0.0448	-6.21645815856611e+35
0.0396	0.0448	-2.91265689613826e+36
0.0418	0.0448	-5.40527970577128e+36
0.044	0.0448	-3.88472202075508e+36
0.0462	0.0448	2.2474259217826e+34
0.0484	0.0448	6.81402740486228e+36
0.0506	0.0448	-5.2588778383178e+37
0.0528	0.0448	3.76281962109958e+38
0.055	0.0448	-2.04806358778539e+39
0.0572	0.0448	1.05714137104818e+40
0.0594	0.0448	-5.15213431788465e+40
0.0616	0.0448	2.32864138943367e+41
0.0638	0.0448	-9.46098960774982e+41
0.066	0.0448	3.23886706189028e+42
0.0682	0.0448	-7.66882654448313e+42
0.0704	0.0448	-2.36062626508168e+42
0.0726	0.0448	1.64709146525522e+44
0.0748	0.0448	-1.18309085782553e+45
0.077	0.0448	-1.243587237576e+45
0.0792	0.0448	-1.03232875015931e+45
0.0814	0.0448	2.39297000684735e+45
0.0836	0.0448	5.42544779069959e+44
0.0858	0.0448	1.50096568332e+45
0.088	0.0448	1.31782598420751e+46
0.0902	0.0448	4.36204674794635e+45
0.0924	0.0448	-7.40033951333362e+45
0.0946	0.0448	-6.96978962552005e+45
0.0968	0.0448	-5.06487860492452e+45
0.099	0.0448	-3.78736566601242e+45
0.1012	0.0448	-2.6774405089805e+45
0.1034	0.0448	-1.96213294961976e+45
0.1056	0.0448	-1.52986002453783e+45
0.1078	0.0448	-1.16548650290178e+45
0.11	0.0448	-8.90500536259514e+44
0	0.048	1.03085643832923e+25
0.0022	0.048	3.38455567207698e+26
0.0044	0.048	-2.15549870012614e+27
0.0066	0.048	5.90702421673714e+27
0.0088	0.048	-1.36063818059334e+28
0.011	0.048	5.88901046449261e+28
0.0132	0.048	1.45893208605298e+29
0.0154	0.048	-2.23272657405717e+29
0.0176	0.048	-1.0550232996703e+30
0.0198	0.048	-2.12131004188825e+31
0.022	0.048	1.89382632204736e+31
0.0242	0.048	-4.54667544842496e+30
0.0264	0.048	4.79701088393135e+32
0.0286	0.048	-5.48672822160335e+32
0.0308	0.048	6.40098445685677e+33
0.033	0.048	4.40428793938386e+34
0.0352	0.048	-4.42245473461397e+34
0.0374	0.048	-5.86997995137214e+35
0.0396	0.048	-3.4334259771605e+36
0.0418	0.048	-5.62019218378972e+36
0.044	0.048	-4.7990997514299e+36
0.0462	0.048	8.80851047785788e+35
0.0484	0.048	-1.07408707441017e+37
0.0506	0.048	1.04470320052231e+38
0.0528	0.048	-1.07040728841013e+39
0.055	0.048	6.12832870062224e+39
0.0572	0.048	-3.33759956447939e+40
0.0594	0.048	1.72817401285751e+41
0.0616	0.048	-8.3840682847067e+41
0.0638	0.048	3.72127568151209e+42
0.066	0.048	-1.44602161417908e+43
0.0682	0.048	4.42800050182602e+43
0.0704	0.048	-6.6254584525195e+43
0.0726	0.048	-3.56516228878057e+44
0.0748	0.048	3.92196529238087e+45
0.077	0.048	4.32580240543105e+45
0.0792	0.048	3.5190713441429e+45
0.0814	0.048	-9.93771316493516e+45
0.0836	0.048	-2.85759333013916e+45
0.0858	0.048	-6.51826094748886e+45
0.088	0.048	-5.31547849543733e+46
0.0902	0.048	-1.90021014341262e+46
0.0924	0.048	2.76802275324976e+46
0.0946	0.048	2.65121030970104e+46
0.0968	0.048	1.94015899153518e+46
0.099	0.048	1.46635449054219e+46
0.1012	0.048	1.0494735764089e+46
0.1034	0.048	7.82295731033589e+45
0.1056	0.048	6.22419884227948e+45
0.1078	0.048	4.86975084456421e+45
0.11	0.048	3.8397701690608e+45
0	0.0512	-1.16010352888631e+26
0.0022	0.0512	6.7711451300993e+26
0.0044	0.0512	-2.82747723556869e+27
0.0066	0.0512	7.25257161708893e+27
0.0088	0.0512	-1.35350424463039e+28
0.011	0.0512	5.20355240710831e+28
0.0132	0.0512	2.03072195947675e+29
0.0154	0.0512	-3.79083019590857e+29
0.0176	0.0512	-6.84465939492875e+29
0.0198	0.0512	-2.34187847642774e+31
0.022	0.0512	2.24581129573082e+31
0.0242	0.0512	-1.29153812418957e+31
0.0264	0.0512	5.22723215876157e+32
0.0286	0.0512	-6.71317677586875e+32
0.0308	0.0512	7.02868941788613e+33
0.033	0.0512	4.44115839839767e+34
0.0352	0.0512	-3.50974292172347e+34
0.0374	0.0512	-6.87975903018901e+35
0.0396	0.0512	-3.45406329299763e+36
0.0418	0.0512	-7.50567281528051e+36
0.044	0.0512	-3.7328444647001e+36
0.0462	0.0512	-8.84198399796548e+36
0.0484	0.0512	3.33551109115462e+37
0.0506	0.0512	-3.18921001912189e+38
0.0528	0.0512	2.89208596869143e+39
0.055	0.0512	-1.73562578886914e+40
0.0572	0.0512	9.98131596630416e+40
0.0594	0.0512	-5.49224961868604e+41
0.0616	0.0512	2.85647778390942e+42
0.0638	0.0512	-1.37780028037818e+43
0.066	0.0512	5.96704062717744e+43
0.0682	0.0512	-2.17164435499867e+44
0.0704	0.0512	5.45558382296919e+44
0.0726	0.0512	1.22882956359506e+44
0.0748	0.0512	-1.17322723477549e+46
0.077	0.0512	-1.40411238488625e+46
0.0792	0.0512	-1.09486099722285e+46
0.0814	0.0512	4.21697638548241e+46
0.0836	0.0512	1.50806261455377e+46
0.0858	0.0512	2.90916781858808e+46
0.088	0.0512	2.16492771651863e+47
0.0902	0.0512	8.39582033021187e+46
0.0924	0.0512	-1.02219589308972e+47
0.0946	0.0512	-9.98927597079228e+46
0.0968	0.0512	-7.34875916791882e+46
0.099	0.0512	-5.60513016007861e+46
0.1012	0.0512	-4.04780907263253e+46
0.1034	0.0512	-3.05829835665575e+46
0.1056	0.0512	-2.47524966300942e+46
0.1078	0.0512	-1.97907163059941e+46
0.11	0.0512	-1.59919841416296e+46
0	0.0544	-2.9679683801029e+26
0.0022	0.0544	9.89837162671815e+26
0.0044	0.0544	-3.70798552359231e+27
0.0066	0.0544	8.2983668373012e+27
0.0088	0.0544	-1.42049013502857e+28
0.011	0.0544	4.91314284060952e+28
0.0132	0.0544	2.41423744792323e+29
0.0154	0.0544	-4.23180454800094e+29
0.0176	0.0544	-6.83872263308653e+29
0.0198	0.0544	-2.38516304971172e+31
0.022	0.0544	1.71236777995309e+31
0.0242	0.0544	1.29293273116257e+31
0.0264	0.0544	4.30919016028123e+32
0.0286	0.0544	-1.51512864341412e+32
0.0308	0.0544	4.82898004688171e+33
0.033	0.0544	5.61045408493315e+34
0.0352	0.0544	-6.25340758440784e+34
0.0374	0.0544	-5.94075917723302e+35
0.0396	0.0544	-4.2686843067068e+36
0.0418	0.0544	-6.89580659613332e+36
0.044	0.0544	-9.99675497254281e+36
0.0462	0.0544	1.44453646808185e+37
0.0484	0.0544	-8.76849630812818e+37
0.0506	0.0544	8.17944001190391e+38
0.0528	0.0544	-7.30826361819835e+39
0.055	0.0544	4.60828428300284e+40
0.0572	0.0544	-2.80243567115664e+41
0.0594	0.0544	1.64068786251819e+42
0.0616	0.0544	-9.15180713374457e+42
0.0638	0.0544	4.78878988573665e+43
0.066	0.0544	-2.29238722354955e+44
0.0682	0.0544	9.58452022971973e+44
0.0704	0.0544	-3.13618506985117e+45
0.0726	0.0544	4.90852136569871e+45
0.0748	0.0544	2.78582095424934e+46
0.077	0.0544	4.00819799028193e+46
0.0792	0.0544	2.81123832219478e+46
0.0814	0.0544	-1.83335654950867e+47
0.0836	0.0544	-7.94690853708961e+46
0.0858	0.0544	-1.33462894559421e+47
0.088	0.0544	-8.93938023087805e+47
0.0902	0.0544	-3.77244560112168e+47
0.0924	0.0544	3.71463658784728e+47
0.0946	0.0544	3.72197330462125e+47
0.0968	0.0544	2.7450617427002e+47
0.099	0.0544	2.10811722339309e+47
0.1012	0.0544	1.52873296014582e+47
0.1034	0.0544	1.16534235819519e+47
0.1056	0.0544	9.56252205251518e+46
0.1078	0.0544	7.77676739800551e+46
0.11	0.0544	6.40211370279313e+46
0	0.0576	1.45815004742427e+26
0.0022	0.0576	5.50875313718243e+26
0.0044	0.0576	-2.46820289013593e+27
0.0066	0.0576	4.42970608562153e+27
0.0088	0.0576	5.08887704975576e+26
0.011	0.0576	6.16875744746004e+25
0.0132	0.0576	4.24185839768323e+29
0.0154	0.0576	-9.3927053420167e+29
0.0176	0.0576	7.81883041650939e+29
0.0198	0.0576	-2.95649931742844e+31
0.022	0.0576	3.15310229835109e+31
0.0242	0.0576	-3.21199544675441e+31
0.0264	0.0576	6.03223676289375e+32
0.0286	0.0576	-7.59309354136208e+32
0.0308	0.0576	7.36695662479514e+33
0.033	0.0576	4.89289727961534e+34
0.0352	0.0576	-2.02155966327434e+34
0.0374	0.0576	-8.31657367302683e+35
0.0396	0.0576	-3.77562917784787e+36
0.0418	0.0576	-1.1460780525017e+37
0.044	0.0576	1.18088782046677e+36
0.0462	0.0576	-4.34377927759943e+37
0.0484	0.0576	2.05943069488391e+38
0.0506	0.0576	-1.91883645605894e+39
0.0528	0.0576	1.70521680979241e+40
0.055	0.0576	-1.13202096484743e+41
0.0572	0.0576	7.29403737377052e+41
0.0594	0.0576	-4.55271085214856e+42
0.0616	0.0576	2.72862969681789e+43
0.0638	0.0576	-1.55023028288892e+44
0.066	0.0576	8.18313916692232e+44
0.0682	0.0576	-3.87683622801446e+45
0.0704	0.0576	1.53464100344864e+46
0.0726	0.0576	-4.09420822191505e+46
0.0748	0.0576	-1.95488861545728e+46
0.077	0.0576	-8.1514541681982e+46
0.0792	0.0576	-3.44179736246513e+46
0.0814	0.0576	8.1722285180103e+47
0.0836	0.0576	4.17855075914187e+47
0.0858	0.0576	6.28359795778376e+47
0.088	0.0576	3.75498827588142e+48
0.0902	0.0576	1.72793509400358e+48
0.0924	0.0576	-1.31636906679928e+48
0.0946	0.0576	-1.36373154712317e+48
0.0968	0.0576	-1.00405399558915e+48
0.099	0.0576	-7.73770169475559e+47
0.1012	0.0576	-5.59354008594002e+47
0.1034	0.0576	-4.27472381735776e+47
0.1056	0.0576	-3.54367132554738e+47
0.1078	0.0576	-2.91804713668783e+47
0.11	0.0576	-2.4347173158595e+47
0	0.0608	-9.31636732511035e+26
0.0022	0.0608	2.15254106044947e+27
0.0044	0.0608	-6.05082992796726e+27
0.0066	0.0608	1.23550878304463e+28
0.0088	0.0608	-2.04861381371819e+28
0.011	0.0608	6.25281410049579e+28
0.0132	0.0608	2.4711937264853e+29
0.0154	0.0608	-2.37496979956731e+29
0.0176	0.0608	-1.78322448120515e+30
0.0198	0.0608	-2.12815118194194e+31
0.022	0.0608	-4.22107475602909e+30
0.0242	0.0608	9.8156538069879e+31
0.0264	0.0608	1.49660358432616e+32
0.0286	0.0608	1.11991255740434e+33
0.0308	0.0608	3.39765466158711e+31
0.033	0.0608	8.03578333001653e+34
0.0352	0.0608	-1.217432239693e+35
0.0374	0.0608	-4.49834459747743e+35
0.0396	0.0608	-5.81358634408455e+36
0.0418	0.0608	-6.24690517157551e+36
0.044	0.0608	-2.72399345385244e+37
0.0462	0.0608	7.8989754961122e+37
0.0484	0.0608	-4.41958345380733e+38
0.0506	0.0608	4.08307009849019e+39
0.0528	0.0608	-3.60348343015585e+40
0.055	0.0608	2.52393625434812e+41
0.0572	0.0608	-1.72731178610492e+42
0.0594	0.0608	1.15267348892409e+43
0.0616	0.0608	-7.44579979798805e+43
0.0638	0.0608	4.60666521439315e+44
0.066	0.0608	-2.68612473728223e+45
0.0682	0.0608	1.43719995146408e+46
0.0704	0.0608	-6.70668669193633e+46
0.0726	0.0608	2.41038627984283e+47
0.0748	0.0608	-3.60081385626258e+47
0.077	0.0608	-5.43334333321448e+46
0.0792	0.0608	-2.4476306055838e+47
0.0814	0.0608	-3.73357932410125e+48
0.0836	0.0608	-2.19203901870235e+48
0.0858	0.0608	-3.0295114698356e+48
0.088	0.0608	-1.61173648509165e+49
0.0902	0.0608	-8.09403922261916e+48
0.0924	0.0608	4.47307092309787e+48
0.0946	0.0608	4.86825470656999e+48
0.0968	0.0608	3.5530369760919e+48
0.099	0.0608	2.73333924348506e+48
0.1012	0.0608	1.94557087404418e+48
0.1034	0.0608	1.47537471887336e+48
0.1056	0.0608	1.23025120819206e+48
0.1078	0.0608	1.02068224519286e+48
0.11	0.0608	8.58661383831665e+47
0	0.064	3.94809556475918e+26
0.0022	0.064	-4.86529604177781e+24
0.0044	0.064	-2.19722074329241e+26
0.0066	0.064	-4.40909302543492e+27
0.0088	0.064	3.18351901009332e+28
0.011	0.064	-1.0075693175852e+29
0.0132	0.064	7.89776459510874e+29
0.0154	0.064	-1.89497121124022e+30
0.0176	0.064	3.44186732685132e+30
0.0198	0.064	-3.97226764958756e+31
0.022	0.064	5.32151745090508e+31
0.0242	0.064	-9.65860822195707e+31
0.0264	0.064	8.54651035510635e+32
0.0286	0.064	-1.52439576098827e+33
0.0308	0.064	1.053690715967e+34
0.033	0.064	4.17704700598303e+34
0.0352	0.064	4.91369022846502e+34
0.0374	0.064	-1.20886209587041e+36
0.0396	0.064	-3.23349261120371e+36
0.0418	0.064	-2.01959777229143e+37
0.044	0.064	2.28161703581035e+37
0.0462	0.064	-1.63111576740462e+38
0.0484	0.064	8.34852018444589e+38
0.0506	0.064	-7.67583534488925e+39
0.0528	0.064	6.69544017146995e+40
0.055	0.064	-4.95936462733298e+41
0.0572	0.064	3.61530435906176e+42
0.0594	0.064	-2.5885569834472e+43
0.0616	0.064	1.80993432331508e+44
0.0638	0.064	-1.22554319158781e+45
0.066	0.064	7.93512617728216e+45
0.0682	0.064	-4.8128528712938e+46
0.0704	0.064	2.63450802433595e+47
0.0726	0.064	-1.19975958113266e+48
0.0748	0.064	3.47077267548505e+48
0.077	0.064	1.99168952401611e+48
0.0792	0.064	2.79657028148969e+48
0.0814	0.064	1.74692519286731e+49
0.0836	0.064	1.14786648563523e+49
0.0858	0.064	1.49372154187408e+49
0.088	0.064	7.11725799568867e+49
0.0902	0.064	3.89724503963715e+49
0.0924	0.064	-1.40683253163934e+49
0.0946	0.064	-1.66641465163702e+49
0.0968	0.064	-1.19034596148126e+49
0.099	0.064	-9.05890234245867e+48
0.1012	0.064	-6.19370633827134e+48
0.1034	0.064	-4.5644640546991e+48
0.1056	0.064	-3.80444958807865e+48
0.1078	0.064	-3.15976806359764e+48
0.11	0.064	-2.66337876027964e+48
0	0.0672	-6.03273073681938e+26
0.0022	0.0672	2.47402808535405e+27
0.0044	0.0672	-7.02258202107693e+27
0.0066	0.0672	1.44571454203393e+28
0.0088	0.0672	-2.65710259525747e+28
0.011	0.0672	9.09782078340619e+28
0.0132	0.0672	1.68789584220854e+29
0.0154	0.0672	3.60099388736998e+29
0.0176	0.0672	-4.51571325776948e+30
0.0198	0.0672	-1.2827616345871e+31
0.022	0.0672	-4.77507965496142e+31
0.0242	0.0672	2.60675888792889e+32
0.0264	0.0672	-3.98709473734445e+32
0.0286	0.0672	3.40377009468304e+33
0.0308	0.0672	-8.5464948144686e+33
0.033	0.0672	1.19210112030211e+35
0.0352	0.0672	-2.32224944305655e+35
0.0374	0.0672	-1.03516292949579e+35
0.0396	0.0672	-8.33786779398404e+36
0.0418	0.0672	-2.45539644803412e+36
0.044	0.0672	-6.44016440100764e+37
0.0462	0.0672	2.3593138747247e+38
0.0484	0.0672	-1.34534485159697e+39
0.0506	0.0672	1.21941143217345e+40
0.0528	0.0672	-1.04065144966809e+41
0.055	0.0672	8.17183169083392e+41
0.0572	0.0672	-6.36609620824208e+42
0.0594	0.0672	4.91147649612735e+43
0.0616	0.0672	-3.73803123661843e+44
0.0638	0.0672	2.79014263139517e+45
0.066	0.0672	-2.02407675012657e+46
0.0682	0.0672	1.40606058027029e+47
0.0704	0.0672	-9.10895951008241e+47
0.0726	0.0672	5.21070983552708e+48
0.0748	0.0672	-2.26361479375683e+49
0.077	0.0672	-1.56483894570012e+49
0.0792	0.0672	-1.92977937258724e+49
0.0814	0.0672	-8.38402808803429e+49
0.0836	0.0672	-6.01578242854301e+49
0.0858	0.0672	-7.55434487810119e+49
0.088	0.0672	-3.27370786113521e+50
0.0902	0.0672	-1.9480947097896e+50
0.0924	0.0672	3.72446232461996e+49
0.0946	0.0672	5.31311698681099e+49
0.0968	0.0672	3.61723978959808e+49
0.099	0.0672	2.67454466609054e+49
0.1012	0.0672	1.64643353380823e+49
0.1034	0.0672	1.10942881193055e+49
0.1056	0.0672	9.13216285013827e+48
0.1078	0.0672	7.51722750567226e+48
0.11	0.0672	6.28925528066119e+48
0	0.0704	-2.16915367022871e+27
0.0022	0.0704	2.29945289162343e+27
0.0044	0.0704	-2.72565309151138e+27
0.0066	0.0704	-2.08757474286113e+27
0.0088	0.0704	3.17323660670078e+28
0.011	0.0704	-1.05966381700193e+29
0.0132	0.0704	8.61242570130009e+29
0.0154	0.0704	-1.88483526937326e+30
0.0176	0.0704	3.02803863004019e+30
0.0198	0.0704	-4.03582646289344e+31
0.022	0.0704	4.3958530837386e+31
0.0242	0.0704	-6.50984164302508e+31
0.0264	0.0704	8.09737489243316e+32
0.0286	0.0704	-1.29455631810445e+33
0.0308	0.0704	1.05056525472659e+34
0.033	0.0704	4.48200835736293e+34
0.0352	0.0704	9.36239703688372e+34
0.0374	0.0704	-1.52703503423164e+36
0.0396	0.0704	-2.92784459348166e+36
0.0418	0.0704	-2.97791798725941e+37
0.044	0.0704	4.5187689938507e+37
0.0462	0.0704	-3.11058358554721e+38
0.0484	0.0704	1.70391863790075e+39
0.0506	0.0704	-1.50388590367121e+40
0.0528	0.0704	1.22358493822054e+41
0.055	0.0704	-1.0221041832746e+42
0.0572	0.0704	8.54318047275179e+42
0.0594	0.0704	-7.13798728560786e+43
0.0616	0.0704	5.95483515341897e+44
0.0638	0.0704	-4.94880483760233e+45
0.066	0.0704	4.07928039643084e+46
0.0682	0.0704	-3.30850774144309e+47
0.0704	0.0704	2.599976037233e+48
0.0726	0.0704	-1.91654587410267e+49
0.0748	0.0704	1.21820761028807e+50
0.077	0.0704	9.07857142837035e+49
0.0792	0.0704	1.09173585588871e+50
0.0814	0.0704	4.19661990422706e+50
0.0836	0.0704	3.19332376340919e+50
0.0858	0.0704	4.00173593140856e+50
0.088	0.0704	1.61519371504683e+51
0.0902	0.0704	1.03430259426465e+51
0.0924	0.0704	-5.34848768927299e+49
0.0946	0.0704	-1.51665445617334e+50
0.0968	0.0704	-9.25609857939318e+49
0.099	0.0704	-6.39908239614249e+49
0.1012	0.0704	-2.7306294740135e+49
0.1034	0.0704	-1.1049957642513e+49
0.1056	0.0704	-8.62762245259454e+48
0.1078	0.0704	-7.04902986464449e+48
0.11	0.0704	-5.84818791292343e+48
0	0.0736	3.35990511040543e+27
0.0022	0.0736	-3.4297465918861e+27
0.0044	0.0736	5.40512088355864e+27
0.0066	0.0736	-1.62108627876159e+28
0.0088	0.0736	5.4935990392721e+28
0.011	0.0736	-1.30049972051843e+29
0.0132	0.0736	8.42863251247145e+29
0.0154	0.0736	-1.34648376074823e+30
0.0176	0.0736	1.38299889917532e+29
0.0198	0.0736	-2.88778499551124e+31
0.022	0.0736	-1.01810518365623e+31
0.0242	0.0736	1.46205923546389e+32
0.0264	0.0736	2.09368341570356e+31
0.0286	0.0736	2.05858396317608e+33
0.0308	0.0736	-3.2515206873071e+33
0.033	0.0736	1.04982023179722e+35
0.0352	0.0736	-1.32187339500994e+35
0.0374	0.0736	-5.73064626366327e+35
0.0396	0.0736	-7.85219310309217e+36
0.0418	0.0736	-1.16676410902695e+37
0.044	0.0736	-5.665043576796e+37
0.0462	0.0736	2.01632550194508e+38
0.0484	0.0736	-1.42133273459636e+39
0.0506	0.0736	1.14562676941891e+40
0.0528	0.0736	-7.93624006887576e+40
0.055	0.0736	7.18854544017806e+41
0.0572	0.0736	-6.53943734957735e+42
0.0594	0.0736	5.97956452850582e+43
0.0616	0.0736	-5.52475220997741e+44
0.0638	0.0736	5.18729739654086e+45
0.066	0.0736	-4.97885406027972e+46
0.0682	0.0736	4.91329202939947e+47
0.0704	0.0736	-5.00947521468827e+48
0.0726	0.0736	5.29427513692407e+49
0.0748	0.0736	-5.80615103801793e+50
0.077	0.0736	-4.64659282699607e+50
0.0792	0.0736	-5.75933066254072e+50
0.0814	0.0736	-2.45298615627661e+51
0.0836	0.0736	-1.79564469499733e+51
0.0858	0.0736	-2.48604523299824e+51
0.088	0.0736	-9.42703047715401e+51
0.0902	0.0736	-6.13479036805387e+51
0.0924	0.0736	-2.28914460766583e+49
0.0946	0.0736	6.10375534159111e+50
0.0968	0.0736	3.54303333724651e+50
0.099	0.0736	2.42054826509302e+50
0.1012	0.0736	6.90869330747298e+49
0.1034	0.0736	1.35563474231721e+48
0.1056	0.0736	3.40012972056075e+48
0.1078	0.0736	7.10051674646667e+48
0.11	0.0736	8.59765018491786e+48
0	0.0768	-5.2238986147437e+27
0.0022	0.0768	7.94035664208575e+27
0.0044	0.0768	-1.67004920956018e+28
0.0066	0.0768	3.71249457440759e+28
0.0088	0.0768	-8.67615900429822e+28
0.011	0.0768	2.7251160900327e+29
0.0132	0.0768	-3.16796510232166e+29
0.0154	0.0768	2.29057755081811e+30
0.0176	0.0768	-1.12473657324124e+31
0.0198	0.0768	5.22036801223949e+30
0.022	0.0768	-1.2224024557683e+32
0.0242	0.0768	4.97736229894488e+32
0.0264	0.0768	-1.06207093040175e+33
0.0286	0.0768	5.74252461127597e+33
0.0308	0.0768	-1.51265398393926e+34
0.033	0.0768	1.45450906444125e+35
0.0352	0.0768	-2.31684069319988e+35
0.0374	0.0768	-3.98452993132021e+35
0.0396	0.0768	-8.56765942412206e+36
0.0418	0.0768	-1.63841919747708e+37
0.044	0.0768	-3.75223979806099e+37
0.0462	0.0768	9.88008297086499e+34
0.0484	0.0768	1.93376291504862e+38
0.0506	0.0768	1.1521036336523e+39
0.0528	0.0768	-4.04373069000771e+40
0.055	0.0768	2.85864959814106e+41
0.0572	0.0768	-2.0778304422001e+42
0.0594	0.0768	1.64056935012801e+43
0.0616	0.0768	-1.46775608047529e+44
0.0638	0.0768	1.5088227491559e+45
0.066	0.0768	-1.7373945098092e+46
0.0682	0.0768	2.14860037949144e+47
0.0704	0.0768	-2.7584214535304e+48
0.0726	0.0768	3.60500721634998e+49
0.0748	0.0768	-4.75206423650661e+50
0.077	0.0768	-4.65222534618933e+50
0.0792	0.0768	-4.45358084770282e+50
0.0814	0.0768	-2.0790139333462e+51
0.0836	0.0768	-1.75091604539405e+51
0.0858	0.0768	-1.72002481311028e+51
0.088	0.0768	-7.29257507909355e+51
0.0902	0.0768	-6.09561840263787e+51
0.0924	0.0768	-9.93478141604954e+50
0.0946	0.0768	5.52343629648929e+50
0.0968	0.0768	2.48135076906127e+50
0.099	0.0768	7.22446540230467e+49
0.1012	0.0768	-5.00647405978895e+49
0.1034	0.0768	-1.73919737421908e+47
0.1056	0.0768	6.4212216285941e+48
0.1078	0.0768	9.39518160895214e+48
0.11	0.0768	1.065860466699e+49
0	0.08	3.76165809628682e+27
0.0022	0.08	-7.28441585662853e+27
0.0044	0.08	1.72856917066361e+28
0.0066	0.08	-5.17200750522678e+28
0.0088	0.08	1.64045478626896e+29
0.011	0.08	-4.69502178164901e+29
0.0132	0.08	1.99311180458596e+30
0.0154	0.08	-4.83505972701733e+30
0.0176	0.08	1.15322478898866e+31
0.0198	0.08	-7.03884611012327e+31
0.022	0.08	1.20737825737178e+32
0.0242	0.08	-3.14507953091529e+32
0.0264	0.08	1.73363201720345e+33
0.0286	0.08	-4.4297747351399e+33
0.0308	0.08	2.28499966129086e+34
0.033	0.08	6.30196397375694e+33
0.0352	0.08	3.20402142879289e+35
0.0374	0.08	-2.49922553714845e+36
0.0396	0.08	-1.44187254648013e+36
0.0418	0.08	-4.77828825039539e+37
0.044	0.08	6.20485236776864e+37
0.0462	0.08	-3.79338663604936e+38
0.0484	0.08	1.50899660772222e+39
0.0506	0.08	-1.71767026519226e+40
0.0528	0.08	1.71522286365016e+41
0.055	0.08	-1.30587215179286e+42
0.0572	0.08	9.88147544176237e+42
0.0594	0.08	-7.42483067377704e+43
0.0616	0.08	5.48371208210684e+44
0.0638	0.08	-3.88968385644511e+45
0.066	0.08	2.49801926789209e+46
0.0682	0.08	-1.17592536951745e+47
0.0704	0.08	-2.0833791255904e+47
0.0726	0.08	1.79634567510847e+49
0.0748	0.08	-3.7513031711937e+50
0.077	0.08	-5.83026781835337e+50
0.0792	0.08	-6.90905411771211e+50
0.0814	0.08	-2.13272176531392e+51
0.0836	0.08	-1.55219275435213e+51
0.0858	0.08	-2.40630470384502e+51
0.088	0.08	-7.84560880842599e+51
0.0902	0.08	-4.70696749021188e+51
0.0924	0.08	4.64926399164977e+49
0.0946	0.08	3.64955634330736e+50
0.0968	0.08	2.05470126273099e+50
0.099	0.08	2.56015083602478e+49
0.1012	0.08	2.66635385284654e+49
0.1034	0.08	6.56408903042641e+48
0.1056	0.08	4.80684996903313e+48
0.1078	0.08	9.88149325354945e+48
0.11	0.08	1.09449268801314e+49
0	0.0832	-2.23201498671153e+27
0.0022	0.0832	5.88168912055846e+27
0.0044	0.0832	-1.90532645291709e+28
0.0066	0.0832	5.53405086127629e+28
0.0088	0.0832	-1.62584381272123e+29
0.011	0.0832	5.59142363339322e+29
0.0132	0.0832	-1.28612330266828e+30
0.0154	0.0832	6.05112861528923e+30
0.0176	0.0832	-2.47072900971824e+31
0.0198	0.0832	4.932813459636e+31
0.022	0.0832	-2.88990484821248e+32
0.0242	0.0832	1.07413254471518e+33
0.0264	0.0832	-3.0172515705044e+33
0.0286	0.0832	1.32620525881934e+34
0.0308	0.0832	-4.32457637317593e+34
0.033	0.0832	2.59203085084821e+35
0.0352	0.0832	-6.18392777678063e+35
0.0374	0.0832	1.06099139485422e+36
0.0396	0.0832	-1.61714844303537e+37
0.0418	0.0832	5.75664598875738e+36
0.044	0.0832	-1.79055519560536e+38
0.0462	0.0832	6.22549473488949e+38
0.0484	0.0832	-3.38868745369915e+39
0.0506	0.0832	3.35729559567171e+40
0.0528	0.0832	-2.97196585418334e+41
0.055	0.0832	2.31011340416907e+42
0.0572	0.0832	-1.80310389717306e+43
0.0594	0.0832	1.42452184633072e+44
0.0616	0.0832	-1.15137267688741e+45
0.0638	0.0832	9.67982400352485e+45
0.066	0.0832	-8.6495160069259e+46
0.0682	0.0832	8.38524770832324e+47
0.0704	0.0832	-8.90386400557351e+48
0.0726	0.0832	1.02786623456762e+50
0.0748	0.0832	-1.26456859389116e+51
0.077	0.0832	-1.59577982487621e+51
0.0792	0.0832	-1.70773783231504e+51
0.0814	0.0832	-1.81309628563429e+51
0.0836	0.0832	-1.52865588609758e+51
0.0858	0.0832	-1.57179794367513e+51
0.088	0.0832	-5.71523440274491e+51
0.0902	0.0832	-4.93162233376323e+51
0.0924	0.0832	-1.08277028262159e+51
0.0946	0.0832	3.95347809020638e+50
0.0968	0.0832	1.09133194061573e+50
0.099	0.0832	1.36675490920327e+49
0.1012	0.0832	-1.68963586368177e+49
0.1034	0.0832	-1.13420800579956e+48
0.1056	0.0832	9.18743326905998e+48
0.1078	0.0832	1.21231206818943e+49
0.11	0.0832	1.33102793678812e+49
0	0.0864	-5.56169718795193e+26
0.0022	0.0864	-2.65772985843722e+27
0.0044	0.0864	8.8926758454398e+27
0.0066	0.0864	-3.56771130389286e+28
0.0088	0.0864	1.35230267220334e+29
0.011	0.0864	-4.23976966905452e+29
0.0132	0.0864	2.04287599771331e+30
0.0154	0.0864	-5.04309451905998e+30
0.0176	0.0864	1.3133889951123e+31
0.0198	0.0864	-8.25576260783108e+31
0.022	0.0864	1.60906027317748e+32
0.0242	0.0864	-4.97287975774014e+32
0.0264	0.0864	2.58254293802353e+33
0.0286	0.0864	-8.00263824455824e+33
0.0308	0.0864	3.92408734376462e+34
0.033	0.0864	-6.01242874075895e+34
0.0352	0.0864	6.7508358524042e+35
0.0374	0.0864	-4.1177317989498e+36
0.0396	0.0864	3.86993201616312e+36
0.0418	0.0864	-8.26760881168386e+37
0.044	0.0864	1.72911493902299e+38
0.0462	0.0864	-1.00168914317385e+39
0.0484	0.0864	4.95581386101539e+39
0.0506	0.0864	-4.58621534108996e+40
0.0528	0.0864	3.79162844789871e+41
0.055	0.0864	-2.89791382479592e+42
0.0572	0.0864	2.16848132518423e+43
0.0594	0.0864	-1.56220875540051e+44
0.0616	0.0864	1.04274550528719e+45
0.0638	0.0864	-5.79437196785682e+45
0.066	0.0864	1.45223683700653e+46
0.0682	0.0864	2.8522392863816e+47
0.0704	0.0864	-7.37233612736857e+48
0.0726	0.0864	1.2378615650285e+50
0.0748	0.0864	-1.81774982147516e+51
0.077	0.0864	-2.13305306399656e+51
0.0792	0.0864	-2.20871164904086e+51
0.0814	0.0864	-2.59801804688896e+51
0.0836	0.0864	-2.84937097878204e+51
0.0858	0.0864	-3.29775851198671e+51
0.088	0.0864	-6.30698134268644e+51
0.0902	0.0864	-3.65755780765725e+51
0.0924	0.0864	1.97134086889754e+50
0.0946	0.0864	1.77544243089604e+50
0.0968	0.0864	1.35709304310648e+50
0.099	0.0864	2.04742396050895e+48
0.1012	0.0864	1.02312713315177e+49
0.1034	0.0864	8.91056193290209e+48
0.1056	0.0864	8.01990798483945e+48
0.1078	0.0864	1.32429555696467e+49
0.11	0.0864	1.39730152613734e+49
0	0.0896	6.8598979626315e+27
0.0022	0.0896	-4.13853350105978e+27
0.0044	0.0896	-4.34030103498138e+27
0.0066	0.0896	2.73466338051585e+28
0.0088	0.0896	-1.00851764175068e+29
0.011	0.0896	4.1819512210649e+29
0.0132	0.0896	-8.82261536261898e+29
0.0154	0.0896	5.39004958908689e+30
0.0176	0.0896	-2.35407248008153e+31
0.0198	0.0896	4.42889629517454e+31
0.022	0.0896	-2.91520537222711e+32
0.0242	0.0896	1.09237213671109e+33
0.0264	0.0896	-3.04576836693027e+33
0.0286	0.0896	1.36574296447431e+34
0.0308	0.0896	-4.47157558626197e+34
0.033	0.0896	2.73635977138252e+35
0.0352	0.0896	-6.28352432410966e+35
0.0374	0.0896	1.13081375063158e+36
0.0396	0.0896	-1.88993195384279e+37
0.0418	0.0896	8.49721890647758e+36
0.044	0.0896	-2.63127532397177e+38
0.0462	0.0896	1.02156303616773e+39
0.0484	0.0896	-6.26534465272097e+39
0.0506	0.0896	5.5272143482879e+40
0.0528	0.0896	-4.45877999942474e+41
0.055	0.0896	3.69390066085575e+42
0.0572	0.0896	-3.12429420773902e+43
0.0594	0.0896	2.71232726197033e+44
0.0616	0.0896	-2.43169146541386e+45
0.0638	0.0896	2.2647048221633e+46
0.066	0.0896	-2.20101350468626e+47
0.0682	0.0896	2.23684848387182e+48
0.0704	0.0896	-2.37476292817313e+49
0.0726	0.0896	2.62382513779308e+50
0.0748	0.0896	-3.00027822555933e+51
0.077	0.0896	-3.46133325378811e+51
0.0792	0.0896	-3.57654235020909e+51
0.0814	0.0896	-4.04490735839458e+51
0.0836	0.0896	-4.21024614733082e+51
0.0858	0.0896	-4.70386103926109e+51
0.088	0.0896	-4.300886987001e+51
0.0902	0.0896	-4.05967167239762e+51
0.0924	0.0896	-1.16193305671253e+51
0.0946	0.0896	3.11839247515306e+50
0.0968	0.0896	2.04202909942918e+49
0.099	0.0896	1.62871663015865e+49
0.1012	0.0896	-6.00479739510935e+48
0.1034	0.0896	2.57426374817075e+48
0.1056	0.0896	1.24971977414964e+49
0.1078	0.0896	1.59447575077192e+49
0.11	0.0896	1.6523490567795e+49
0	0.0928	-9.40109287227662e+27
0.0022	0.0928	1.54120843196863e+28
0.0044	0.0928	-3.28602601391397e+28
0.0066	0.0928	6.80777068613898e+28
0.0088	0.0928	-1.40166339243271e+29
0.011	0.0928	3.52056273670137e+29
0.0132	0.0928	-1.45632816187076e+29
0.0154	0.0928	1.86961820447546e+30
0.0176	0.0928	-8.18538862574535e+30
0.0198	0.0928	-1.99878974267224e+31
0.022	0.0928	-4.82242459824382e+31
0.0242	0.0928	1.54545157052016e+32
0.0264	0.0928	5.81721169399826e+32
0.0286	0.0928	-1.01358212388083e+33
0.0308	0.0928	1.60348985223857e+34
0.033	0.0928	2.39532945576278e+34
0.0352	0.0928	4.58346381788705e+35
0.0374	0.0928	-3.49818933776711e+36
0.0396	0.0928	5.65691523969238e+34
0.0418	0.0928	-8.25861104608887e+37
0.044	0.0928	1.25074737233217e+38
0.0462	0.0928	-9.78868744547573e+38
0.0484	0.0928	5.24172643441026e+39
0.0506	0.0928	-4.30019540387486e+40
0.0528	0.0928	2.9509709548449e+41
0.055	0.0928	-2.27279486834111e+42
0.0572	0.0928	1.74116910895118e+43
0.0594	0.0928	-1.31351868284311e+44
0.0616	0.0928	9.60105930709847e+44
0.0638	0.0928	-6.56535475439852e+45
0.066	0.0928	3.81864322469567e+46
0.0682	0.0928	-1.1704677281654e+47
0.0704	0.0928	-1.5647073425931e+48
0.0726	0.0928	4.58117676741399e+49
0.0748	0.0928	-8.09637889822654e+50
0.077	0.0928	-8.77847729543524e+50
0.0792	0.0928	-8.84401861910446e+50
0.0814	0.0928	-9.53779681529096e+50
0.0836	0.0928	-9.70549266027914e+50
0.0858	0.0928	-1.0396620815858e+51
0.088	0.0928	-1.21954917702905e+51
0.0902	0.0928	-1.48395059621254e+51
0.0924	0.0928	-2.35365477358102e+48
0.0946	0.0928	1.43124778206843e+50
0.0968	0.0928	8.97919866690526e+49
0.099	0.0928	-1.00966168250342e+49
0.1012	0.0928	6.66285777933526e+48
0.1034	0.0928	1.22446766671781e+49
0.1056	0.0928	1.27496388137773e+49
0.1078	0.0928	1.76442126481407e+49
0.11	0.0928	1.76909163785586e+49
0	0.096	6.01044860211653e+27
0.0022	0.096	-8.90699892042773e+27
0.0044	0.096	1.68044237625851e+28
0.0066	0.096	-4.61157992177745e+28
0.0088	0.096	1.42587593336605e+29
0.011	0.096	-3.76401063582988e+29
0.0132	0.096	1.81235669264544e+30
0.0154	0.096	-3.14803258845859e+30
0.0176	0.096	4.92442544472607e+30
0.0198	0.096	-5.5718882047263e+31
0.022	0.096	3.45263814749433e+31
0.0242	0.096	-3.61002773638532e+31
0.0264	0.096	9.79742590039125e+32
0.0286	0.096	-1.33133135114268e+33
0.0308	0.096	1.29750848144718e+34
0.033	0.096	5.94779543986258e+34
0.0352	0.096	2.59266993921891e+35
0.0374	0.096	-2.31415691456016e+36
0.0396	0.096	-7.91001886901196e+36
0.0418	0.096	-4.64808876943411e+37
0.044	0.096	-1.2048021013391e+38
0.0462	0.096	3.58142345689811e+38
0.0484	0.096	-3.71885169445383e+39
0.0506	0.096	2.24450418990075e+40
0.0528	0.096	-1.13381111666249e+41
0.055	0.096	7.21524848747643e+41
0.0572	0.096	-4.17024637523643e+42
0.0594	0.096	1.89173058444168e+43
0.0616	0.096	-1.99547605181435e+43
0.0638	0.096	-1.03377238511905e+45
0.066	0.096	1.89394822739309e+46
0.0682	0.096	-2.431529719964e+47
0.0704	0.096	2.66543498506518e+48
0.0726	0.096	-2.58375222294718e+49
0.0748	0.096	2.14186396774622e+50
0.077	0.096	2.40019226234357e+50
0.0792	0.096	2.45336133232244e+50
0.0814	0.096	2.72288282052138e+50
0.0836	0.096	2.8192650269721e+50
0.0858	0.096	3.09953998130478e+50
0.088	0.096	3.62297169181236e+50
0.0902	0.096	4.41732689316943e+50
0.0924	0.096	8.35033929558203e+49
0.0946	0.096	5.20724300522037e+49
0.0968	0.096	3.50513483259988e+49
0.099	0.096	3.83893631456669e+48
0.1012	0.096	1.66346967814637e+48
0.1034	0.096	9.64653981473681e+48
0.1056	0.096	1.73376401665375e+49
0.1078	0.096	2.10480491545581e+49
0.11	0.096	2.04682561601738e+49
0	0.0992	-6.86159259604047e+27
0.0022	0.0992	1.45926465368654e+28
0.0044	0.0992	-3.70349074204571e+28
0.0066	0.0992	8.6932124625216e+28
0.0088	0.0992	-2.07864471043857e+29
0.011	0.0992	5.94973017071121e+29
0.0132	0.0992	-9.15640811881797e+29
0.0154	0.0992	5.01602981279688e+30
0.0176	0.0992	-1.92514870015658e+31
0.0198	0.0992	1.44823877460519e+31
0.022	0.0992	-1.83688522615176e+32
0.0242	0.0992	6.14679105445212e+32
0.0264	0.0992	-9.45228275637573e+32
0.0286	0.0992	4.95315895514169e+33
0.0308	0.0992	-6.31788070689671e+33
0.033	0.0992	1.18474655857778e+35
0.0352	0.0992	1.48628601558935e+35
0.0374	0.0992	-2.22913922424368e+36
0.0396	0.0992	-7.86063535625526e+36
0.0418	0.0992	-6.23212391946882e+37
0.044	0.0992	-5.18775202675878e+37
0.0462	0.0992	-3.03172553522834e+38
0.0484	0.0992	1.24847177392843e+39
0.0506	0.0992	-7.84495354885377e+39
0.0528	0.0992	1.1343687304878e+40
0.055	0.0992	3.45841307403839e+40
0.0572	0.0992	-1.22535465618511e+42
0.0594	0.0992	1.70619723357495e+43
0.0616	0.0992	-1.89804060069451e+44
0.0638	0.0992	1.88036573805064e+45
0.066	0.0992	-1.71171817752856e+46
0.0682	0.0992	1.43647120329992e+47
0.0704	0.0992	-1.09036052770612e+48
0.0726	0.0992	7.05354208115979e+48
0.0748	0.0992	-3.14353792084493e+49
0.077	0.0992	-3.75156932540267e+49
0.0792	0.0992	-3.92575920683938e+49
0.0814	0.0992	-4.58037783364604e+49
0.0836	0.0992	-4.88176253023004e+49
0.0858	0.0992	-5.5872763398128e+49
0.088	0.0992	-6.98912385041072e+49
0.0902	0.0992	-9.04695633402402e+49
0.0924	0.0992	-1.74159565141855e+48
0.0946	0.0992	7.57541930375333e+48
0.0968	0.0992	1.19493635373964e+49
0.099	0.0992	1.34317154365248e+49
0.1012	0.0992	1.44826824719221e+49
0.1034	0.0992	1.92549595335003e+49
0.1056	0.0992	1.92843140232361e+49
0.1078	0.0992	2.35241203895759e+49
0.11	0.0992	2.21707082073559e+49
0	0.1024	9.21823819763107e+26
0.0022	0.1024	-6.85779420480273e+27
0.0044	0.1024	2.17694576028257e+28
0.0066	0.1024	-7.55122332570158e+28
0.0088	0.1024	2.56460490429985e+29
0.011	0.1024	-7.71548688108253e+29
0.0132	0.1024	3.2476503152647e+30
0.0154	0.1024	-7.54861794187181e+30
0.0176	0.1024	1.98615156255496e+31
0.0198	0.1024	-1.1117550330519e+32
0.022	0.1024	2.09558929898767e+32
0.0242	0.1024	-6.5548373217257e+32
0.0264	0.1024	3.25628832868656e+33
0.0286	0.1024	-9.76912658257186e+33
0.0308	0.1024	4.58953579750478e+34
0.033	0.1024	-5.94896111381027e+34
0.0352	0.1024	7.85487210534427e+35
0.0374	0.1024	-4.32594466401798e+36
0.0396	0.1024	-2.88044630374062e+36
0.0418	0.1024	-8.02862532734228e+37
0.044	0.1024	-7.90304619152615e+37
0.0462	0.1024	8.12299010617545e+36
0.0484	0.1024	-2.33523324642425e+39
0.0506	0.1024	-8.08939797574828e+38
0.0528	0.1024	2.14202704585466e+40
0.055	0.1024	-2.17156927032668e+41
0.0572	0.1024	2.01853328900359e+42
0.0594	0.1024	-1.77185910773096e+43
0.0616	0.1024	1.48169386768473e+44
0.0638	0.1024	-1.18282208461049e+45
0.066	0.1024	8.99586133845955e+45
0.0682	0.1024	-6.49174957952207e+46
0.0704	0.1024	4.43866375682298e+47
0.0726	0.1024	-2.92446635208758e+48
0.0748	0.1024	2.00930725450724e+49
0.077	0.1024	2.28308492850302e+49
0.0792	0.1024	2.3566139415461e+49
0.0814	0.1024	2.6475382446734e+49
0.0836	0.1024	2.76972495866337e+49
0.0858	0.1024	3.08150126397634e+49
0.088	0.1024	3.50102102896436e+49
0.0902	0.1024	4.17298661754432e+49
0.0924	0.1024	2.01337651218886e+49
0.0946	0.1024	1.88720215499039e+49
0.0968	0.1024	1.84520854279677e+49
0.099	0.1024	1.91843159784497e+49
0.1012	0.1024	1.96845643410349e+49
0.1034	0.1024	2.14619081034144e+49
0.1056	0.1024	2.44159254913553e+49
0.1078	0.1024	2.78573769609803e+49
0.11	0.1024	2.52448577155168e+49
0	0.1056	4.21412203645953e+27
0.0022	0.1056	3.05954619582652e+26
0.0044	0.1056	-1.55283472512567e+28
0.0066	0.1056	4.99888968203294e+28
0.0088	0.1056	-1.43181570146889e+29
0.011	0.1056	5.0522573223839e+29
0.0132	0.1056	-8.0738463640233e+29
0.0154	0.1056	5.86175787529273e+30
0.0176	0.1056	-2.39622534260435e+31
0.0198	0.1056	3.0957585188567e+31
0.022	0.1056	-2.70623815762057e+32
0.0242	0.1056	9.39147078751767e+32
0.0264	0.1056	-2.0953919711153e+33
0.0286	0.1056	9.89653274136557e+33
0.0308	0.1056	-2.6247961411683e+34
0.033	0.1056	2.10532448175946e+35
0.0352	0.1056	-1.72015818529091e+35
0.0374	0.1056	-7.77119439030113e+35
0.0396	0.1056	-1.73129748582628e+37
0.0418	0.1056	-3.66150243573874e+37
0.044	0.1056	-2.77945161412861e+38
0.0462	0.1056	5.02025606145071e+38
0.0484	0.1056	1.11179702519874e+38
0.0506	0.1056	2.45725244349713e+39
0.0528	0.1056	-2.25177170241165e+40
0.055	0.1056	1.82817428316294e+41
0.0572	0.1056	-1.4274107897932e+42
0.0594	0.1056	1.06995145992856e+43
0.0616	0.1056	-7.62818770844795e+43
0.0638	0.1056	5.0719363343322e+44
0.066	0.1056	-3.00482814476893e+45
0.0682	0.1056	1.37603002823645e+46
0.0704	0.1056	-1.17740035144632e+46
0.0726	0.1056	-8.50247255037812e+47
0.0748	0.1056	1.61819458994724e+49
0.077	0.1056	1.68916728597179e+49
0.0792	0.1056	1.69011851649909e+49
0.0814	0.1056	1.75605445481885e+49
0.0836	0.1056	1.75452824700644e+49
0.0858	0.1056	1.81510921247109e+49
0.088	0.1056	1.74710516364026e+49
0.0902	0.1056	1.71477321878846e+49
0.0924	0.1056	2.31212603874843e+49
0.0946	0.1056	2.49673538604992e+49
0.0968	0.1056	2.5726277525286e+49
0.099	0.1056	2.71160818719191e+49
0.1012	0.1056	2.77641210421935e+49
0.1034	0.1056	2.89395327284863e+49
0.1056	0.1056	2.91259312208251e+49
0.1078	0.1056	3.12019313180723e+49
0.11	0.1056	2.75975867062161e+49
0	0.1088	-5.94938510449999e+27
0.0022	0.1088	7.80584144868017e+27
0.0044	0.1088	-1.22503349132957e+28
0.0066	0.1088	9.05887288473756e+27
0.0088	0.1088	3.01814436548053e+28
0.011	0.1088	-1.24041327388663e+29
0.0132	0.1088	1.42413798304856e+30
0.0154	0.1088	-1.48574122634381e+30
0.0176	0.1088	1.01957940601615e+30
0.0198	0.1088	-5.64376410706452e+31
0.022	0.1088	1.82734133506744e+31
0.0242	0.1088	-5.4112802179476e+31
0.0264	0.1088	1.38921924251876e+33
0.0286	0.1088	-2.97532480087948e+33
0.0308	0.1088	2.23501561677335e+34
0.033	0.1088	3.26115464752993e+34
0.0352	0.1088	5.27888179815586e+35
0.0374	0.1088	-3.36583899548731e+36
0.0396	0.1088	-9.36458215458295e+36
0.0418	0.1088	-7.38876400615664e+37
0.044	0.1088	6.71673954956525e+37
0.0462	0.1088	-1.18762131171349e+38
0.0484	0.1088	2.04036020078857e+38
0.0506	0.1088	-2.13108160476118e+39
0.0528	0.1088	1.67688144837718e+40
0.055	0.1088	-1.26885788338129e+41
0.0572	0.1088	9.42863539324387e+41
0.0594	0.1088	-6.90326817921066e+42
0.0616	0.1088	5.00816207140629e+43
0.0638	0.1088	-3.64122676143709e+44
0.066	0.1088	2.70830543750376e+45
0.0682	0.1088	-2.12630000419844e+46
0.0704	0.1088	1.82493255324418e+47
0.0726	0.1088	-1.74782616545106e+48
0.0748	0.1088	1.85337531137899e+49
0.077	0.1088	1.98805431423596e+49
0.0792	0.1088	2.01390382334986e+49
0.0814	0.1088	2.15104845579579e+49
0.0836	0.1088	2.19011544089265e+49
0.0858	0.1088	2.33102142239317e+49
0.088	0.1088	2.39980780542469e+49
0.0902	0.1088	2.56846527480131e+49
0.0924	0.1088	2.47996111973627e+49
0.0946	0.1088	2.59486868286832e+49
0.0968	0.1088	2.65083425690651e+49
0.099	0.1088	2.78241452486883e+49
0.1012	0.1088	2.85383738306546e+49
0.1034	0.1088	2.99714937332175e+49
0.1056	0.1088	3.09361765927075e+49
0.1078	0.1088	3.22145525028737e+49
0.11	0.1088	3.33912175590847e+49
0	0.112	4.503794681377e+27
0.0022	0.112	-4.54783617154464e+27
0.0044	0.112	-8.518743336129e+26
0.0066	0.112	8.06594611541409e+27
0.0088	0.112	-2.10314304880678e+28
0.011	0.112	1.46536600582946e+29
0.0132	0.112	3.86268502559927e+29
0.0154	0.112	2.6727749953653e+30
0.0176	0.112	-1.36422961589458e+31
0.0198	0.112	-7.90413005894076e+30
0.022	0.112	-1.58923670723519e+32
0.0242	0.112	5.4434577026135e+32
0.0264	0.112	-6.2249489532751e+32
0.0286	0.112	4.6157362266243e+33
0.0308	0.112	-5.67830696621723e+33
0.033	0.112	1.41283365211404e+35
0.0352	0.112	1.66515970888181e+35
0.0374	0.112	-1.99943242645092e+36
0.0396	0.112	-1.59005723821827e+37
0.0418	0.112	1.63190896318828e+37
0.044	0.112	-1.71080192085004e+37
0.0462	0.112	4.13569865814073e+37
0.0484	0.112	-1.84275926587376e+38
0.0506	0.112	1.46509905706439e+39
0.0528	0.112	-1.09062276583298e+40
0.055	0.112	7.99150470299365e+40
0.0572	0.112	-5.80912437222781e+41
0.0594	0.112	4.20250486694874e+42
0.0616	0.112	-3.03750330434862e+43
0.0638	0.112	2.2030586741282e+44
0.066	0.112	-1.60853651057279e+45
0.0682	0.112	1.18079140692367e+46
0.0704	0.112	-8.61223148264433e+46
0.0726	0.112	6.0291706457094e+47
0.0748	0.112	-3.67874863012517e+48
0.077	0.112	-4.05985179776626e+48
0.0792	0.112	-4.15529257243216e+48
0.0814	0.112	-4.54948134717534e+48
0.0836	0.112	-4.68923919804465e+48
0.0858	0.112	-5.10133440641292e+48
0.088	0.112	-5.32903907645371e+48
0.0902	0.112	-5.82323204054872e+48
0.0924	0.112	-5.65984883133431e+48
0.0946	0.112	-6.02043464533636e+48
0.0968	0.112	-6.23733562719743e+48
0.099	0.112	-6.65188911960709e+48
0.1012	0.112	-6.92192111481743e+48
0.1034	0.112	-7.37986496310245e+48
0.1056	0.112	-7.72966977735144e+48
0.1078	0.112	-8.16352764128499e+48
0.11	0.112	-8.58427606557627e+48
0	0.1152	-4.59023226145919e+27
0.0022	0.1152	9.63820222401183e+27
0.0044	0.1152	-2.20735903639008e+28
0.0066	0.1152	3.89461622203663e+28
0.0088	0.1152	-5.71217875504007e+28
0.011	0.1152	1.41128550221151e+29
0.0132	0.1152	7.21787984921103e+29
0.0154	0.1152	1.25665577290076e+30
0.0176	0.1152	-7.36456352684221e+30
0.0198	0.1152	-3.54833518894972e+31
0.022	0.1152	-6.56424409190916e+31
0.0242	0.1152	1.93832622094568e+32
0.0264	0.1152	7.05221176457154e+32
0.0286	0.1152	-3.9560861615655e+32
0.0308	0.1152	1.40118099348018e+34
0.033	0.1152	7.06849271854813e+34
0.0352	0.1152	4.70304653803826e+35
0.0374	0.1152	-3.08494341549814e+36
0.0396	0.1152	3.46637320227026e+36
0.0418	0.1152	-3.66577335878179e+36
0.044	0.1152	5.22379400671663e+36
0.0462	0.1152	-1.96373016359542e+37
0.0484	0.1152	1.20414282316392e+38
0.0506	0.1152	-8.85457850588563e+38
0.0528	0.1152	6.36464302571451e+39
0.055	0.1152	-4.53021694279341e+40
0.0572	0.1152	3.20061136933452e+41
0.0594	0.1152	-2.24512816300183e+42
0.0616	0.1152	1.56265565918158e+43
0.0638	0.1152	-1.07652853952985e+44
0.066	0.1152	7.29679965325496e+44
0.0682	0.1152	-4.80617891101122e+45
0.0704	0.1152	3.00157271714767e+46
0.0726	0.1152	-1.68822361244459e+47
0.0748	0.1152	7.48429277185709e+47
0.077	0.1152	8.54096193563362e+47
0.0792	0.1152	8.8489126764425e+47
0.0814	0.1152	9.9566166799352e+47
0.0836	0.1152	1.04050013646509e+48
0.0858	0.1152	1.15803132236731e+48
0.088	0.1152	1.22851599599534e+48
0.0902	0.1152	1.37003690980891e+48
0.0924	0.1152	1.34309375276754e+48
0.0946	0.1152	1.45156563514551e+48
0.0968	0.1152	1.52518185887107e+48
0.099	0.1152	1.65061819370251e+48
0.1012	0.1152	1.74156399648681e+48
0.1034	0.1152	1.88184028353085e+48
0.1056	0.1152	1.9975686732355e+48
0.1078	0.1152	2.13598359295001e+48
0.11	0.1152	2.27459427099468e+48
0	0.1184	1.67474687178606e+27
0.0022	0.1184	-3.12389780136485e+27
0.0044	0.1184	1.65151517733417e+27
0.0066	0.1184	-6.95332878206454e+27
0.0088	0.1184	3.39811487619708e+28
0.011	0.1184	-3.22186885866051e+28
0.0132	0.1184	1.08428388251109e+30
0.0154	0.1184	9.96661280759127e+29
0.0176	0.1184	-7.70615711199143e+30
0.0198	0.1184	-3.3907516614298e+31
0.022	0.1184	-8.93048061302228e+31
0.0242	0.1184	2.81651304547388e+32
0.0264	0.1184	4.20069088272527e+32
0.0286	0.1184	9.27090718214862e+32
0.0308	0.1184	9.00044231608617e+33
0.033	0.1184	9.49869999503394e+34
0.0352	0.1184	-1.43093263553135e+35
0.0374	0.1184	6.28416210524955e+35
0.0396	0.1184	-7.46929834517653e+35
0.0418	0.1184	8.99576520043583e+35
0.044	0.1184	-1.98989428387752e+36
0.0462	0.1184	1.02676776796877e+37
0.0484	0.1184	-6.84826743887226e+37
0.0506	0.1184	4.82622490181688e+38
0.0528	0.1184	-3.35619675605196e+39
0.055	0.1184	2.3095510997137e+40
0.0572	0.1184	-1.57175608351442e+41
0.0594	0.1184	1.05554947160488e+42
0.0616	0.1184	-6.96923761738387e+42
0.0638	0.1184	4.49575974944177e+43
0.066	0.1184	-2.80457246294438e+44
0.0682	0.1184	1.66306204868896e+45
0.0704	0.1184	-9.09635146744838e+45
0.0726	0.1184	4.32968544917979e+46
0.0748	0.1184	-1.55950880365939e+47
0.077	0.1184	-1.84864792570928e+47
0.0792	0.1184	-1.94179650498927e+47
0.0814	0.1184	-2.24855190168888e+47
0.0836	0.1184	-2.38462850702283e+47
0.0858	0.1184	-2.71442025757396e+47
0.088	0.1184	-2.9244228510536e+47
0.0902	0.1184	-3.32360148187595e+47
0.0924	0.1184	-3.29052519476506e+47
0.0946	0.1184	-3.60836116563798e+47
0.0968	0.1184	-3.84215281910931e+47
0.099	0.1184	-4.21211729973126e+47
0.1012	0.1184	-4.50046368601194e+47
0.1034	0.1184	-4.91875280631402e+47
0.1056	0.1184	-5.28259242123605e+47
0.1078	0.1184	-5.70798333922619e+47
0.11	0.1184	-6.14361743129657e+47
0	0.1216	-1.74925512042397e+27
0.0022	0.1216	6.22512192751167e+27
0.0044	0.1216	-1.91775826908303e+28
0.0066	0.1216	3.8072482079958e+28
0.0088	0.1216	-6.66989253097719e+28
0.011	0.1216	1.97716161731332e+29
0.0132	0.1216	6.19007801056516e+29
0.0154	0.1216	2.31279823997455e+30
0.0176	0.1216	-1.0494996292356e+31
0.0198	0.1216	-3.13158630395659e+31
0.022	0.1216	-9.90447452694277e+31
0.0242	0.1216	2.80007793976388e+32
0.0264	0.1216	5.44157438292325e+32
0.0286	0.1216	4.34762789482109e+32
0.0308	0.1216	1.15770785581916e+34
0.033	0.1216	-2.14333075618056e+34
0.0352	0.1216	3.76376587106363e+34
0.0374	0.1216	-1.29906790473459e+35
0.0396	0.1216	1.666102143174e+35
0.0418	0.1216	-2.5663122258621e+35
0.044	0.1216	8.7723888420402e+35
0.0462	0.1216	-5.26216301857137e+36
0.0484	0.1216	3.53395596846241e+37
0.0506	0.1216	-2.40395107267112e+38
0.0528	0.1216	1.61452548956729e+39
0.055	0.1216	-1.06980239593292e+40
0.0572	0.1216	6.9770596702413e+40
0.0594	0.1216	-4.46167157563162e+41
0.0616	0.1216	2.78191802830661e+42
0.0638	0.1216	-1.67727443161566e+43
0.066	0.1216	9.65662073178701e+43
0.0682	0.1216	-5.20575590133067e+44
0.0704	0.1216	2.54358730526494e+45
0.0726	0.1216	-1.06130340815981e+46
0.0748	0.1216	3.32240032999631e+46
0.077	0.1216	4.10651175099389e+46
0.0792	0.1216	4.37814308443287e+46
0.0814	0.1216	5.21919690924051e+46
0.0836	0.1216	5.61883507382479e+46
0.0858	0.1216	6.53395749177231e+46
0.088	0.1216	7.14471450996875e+46
0.0902	0.1216	8.25882124824963e+46
0.0924	0.1216	8.26240169954736e+46
0.0946	0.1216	9.17736721641338e+46
0.0968	0.1216	9.89118638735429e+46
0.099	0.1216	1.09634815955382e+47
0.1012	0.1216	1.18447159886551e+47
0.1034	0.1216	1.30691677515256e+47
0.1056	0.1216	1.41767837017276e+47
0.1078	0.1216	1.54520071214845e+47
0.11	0.1216	1.67801365008218e+47
0	0.1248	-1.6660964275717e+26
0.0022	0.1248	-4.03476210381055e+26
0.0044	0.1248	-1.805522481502e+27
0.0066	0.1248	-3.14045562047304e+27
0.0088	0.1248	2.90830303627241e+28
0.011	0.1248	-2.19258605063859e+28
0.0132	0.1248	1.19515875339252e+30
0.0154	0.1248	1.27484561958889e+30
0.0176	0.1248	-7.89629680187991e+30
0.0198	0.1248	-4.0444823943099e+31
0.022	0.1248	-8.65887593018185e+31
0.0242	0.1248	2.4157548042268e+32
0.0264	0.1248	7.01183182602171e+32
0.0286	0.1248	5.20840047969101e+31
0.0308	0.1248	-2.48896745918872e+33
0.033	0.1248	4.82799318329781e+33
0.0352	0.1248	-9.33253034203079e+33
0.0374	0.1248	2.74745083664865e+34
0.0396	0.1248	-3.99043653660018e+34
0.0418	0.1248	8.71454183470372e+34
0.044	0.1248	-4.04549208515332e+35
0.0462	0.1248	2.55301376596192e+36
0.0484	0.1248	-1.68367310297806e+37
0.0506	0.1248	1.10662600821075e+38
0.0528	0.1248	-7.16692852630932e+38
0.055	0.1248	4.56309661239363e+39
0.0572	0.1248	-2.84626706501387e+40
0.0594	0.1248	1.73086854954728e+41
0.0616	0.1248	-1.01926667471834e+42
0.0638	0.1248	5.75707379261674e+42
0.066	0.1248	-3.07609224446597e+43
0.0682	0.1248	1.5227643222594e+44
0.0704	0.1248	-6.75586986873434e+44
0.0726	0.1248	2.53643619379844e+45
0.0748	0.1248	-7.21803937839915e+45
0.077	0.1248	-9.33099601651781e+45
0.0792	0.1248	-1.0105196430187e+46
0.0814	0.1248	-1.23948339344355e+46
0.0836	0.1248	-1.35439098788801e+46
0.0858	0.1248	-1.60629986538527e+46
0.088	0.1248	-1.78104184728033e+46
0.0902	0.1248	-2.0896056480067e+46
0.0924	0.1248	-2.11255336429648e+46
0.0946	0.1248	-2.37265081888635e+46
0.0968	0.1248	-2.58504827083356e+46
0.099	0.1248	-2.8919488391915e+46
0.1012	0.1248	-3.15474504863694e+46
0.1034	0.1248	-3.5083949250793e+46
0.1056	0.1248	-3.83821375626667e+46
0.1078	0.1248	-4.21378833725539e+46
0.11	0.1248	-4.61020677920629e+46
0	0.128	-4.99394962574949e+26
0.0022	0.128	3.64915622877612e+27
0.0044	0.128	-1.49928955004258e+28
0.0066	0.128	3.18093762703936e+28
0.0088	0.128	-6.29719832111845e+28
0.011	0.128	2.19955087389123e+29
0.0132	0.128	6.28829958966641e+29
0.0154	0.128	3.08703707598629e+30
0.0176	0.128	-1.24495344506535e+31
0.0198	0.128	-3.18058318512725e+31
0.022	0.128	-1.18970221661489e+32
0.0242	0.128	3.17755038647879e+32
0.0264	0.128	-1.53073815025832e+32
0.0286	0.128	-4.14579954101131e+31
0.0308	0.128	5.42340195844001e+32
0.033	0.128	-1.09760972883633e+33
0.0352	0.128	2.2526946045327e+33
0.0374	0.128	-6.04567142911008e+33
0.0396	0.128	1.07233760551327e+34
0.0418	0.128	-3.36651411383882e+34
0.044	0.128	1.83970839016165e+35
0.0462	0.128	-1.16657306076835e+36
0.0484	0.128	7.48990455945249e+36
0.0506	0.128	-4.75646440317486e+37
0.0528	0.128	2.96849238897899e+38
0.055	0.128	-1.81499267336696e+39
0.0572	0.128	1.08264605792315e+40
0.0594	0.128	-6.26537519704086e+40
0.0616	0.128	3.49139019149098e+41
0.0638	0.128	-1.85425735800272e+42
0.066	0.128	9.25030163243062e+42
0.0682	0.128	-4.24353822732446e+43
0.0704	0.128	1.73272861211166e+44
0.0726	0.128	-5.97375666802809e+44
0.0748	0.128	1.59405433652328e+45
0.077	0.128	2.16079509570198e+45
0.0792	0.128	2.37811245770696e+45
0.0814	0.128	2.99816973254202e+45
0.0836	0.128	3.32378301248114e+45
0.0858	0.128	4.01310823653576e+45
0.088	0.128	4.50723460267549e+45
0.0902	0.128	5.35688722038538e+45
0.0924	0.128	5.47130323256049e+45
0.0946	0.128	6.20379048132726e+45
0.0968	0.128	6.82445971366104e+45
0.099	0.128	7.6945464423026e+45
0.1012	0.128	8.46468812016133e+45
0.1034	0.128	9.47576333743253e+45
0.1056	0.128	1.04422504968005e+46
0.1078	0.128	1.15338592802524e+46
0.11	0.128	1.2698779469385e+46
0	0.1312	-7.92102114894061e+26
0.0022	0.1312	1.22575105394074e+27
0.0044	0.1312	-4.38625217818053e+27
0.0066	0.1312	1.1711327306544e+27
0.0088	0.1312	1.39397201857708e+28
0.011	0.1312	3.22814640319718e+28
0.0132	0.1312	1.17269407999343e+30
0.0154	0.1312	2.04238394684205e+30
0.0176	0.1312	-9.31703394369862e+30
0.0198	0.1312	-4.39645157975263e+31
0.022	0.1312	3.05562777778951e+31
0.0242	0.1312	-6.22256817838633e+31
0.0264	0.1312	3.07863911264269e+31
0.0286	0.1312	1.48727225957118e+31
0.0308	0.1312	-1.19664612134001e+32
0.033	0.1312	2.51776959391417e+32
0.0352	0.1312	-5.42261576591996e+32
0.0374	0.1312	1.42267412831025e+33
0.0396	0.1312	-3.3072016096725e+33
0.0418	0.1312	1.37799143764074e+34
0.044	0.1312	-8.06188228970198e+34
0.0462	0.1312	5.03747286054986e+35
0.0484	0.1312	-3.13908521389819e+36
0.0506	0.1312	1.92624133243471e+37
0.0528	0.1312	-1.15852811842987e+38
0.055	0.1312	6.80476413047563e+38
0.0572	0.1312	-3.88513704775436e+39
0.0594	0.1312	2.14316566976419e+40
0.0616	0.1312	-1.13317429417163e+41
0.0638	0.1312	5.68159504736596e+41
0.066	0.1312	-2.66161891788538e+42
0.0682	0.1312	1.14068617495956e+43
0.0704	0.1312	-4.33557668865834e+43
0.0726	0.1312	1.39495301436894e+44
0.0748	0.1312	-3.56581635020769e+44
0.077	0.1312	-5.08061887127357e+44
0.0792	0.1312	-5.68412307699915e+44
0.0814	0.1312	-7.35662211059385e+44
0.0836	0.1312	-8.26966548703789e+44
0.0858	0.1312	-1.01473588861909e+45
0.088	0.1312	-1.15324822323817e+45
0.0902	0.1312	-1.38615256122893e+45
0.0924	0.1312	-1.42964792869203e+45
0.0946	0.1312	-1.63444955931314e+45
0.0968	0.1312	-1.8134232485811e+45
0.099	0.1312	-2.05828536847748e+45
0.1012	0.1312	-2.28106459667447e+45
0.1034	0.1312	-2.5678315223803e+45
0.1056	0.1312	-2.84762613697048e+45
0.1078	0.1312	-3.1616727815891e+45
0.11	0.1312	-3.49993535114597e+45
0	0.1344	-3.31121318339001e+26
0.0022	0.1344	2.26904952096314e+27
0.0044	0.1344	-1.10903298614549e+28
0.0066	0.1344	2.45749880437076e+28
0.0088	0.1344	-5.99793520760827e+28
0.011	0.1344	2.48290051212496e+29
0.0132	0.1344	6.46740461068803e+29
0.0154	0.1344	3.84515497852118e+30
0.0176	0.1344	-1.38378388070074e+31
0.0198	0.1344	9.84085637167039e+30
0.022	0.1344	-7.21050792843973e+30
0.0242	0.1344	1.22655511849796e+31
0.0264	0.1344	-6.06248613959057e+30
0.0286	0.1344	-4.40797155001309e+30
0.0308	0.1344	2.67443234968441e+31
0.033	0.1344	-5.85258100127444e+31
0.0352	0.1344	1.33419419672329e+32
0.0374	0.1344	-3.69487664841384e+32
0.0396	0.1344	1.14573675455143e+33
0.0418	0.1344	-5.6790166934344e+33
0.044	0.1344	3.38403940592155e+34
0.0462	0.1344	-2.06675654275295e+35
0.0484	0.1344	1.24879615739888e+36
0.0506	0.1344	-7.4073307354508e+36
0.0528	0.1344	4.29578339530977e+37
0.055	0.1344	-2.42609762763736e+38
0.0572	0.1344	1.32767225923423e+39
0.0594	0.1344	-6.99552581816079e+39
0.0616	0.1344	3.51969521360774e+40
0.0638	0.1344	-1.67261254180668e+41
0.066	0.1344	7.39719511378183e+41
0.0682	0.1344	-2.98280591293269e+42
0.0704	0.1344	1.06549624652975e+43
0.0726	0.1344	-3.24093617194863e+43
0.0748	0.1344	8.04943213375492e+43
0.077	0.1344	1.20872668657901e+44
0.0792	0.1344	1.37501746060061e+44
0.0814	0.1344	1.82474508313269e+44
0.0836	0.1344	2.07876218908245e+44
0.0858	0.1344	2.58840687613584e+44
0.088	0.1344	2.97408130795399e+44
0.0902	0.1344	3.61021962146222e+44
0.0924	0.1344	3.75809825319166e+44
0.0946	0.1344	4.32746031781183e+44
0.0968	0.1344	4.83831338923385e+44
0.099	0.1344	5.52335515925414e+44
0.1012	0.1344	6.1613483881515e+44
0.1034	0.1344	6.96949106736266e+44
0.1056	0.1344	7.77181783836827e+44
0.1078	0.1344	8.66796781067735e+44
0.11	0.1344	9.64097773655569e+44
0	0.1376	-7.33835967552698e+26
0.0022	0.1376	1.75680549320056e+27
0.0044	0.1376	-5.42461181150233e+27
0.0066	0.1376	4.74050723261909e+27
0.0088	0.1376	-9.44824003257155e+27
0.011	0.1376	1.18926673197465e+29
0.0132	0.1376	1.0866152687211e+30
0.0154	0.1376	-1.01309871821333e+30
0.0176	0.1376	2.74896894428165e+30
0.0198	0.1376	-2.10871373808919e+30
0.022	0.1376	1.64784945895031e+30
0.0242	0.1376	-2.43081231524135e+30
0.0264	0.1376	1.16790822395072e+30
0.0286	0.1376	1.20476348389427e+30
0.0308	0.1376	-6.06902268207963e+30
0.033	0.1376	1.39180755897092e+31
0.0352	0.1376	-3.44540568253198e+31
0.0374	0.1376	1.07711210223789e+32
0.0396	0.1376	-4.24813404686069e+32
0.0418	0.1376	2.29719303121666e+33
0.044	0.1376	-1.3614682754428e+34
0.0462	0.1376	8.10026724220075e+34
0.0484	0.1376	-4.74565186915798e+35
0.0506	0.1376	2.72270297006795e+36
0.0528	0.1376	-1.52383855230979e+37
0.055	0.1376	8.28483309762331e+37
0.0572	0.1376	-4.35277233870759e+38
0.0594	0.1376	2.19545942418886e+39
0.0616	0.1376	-1.05414938810467e+40
0.0638	0.1376	4.76574526269743e+40
0.066	0.1376	-1.99938067679254e+41
0.0682	0.1376	7.6332290687918e+41
0.0704	0.1376	-2.58352919994981e+42
0.0726	0.1376	7.50517744536951e+42
0.0748	0.1376	-1.82669690662022e+43
0.077	0.1376	-2.90070014921696e+43
0.0792	0.1376	-3.35620570919527e+43
0.0814	0.1376	-4.56250471735064e+43
0.0836	0.1376	-5.26492202878025e+43
0.0858	0.1376	-6.64421639335296e+43
0.088	0.1376	-7.71239852416063e+43
0.0902	0.1376	-9.44482062543448e+43
0.0924	0.1376	-9.91793164413659e+43
0.0946	0.1376	-1.14934946735687e+44
0.0968	0.1376	-1.29399951866174e+44
0.099	0.1376	-1.48472839501883e+44
0.1012	0.1376	-1.66598377497533e+44
0.1034	0.1376	-1.89253003164298e+44
0.1056	0.1376	-2.12085008130604e+44
0.1078	0.1376	-2.37487747434404e+44
0.11	0.1376	-2.65263562165998e+44
0	0.1408	2.05781938719555e+27
0.0022	0.1408	4.20662125222399e+26
0.0044	0.1408	-4.86678517857171e+27
0.0066	0.1408	8.64312662553922e+27
0.0088	0.1408	-3.7889151243883e+28
0.011	0.1408	2.28185357381115e+29
0.0132	0.1408	-2.40279580603641e+29
0.0154	0.1408	2.44516365480057e+29
0.0176	0.1408	-5.51816804332463e+29
0.0198	0.1408	4.50515462382177e+29
0.022	0.1408	-3.68685271449494e+29
0.0242	0.1408	4.83616016490507e+29
0.0264	0.1408	-2.19184142331125e+29
0.0286	0.1408	-3.16783374298058e+29
0.0308	0.1408	1.40613984476504e+30
0.033	0.1408	-3.43572768746421e+30
0.0352	0.1408	9.55139568063954e+30
0.0374	0.1408	-3.47912258202018e+31
0.0396	0.1408	1.61364412165774e+32
0.0418	0.1408	-9.0299478993031e+32
0.044	0.1408	5.26475556090404e+33
0.0462	0.1408	-3.04782233372954e+34
0.0484	0.1408	1.73201994869664e+35
0.0506	0.1408	-9.61916261216034e+35
0.0528	0.1408	5.20095110157783e+36
0.055	0.1408	-2.72576432754185e+37
0.0572	0.1408	1.37726520449971e+38
0.0594	0.1408	-6.66434518541931e+38
0.0616	0.1408	3.06214299741715e+39
0.0638	0.1408	-1.32159809022233e+40
0.066	0.1408	5.28263420260881e+40
0.0682	0.1408	-1.9200006749036e+41
0.0704	0.1408	6.19943552118175e+41
0.0726	0.1408	-1.73337896721304e+42
0.0748	0.1408	4.15098656316284e+42
0.077	0.1408	7.00267936058731e+42
0.0792	0.1408	8.24471557130187e+42
0.0814	0.1408	1.14738161887187e+43
0.0836	0.1408	1.34068380592809e+43
0.0858	0.1408	1.71309105817505e+43
0.088	0.1408	2.00767111858261e+43
0.0902	0.1408	2.47832510294438e+43
0.0924	0.1408	2.62403560681751e+43
0.0946	0.1408	3.05837103478058e+43
0.0968	0.1408	3.46531054060416e+43
0.099	0.1408	3.99420808476232e+43
0.1012	0.1408	4.50582950151798e+43
0.1034	0.1408	5.1381116583624e+43
0.1056	0.1408	5.78378715155028e+43
0.1078	0.1408	6.49990297141694e+43
0.11	0.1408	7.28782087666831e+43
0	0.144	-2.74167277493969e+27
0.0022	0.144	4.62219262548427e+27
0.0044	0.144	-6.53326455437836e+27
0.0066	0.144	1.26221831322198e+28
0.0088	0.144	1.02622614653101e+28
0.011	0.144	-4.59622263628559e+28
0.0132	0.144	5.16449120520195e+28
0.0154	0.144	-5.68320019775406e+28
0.0176	0.144	1.11757477921059e+29
0.0198	0.144	-9.60116696445158e+28
0.022	0.144	8.12161327640743e+28
0.0242	0.144	-9.64342417537035e+28
0.0264	0.144	3.96768734624958e+28
0.0286	0.144	8.20516493474884e+28
0.0308	0.144	-3.3572059098848e+29
0.033	0.144	8.95221393480205e+29
0.0352	0.144	-2.86664496216273e+30
0.0374	0.144	1.20280700367601e+31
0.0396	0.144	-6.111903928326e+31
0.0418	0.144	3.44029417467356e+32
0.044	0.144	-1.9634271689524e+33
0.0462	0.144	1.10573637818699e+34
0.0484	0.144	-6.0988895892851e+34
0.0506	0.144	3.28174860684151e+35
0.0528	0.144	-1.71610672734438e+36
0.055	0.144	8.68191895664254e+36
0.0572	0.144	-4.22611031161315e+37
0.0594	0.144	1.96599733140776e+38
0.0616	0.144	-8.66708889548513e+38
0.0638	0.144	3.58244156641816e+39
0.066	0.144	-1.36967245020023e+40
0.0682	0.144	4.76188546684924e+40
0.0704	0.144	-1.47507637577715e+41
0.0726	0.144	3.99138913478122e+41
0.0748	0.144	-9.40557429459571e+41
0.077	0.144	-1.69663919391939e+42
0.0792	0.144	-2.03408352450614e+42
0.0814	0.144	-2.89702270473917e+42
0.0836	0.144	-3.42691974965419e+42
0.0858	0.144	-4.43043801865759e+42
0.088	0.144	-5.23995681942914e+42
0.0902	0.144	-6.51599856160167e+42
0.0924	0.144	-6.95327300026181e+42
0.0946	0.144	-8.14677905620758e+42
0.0968	0.144	-9.28553275290442e+42
0.099	0.144	-1.07472197202545e+43
0.1012	0.144	-1.2183626731811e+43
0.1034	0.144	-1.39417178081402e+43
0.1056	0.144	-1.57581266474058e+43
0.1078	0.144	-1.77675202599181e+43
0.11	0.144	-1.99908359474591e+43
0	0.1472	-1.7293798472911e+27
0.0022	0.1472	-4.5349294312448e+26
0.0044	0.1472	4.07454519702487e+27
0.0066	0.1472	-2.47017907607171e+27
0.0088	0.1472	-2.7012246588235e+27
0.011	0.1472	9.39758470006935e+27
0.0132	0.1472	-1.11058448697477e+28
0.0154	0.1472	1.28980710682607e+28
0.0176	0.1472	-2.28075601921149e+28
0.0198	0.1472	2.04191829633252e+28
0.022	0.1472	-1.76795853801718e+28
0.0242	0.1472	1.92386827141952e+28
0.0264	0.1472	-6.7736203625809e+27
0.0286	0.1472	-2.13056590291079e+28
0.0308	0.1472	8.36224536905431e+28
0.033	0.1472	-2.49358589442654e+29
0.0352	0.1472	9.22053230909257e+29
0.0374	0.1472	-4.29523061322776e+30
0.0396	0.1472	2.27775786423534e+31
0.0418	0.1472	-1.27109862693592e+32
0.044	0.1472	7.08583136750714e+32
0.0462	0.1472	-3.88291289126279e+33
0.0484	0.1472	2.08021241125398e+34
0.0506	0.1472	-1.08552944557627e+35
0.0528	0.1472	5.49631521304877e+35
0.055	0.1472	-2.68789205838857e+36
0.0572	0.1472	1.26258528660135e+37
0.0594	0.1472	-5.65824288758728e+37
0.0616	0.1472	2.39909857453036e+38
0.0638	0.1472	-9.52470260638086e+38
0.066	0.1472	3.49533851689232e+39
0.0682	0.1472	-1.1671856346302e+40
0.0704	0.1472	3.48410365209012e+40
0.0726	0.1472	-9.15416551888158e+40
0.0748	0.1472	2.11612191089757e+41
0.077	0.1472	4.11835729737891e+41
0.0792	0.1472	5.03246703507097e+41
0.0814	0.1472	7.33533832874197e+41
0.0836	0.1472	8.78328458173401e+41
0.0858	0.1472	1.14829662863718e+42
0.088	0.1472	1.37009764892312e+42
0.0902	0.1472	1.71546081157592e+42
0.0924	0.1472	1.84425016298908e+42
0.0946	0.1472	2.17132044731694e+42
0.0968	0.1472	2.48857106311981e+42
0.099	0.1472	2.8913610777596e+42
0.1012	0.1472	3.29282967663633e+42
0.1034	0.1472	3.78011066268171e+42
0.1056	0.1472	4.28885577085902e+42
0.1078	0.1472	4.85045486788619e+42
0.11	0.1472	5.4750290743954e+42
0	0.1504	2.18324696279085e+27
0.0022	0.1504	5.82047338825096e+26
0.0044	0.1504	-7.98036943296037e+26
0.0066	0.1504	4.76792317198098e+26
0.0088	0.1504	6.58864772252629e+26
0.011	0.1504	-1.94007856615474e+27
0.0132	0.1504	2.39012474178472e+27
0.0154	0.1504	-2.87956002352414e+27
0.0176	0.1504	4.68526998522065e+27
0.0198	0.1504	-4.33522072010816e+27
0.022	0.1504	3.81270594255247e+27
0.0242	0.1504	-3.83187840590235e+27
0.0264	0.1504	1.02829944533814e+27
0.0286	0.1504	5.63554653137057e+27
0.0308	0.1504	-2.20156230053939e+28
0.033	0.1504	7.44442171242424e+28
0.0352	0.1504	-3.11215492246892e+29
0.0374	0.1504	1.54646753582747e+30
0.0396	0.1504	-8.31401327363915e+30
0.0418	0.1504	4.56626551700291e+31
0.044	0.1504	-2.48414749409638e+32
0.0462	0.1504	1.3250674085085e+33
0.0484	0.1504	-6.89985640161955e+33
0.0506	0.1504	3.49491002484971e+34
0.0528	0.1504	-1.71523063378141e+35
0.055	0.1504	8.11882489675587e+35
0.0572	0.1504	-3.68586575467184e+36
0.0594	0.1504	1.59420081785208e+37
0.0616	0.1504	-6.51539636292694e+37
0.0638	0.1504	2.49097507780917e+38
0.066	0.1504	-8.80071971693672e+38
0.0682	0.1504	2.83209490808321e+39
0.0704	0.1504	-8.17174821608452e+39
0.0726	0.1504	2.08608314309803e+40
0.0748	0.1504	-4.68928712239347e+40
0.077	0.1504	-9.98751348191863e+40
0.0792	0.1504	-1.24586226656369e+41
0.0814	0.1504	-1.85993141181988e+41
0.0836	0.1504	-2.25467962962337e+41
0.0858	0.1504	-2.98022694049187e+41
0.088	0.1504	-3.58669502643756e+41
0.0902	0.1504	-4.52045880366803e+41
0.0924	0.1504	-4.89466268789819e+41
0.0946	0.1504	-5.78932768165597e+41
0.0968	0.1504	-6.67026130952034e+41
0.099	0.1504	-7.77796316619659e+41
0.1012	0.1504	-8.89629021035633e+41
0.1034	0.1504	-1.02437941628057e+42
0.1056	0.1504	-1.16639873767052e+42
0.1078	0.1504	-1.32289725005107e+42
0.11	0.1504	-1.49776000229533e+42
0	0.1536	-4.47171882391846e+26
0.0022	0.1536	-1.24686053567608e+26
0.0044	0.1536	1.74016623852948e+26
0.0066	0.1536	-8.92891372910196e+25
0.0088	0.1536	-1.55081587563845e+26
0.011	0.1536	4.04471949978144e+26
0.0132	0.1536	-5.15498781697893e+26
0.0154	0.1536	6.36677972845069e+26
0.0176	0.1536	-9.69418416737535e+26
0.0198	0.1536	9.20612205888247e+26
0.022	0.1536	-8.17239592739359e+26
0.0242	0.1536	7.60460196979648e+26
0.0264	0.1536	-1.09668928919613e+26
0.0286	0.1536	-1.54965581180487e+27
0.0308	0.1536	6.21799758521585e+27
0.033	0.1536	-2.37742835220914e+28
0.0352	0.1536	1.08739022515196e+29
0.0374	0.1536	-5.58490167753743e+29
0.0396	0.1536	2.99378924017116e+30
0.0418	0.1536	-1.61149280956215e+31
0.044	0.1536	8.54849731213795e+31
0.0462	0.1536	-4.43812780127706e+32
0.0484	0.1536	2.24654859723184e+33
0.0506	0.1536	-1.10488219214905e+34
0.0528	0.1536	5.25879704097529e+34
0.055	0.1536	-2.41108189186145e+35
0.0572	0.1536	1.05898759295592e+36
0.0594	0.1536	-4.42627370781545e+36
0.0616	0.1536	1.74650956690738e+37
0.0638	0.1536	-6.44293464560959e+37
0.066	0.1536	2.19661112995518e+38
0.0682	0.1536	-6.82923793135107e+38
0.0704	0.1536	1.90868412300876e+39
0.0726	0.1536	-4.73274377173288e+39
0.0748	0.1536	1.02722591327375e+40
0.077	0.1536	2.43439514779468e+40
0.0792	0.1536	3.10385536520756e+40
0.0814	0.1536	4.74718653997393e+40
0.0836	0.1536	5.82636719801714e+40
0.0858	0.1536	7.78371477272209e+40
0.088	0.1536	9.44691603710096e+40
0.0902	0.1536	1.19806765591394e+41
0.0924	0.1536	1.30623054924603e+41
0.0946	0.1536	1.55168345713256e+41
0.0968	0.1536	1.79686275230378e+41
0.099	0.1536	2.10242524362336e+41
0.1012	0.1536	2.41462822164547e+41
0.1034	0.1536	2.78827326608919e+41
0.1056	0.1536	3.18554981708279e+41
0.1078	0.1536	3.62264810471458e+41
0.11	0.1536	4.1132455947683e+41
0	0.1568	9.28837240060618e+25
0.0022	0.1568	2.82326227971861e+25
0.0044	0.1568	-4.50297401633287e+25
0.0066	0.1568	1.83715037651309e+25
0.0088	0.1568	3.67611070173453e+25
0.011	0.1568	-8.81572742528576e+25
0.0132	0.1568	1.15723521444945e+26
0.0154	0.1568	-1.45595670621606e+26
0.0176	0.1568	2.09537139304953e+26
0.0198	0.1568	-2.03147863437104e+26
0.022	0.1568	1.80948214825491e+26
0.0242	0.1568	-1.54353723495837e+26
0.0264	0.1568	-1.12293155818708e+25
0.0286	0.1568	4.78019242927985e+26
0.0308	0.1568	-2.015826763255e+27
0.033	0.1568	8.58623742662507e+27
0.0352	0.1568	-4.16526714065306e+28
0.0374	0.1568	2.16375666509591e+29
0.0396	0.1568	-1.14446362293391e+30
0.0418	0.1568	6.0136952924306e+30
0.044	0.1568	-3.10337913489364e+31
0.0462	0.1568	1.56503237222421e+32
0.0484	0.1568	-7.6864424073158e+32
0.0506	0.1568	3.66384488973514e+33
0.0528	0.1568	-1.68827642231304e+34
0.055	0.1568	7.48575897194013e+34
0.0572	0.1568	-3.17640987372534e+35
0.0594	0.1568	1.28148880459002e+36
0.0616	0.1568	-4.87740642496165e+36
0.0638	0.1568	1.73511839101039e+37
0.066	0.1568	-5.7068386263323e+37
0.0682	0.1568	1.71390866105277e+38
0.0704	0.1568	-4.63776255240196e+38
0.0726	0.1568	1.11539104606446e+39
0.0748	0.1568	-2.33950992669029e+39
0.077	0.1568	-6.31939171467955e+39
0.0792	0.1568	-8.25080230675781e+39
0.0814	0.1568	-1.29254817973813e+40
0.0836	0.1568	-1.60647387803059e+40
0.0858	0.1568	-2.16788254500941e+40
0.088	0.1568	-2.65405261145819e+40
0.0902	0.1568	-3.38579547940792e+40
0.0924	0.1568	-3.71821388614121e+40
0.0946	0.1568	-4.43487267690542e+40
0.0968	0.1568	-5.16218728903209e+40
0.099	0.1568	-6.05972163548532e+40
0.1012	0.1568	-6.98929370525797e+40
0.1034	0.1568	-8.09364537211668e+40
0.1056	0.1568	-9.27892948466759e+40
0.1078	0.1568	-1.05803382128935e+41
0.11	0.1568	-1.20491573756344e+41
0	0.16	-3.48464498035728e+25
0.0022	0.16	-1.10784180978761e+25
0.0044	0.16	1.8195230176352e+25
0.0066	0.16	-5.69437726452039e+24
0.0088	0.16	-1.55240627428601e+25
0.011	0.16	3.53475118412718e+25
0.0132	0.16	-4.72379722147502e+25
0.0154	0.16	6.03752061349489e+25
0.0176	0.16	-8.36871821214008e+25
0.0198	0.16	8.22521438173929e+25
0.022	0.16	-7.31361535574065e+25
0.0242	0.16	5.72719864866335e+25
0.0264	0.16	2.08012238262514e+25
0.0286	0.16	-2.61174993618712e+26
0.0308	0.16	1.14416096013038e+27
0.033	0.16	-5.17259481019761e+27
0.0352	0.16	2.57439916776662e+28
0.0374	0.16	-1.33780287136366e+29
0.0396	0.16	6.99257064160882e+29
0.0418	0.16	-3.61183215918946e+30
0.044	0.16	1.82844803218979e+31
0.0462	0.16	-9.03490027431341e+31
0.0484	0.16	4.34345348073782e+32
0.0506	0.16	-2.02447665754135e+33
0.0528	0.16	9.11240483090062e+33
0.055	0.16	-3.94262563680459e+34
0.0572	0.16	1.63081651282491e+35
0.0594	0.16	-6.40756571332973e+35
0.0616	0.16	2.3731492749413e+36
0.0638	0.16	-8.21003731755192e+36
0.066	0.16	2.6244024331326e+37
0.0682	0.16	-7.64875833707362e+37
0.0704	0.16	1.9948383915697e+38
0.0726	0.16	-4.47343648101145e+38
0.0748	0.16	7.27174254411919e+38
0.077	0.16	2.72105220191475e+39
0.0792	0.16	3.70926354091476e+39
0.0814	0.16	6.07127108184401e+39
0.0836	0.16	7.68557272370871e+39
0.0858	0.16	1.05431973134121e+40
0.088	0.16	1.30494526134667e+40
0.0902	0.16	1.67952914524176e+40
0.0924	0.16	1.85719130775633e+40
0.0946	0.16	2.22737850108676e+40
0.0968	0.16	2.60693068907648e+40
0.099	0.16	3.07314898661214e+40
0.1012	0.16	3.55991536626476e+40
0.1034	0.16	4.1361877933184e+40
0.1056	0.16	4.75775209713826e+40
0.1078	0.16	5.44065001286855e+40
0.11	0.16	6.21238588000084e+40
