0	0	-415089992.3578
0.0022	0	31757380.8024344
0.0044	0	-148947114.125508
0.0066	0	1056487963.71168
0.0088	0	-2565831466.06085
0.011	0	1321157298.74418
0.0132	0	-1017864673.88397
0.0154	0	1252012230.92071
0.0176	0	-9933648089.35863
0.0198	0	8905072216.5733
0.022	0	-6588823168.09593
0.0242	0	7269671342.91236
0.0264	0	1077504938.95613
0.0286	0	-25911958211.4058
0.0308	0	61034808248.7841
0.033	0	-84613905708.7115
0.0352	0	119075630625.747
0.0374	0	-177636983228.019
0.0396	0	153048033702.601
0.0418	0	9100614118.91487
0.044	0	-470383954253.694
0.0462	0	1932767636140.64
0.0484	0	-6671963387354.96
0.0506	0	19857401431999.8
0.0528	0	-43787029974219.9
0.055	0	10281432507552
0.0572	0	646407900651377
0.0594	0	-5.16352019718383e+15
0.0616	0	2.9136246568861e+16
0.0638	0	-1.39168912901421e+17
0.066	0	5.88791928564302e+17
0.0682	0	-2.19868191982173e+18
0.0704	0	6.73816170115446e+18
0.0726	0	-1.09302839000886e+19
0.0748	0	-6.69251743486431e+19
0.077	0	-7.27314383793072e+19
0.0792	0	-9.30396684080197e+19
0.0814	0	-4.0850035070613e+20
0.0836	0	-2.03549945405972e+20
0.0858	0	-2.9556684900362e+20
0.088	0	-1.23294065163178e+21
0.0902	0	-3.90709467342111e+20
0.0924	0	5.87968408004272e+20
0.0946	0	5.12566276485366e+20
0.0968	0	3.34773069814229e+20
0.099	0	2.20584733958779e+20
0.1012	0	1.33218839213388e+20
0.1034	0	7.72820833920889e+19
0.1056	0	5.40552292170531e+19
0.1078	0	2.89606332899882e+19
0.11	0	2.58690057215964e+19
0	0.0032	-84838808.809719
0.0022	0.0032	-838447872.532266
0.0044	0.0032	153345434.168061
0.0066	0.0032	-2428545665.23777
0.0088	0.0032	6841420876.64353
0.011	0.0032	-3135932945.01168
0.0132	0.0032	2306838344.0023
0.0154	0.0032	-1257490520.43389
0.0176	0.0032	26257028772.89
0.0198	0.0032	-22131879170.3382
0.022	0.0032	15589256770.0827
0.0242	0.0032	-19789910277.2723
0.0264	0.0032	1120792767.28682
0.0286	0.0032	60867145170.3074
0.0308	0.0032	-151266525378.466
0.033	0.0032	204530553509.133
0.0352	0.0032	-286513430058.398
0.0374	0.0032	452400273616.033
0.0396	0.0032	-405961576024.127
0.0418	0.0032	48226853962.0432
0.044	0.0032	919019576010.947
0.0462	0.0032	-3986952520099.95
0.0484	0.0032	14474832639680.7
0.0506	0.0032	-46612110763117.7
0.0528	0.0032	122554603049156
0.055	0.0032	-176860254236440
0.0572	0.0032	-667841779845259
0.0594	0.0032	8.11075446886518e+15
0.0616	0.0032	-5.16435907837156e+16
0.0638	0.0032	2.65076305694467e+17
0.066	0.0032	-1.19736853738865e+18
0.0682	0.0032	4.88112686871862e+18
0.0704	0.0032	-1.77065166783861e+19
0.0726	0.0032	5.1639184859069e+19
0.0748	0.0032	-5.33198786060471e+19
0.077	0.0032	-3.27670964689346e+19
0.0792	0.0032	1.34598876641017e+19
0.0814	0.0032	6.46388531077538e+20
0.0836	0.0032	2.53290176825242e+20
0.0858	0.0032	4.40156362823227e+20
0.088	0.0032	2.3418847751357e+21
0.0902	0.0032	6.86225569469557e+20
0.0924	0.0032	-1.25798212483648e+21
0.0946	0.0032	-1.10313929711303e+21
0.0968	0.0032	-7.3800840028688e+20
0.099	0.0032	-4.97539977935098e+20
0.1012	0.0032	-3.06628728931933e+20
0.1034	0.0032	-1.8600123167356e+20
0.1056	0.0032	-1.22632765761942e+20
0.1078	0.0032	-7.45179562808107e+19
0.11	0.0032	-5.26820295522303e+19
0	0.0064	1094898735.06661
0.0022	0.0064	-2085171649.45822
0.0044	0.0064	804454529.539849
0.0066	0.0064	9349308002.42976
0.0088	0.0064	-34685716884.2961
0.011	0.0064	13381395560.9507
0.0132	0.0064	-9817143534.15405
0.0154	0.0064	-6214504727.64312
0.0176	0.0064	-130317079625.557
0.0198	0.0064	100705531745.869
0.022	0.0064	-65631105062.6673
0.0242	0.0064	99580230274.3935
0.0264	0.0064	-26283077074.4773
0.0286	0.0064	-258197269325.315
0.0308	0.0064	692197880835.968
0.033	0.0064	-903088087154.466
0.0352	0.0064	1248937956428.24
0.0374	0.0064	-2125860017620.29
0.0396	0.0064	1975610686591.07
0.0418	0.0064	-534449731980.913
0.044	0.0064	-3046751054920.27
0.0462	0.0064	14189953491426.6
0.0484	0.0064	-54505665663958
0.0506	0.0064	189904729538726
0.0528	0.0064	-574560991258880
0.055	0.0064	1.30412439714209e+15
0.0572	0.0064	-536753413137562
0.0594	0.0064	-1.7586300686417e+16
0.0616	0.0064	1.45031724681476e+17
0.0638	0.0064	-8.31387703067854e+17
0.066	0.0064	4.05870026866924e+18
0.0682	0.0064	-1.79761992602754e+19
0.0704	0.0064	7.45014750945834e+19
0.0726	0.0064	-2.94411192522507e+20
0.0748	0.0064	1.12897781446097e+21
0.077	0.0064	1.03793212618083e+21
0.0792	0.0064	8.6970280270695e+20
0.0814	0.0064	-1.37293528812355e+21
0.0836	0.0064	-3.64485649817592e+19
0.0858	0.0064	-7.10814145383106e+20
0.088	0.0064	-7.43436018687113e+21
0.0902	0.0064	-1.71946208831826e+21
0.0924	0.0064	5.04158387378459e+21
0.0946	0.0064	4.45295895530059e+21
0.0968	0.0064	3.11522947602729e+21
0.099	0.0064	2.22259764482823e+21
0.1012	0.0064	1.49807148937998e+21
0.1034	0.0064	1.03426923083371e+21
0.1056	0.0064	7.49509197415699e+20
0.1078	0.0064	5.24519834244457e+20
0.11	0.0064	3.64768552909262e+20
0	0.0096	906430510.967864
0.0022	0.0096	-688555673.28283
0.0044	0.0096	-4045577290.93791
0.0066	0.0096	23290536330.2599
0.0088	0.0096	-66098720851.0799
0.011	0.0096	-50445894820.0732
0.0132	0.0096	48266216446.4981
0.0154	0.0096	95549131288.6586
0.0176	0.0096	676736426603.266
0.0198	0.0096	-474972653149.742
0.022	0.0096	278761135624.952
0.0242	0.0096	-513705208755.042
0.0264	0.0096	223151718532.448
0.0286	0.0096	1131603216880.54
0.0308	0.0096	-3317124827133.24
0.033	0.0096	4152776308567.98
0.0352	0.0096	-5608453713001.85
0.0374	0.0096	10378451857385.4
0.0396	0.0096	-9848270010673.13
0.0418	0.0096	3593591162945.94
0.044	0.0096	10429245458365.9
0.0462	0.0096	-52028006572413.2
0.0484	0.0096	209243441019922
0.0506	0.0096	-773424241627768
0.0528	0.0096	2.55902401711712e+15
0.055	0.0096	-7.02049693695917e+15
0.0572	0.0096	1.17668752556476e+16
0.0594	0.0096	2.60263642055829e+16
0.0616	0.0096	-3.96386701867795e+17
0.0638	0.0096	2.62525917426159e+18
0.066	0.0096	-1.37481172469435e+19
0.0682	0.0096	6.36505723773227e+19
0.0704	0.0096	-2.72765917527429e+20
0.0726	0.0096	1.10783678285957e+21
0.0748	0.0096	-4.30077048395324e+21
0.077	0.0096	-4.01021050708186e+21
0.0792	0.0096	-3.39980940397831e+21
0.0814	0.0096	4.90731834537373e+21
0.0836	0.0096	-1.12529327046022e+19
0.0858	0.0096	2.44817804724079e+21
0.088	0.0096	2.7538853658843e+22
0.0902	0.0096	6.44690523452749e+21
0.0924	0.0096	-1.87191313618626e+22
0.0946	0.0096	-1.66464703777217e+22
0.0968	0.0096	-1.17626013585936e+22
0.099	0.0096	-8.49749874603674e+21
0.1012	0.0096	-5.81805725921498e+21
0.1034	0.0096	-4.09419872195494e+21
0.1056	0.0096	-3.04174144267175e+21
0.1078	0.0096	-2.18321808944321e+21
0.11	0.0096	-1.5602539198521e+21
0	0.0128	450419350.847216
0.0022	0.0128	653495276.802786
0.0044	0.0128	-7731022678.4562
0.0066	0.0128	29176555128.28
0.0088	0.0128	-69835667942.6338
0.011	0.0128	-77159802232.7478
0.0132	0.0128	-273610278716.612
0.0154	0.0128	-844563658272.907
0.0176	0.0128	-3564012872737.08
0.0198	0.0128	2238313021025.75
0.022	0.0128	-1128491701894.24
0.0242	0.0128	2637599317196
0.0264	0.0128	-1545398800277.7
0.0286	0.0128	-4892165047424.27
0.0308	0.0128	16043350887052.6
0.033	0.0128	-19131783171649.7
0.0352	0.0128	24841519553441.2
0.0374	0.0128	-50844137152991.4
0.0396	0.0128	48807157382491.2
0.0418	0.0128	-20821405778698.7
0.044	0.0128	-34868936575879.2
0.0462	0.0128	186893640834816
0.0484	0.0128	-783743964379955
0.0506	0.0128	3.04911183644418e+15
0.0528	0.0128	-1.08139253934686e+16
0.055	0.0128	3.33843749883493e+16
0.0572	0.0128	-7.85229508035159e+16
0.0594	0.0128	5.00894837352167e+16
0.0616	0.0128	9.1773064982794e+17
0.0638	0.0128	-7.85973676792503e+18
0.066	0.0128	4.51973411499898e+19
0.0682	0.0128	-2.19713545784177e+20
0.0704	0.0128	9.70387717214865e+20
0.0726	0.0128	-4.03365910307462e+21
0.0748	0.0128	1.60141261470399e+22
0.077	0.0128	1.51068508942186e+22
0.0792	0.0128	1.28580420203857e+22
0.0814	0.0128	-1.8055682468461e+22
0.0836	0.0128	7.13213184303117e+19
0.0858	0.0128	-8.97103052293006e+21
0.088	0.0128	-1.03033422799902e+23
0.0902	0.0128	-2.4838764090644e+22
0.0924	0.0128	6.92859147856558e+22
0.0946	0.0128	6.1980370962506e+22
0.0968	0.0128	4.40775841835785e+22
0.099	0.0128	3.21216344919339e+22
0.1012	0.0128	2.22669735328541e+22
0.1034	0.0128	1.59407736792862e+22
0.1056	0.0128	1.20844546900361e+22
0.1078	0.0128	8.93125973408911e+21
0.11	0.0128	6.63384310846654e+21
0	0.016	-437539351.162338
0.0022	0.016	2570749466.92331
0.0044	0.016	-11352599163.3159
0.0066	0.016	35260245146.0896
0.0088	0.016	-73145009067.0913
0.011	0.016	-111596341456.015
0.0132	0.016	-202371737548.217
0.0154	0.016	-1281846785004
0.0176	0.016	19111004271738.8
0.0198	0.016	-10535012497806.5
0.022	0.016	4196051824188.2
0.0242	0.016	-13492323311621.1
0.0264	0.016	9741029735114
0.0286	0.016	20657689299743.7
0.0308	0.016	-78252563456410.8
0.033	0.016	88234436685822.6
0.0352	0.016	-107663132536133
0.0374	0.016	249862610808949
0.0396	0.016	-240692170111124
0.0418	0.016	111949782010845
0.044	0.016	113727763924212
0.0462	0.016	-655566241505830
0.0484	0.016	2.85953953278173e+15
0.0506	0.016	-1.1661111378696e+16
0.0528	0.016	4.38613482120981e+16
0.055	0.016	-1.47610357093531e+17
0.0572	0.016	4.13508308955252e+17
0.0594	0.016	-7.30191058935923e+17
0.0616	0.016	-1.25869575220729e+18
0.0638	0.016	2.16059121461183e+19
0.066	0.016	-1.43719703955994e+20
0.0682	0.016	7.45479165344086e+20
0.0704	0.016	-3.4142010828205e+21
0.0726	0.016	1.45659811741181e+22
0.0748	0.016	-5.92343375803718e+22
0.077	0.016	-5.65500950169823e+22
0.0792	0.016	-4.8288353962735e+22
0.0814	0.016	6.67725917182256e+22
0.0836	0.016	-1.12233801593492e+20
0.0858	0.016	3.30730939033669e+22
0.088	0.016	3.85744846867658e+23
0.0902	0.016	9.5780019479236e+22
0.0924	0.016	-2.56339927471365e+23
0.0946	0.016	-2.30628532335819e+23
0.0968	0.016	-1.6494325520339e+23
0.099	0.016	-1.21110684633241e+23
0.1012	0.016	-8.48502836867989e+22
0.1034	0.016	-6.15972251274686e+22
0.1056	0.016	-4.74310053738115e+22
0.1078	0.016	-3.5864544256433e+22
0.11	0.016	-2.73836000849886e+22
0	0.0192	159115994.833688
0.0022	0.0192	1566443822.06969
0.0044	0.0192	-7685218354.54666
0.0066	0.0192	18378109436.8012
0.0088	0.0192	-10307588177.0078
0.011	0.0192	-327686801087.77
0.0132	0.0192	396302295427.714
0.0154	0.0192	-3141122502265.11
0.0176	0.0192	25777793358147.2
0.0198	0.0192	46029443840512.8
0.022	0.0192	-12970277386116.3
0.0242	0.0192	68804030598162.3
0.0264	0.0192	-58016780199190
0.0286	0.0192	-84030027543121
0.0308	0.0192	385210531217171
0.033	0.0192	-407985325311612
0.0352	0.0192	451914694036588
0.0374	0.0192	-1.23307632914114e+15
0.0396	0.0192	1.18285903400851e+15
0.0418	0.0192	-575744827539704
0.044	0.0192	-365786030603559
0.0462	0.0192	2.2440102056349e+15
0.0484	0.0192	-1.01611153821988e+16
0.0506	0.0192	4.33452881088237e+16
0.0528	0.0192	-1.71859002722825e+17
0.055	0.0192	6.20013755746094e+17
0.0572	0.0192	-1.94823236316641e+18
0.0594	0.0192	4.6891702483507e+18
0.0616	0.0192	-3.5618431444413e+18
0.0638	0.0192	-4.99963117613878e+19
0.066	0.0192	4.34635604747465e+20
0.0682	0.0192	-2.47055898063134e+21
0.0704	0.0192	1.18258116443034e+22
0.0726	0.0192	-5.19136388565294e+22
0.0748	0.0192	2.17734944256757e+23
0.077	0.0192	2.10308311703879e+23
0.0792	0.0192	1.79906451745679e+23
0.0814	0.0192	-2.48429095843717e+23
0.0836	0.0192	-1.74320002594056e+21
0.0858	0.0192	-1.23605175597102e+23
0.088	0.0192	-1.44588899204441e+24
0.0902	0.0192	-3.70753584951098e+23
0.0924	0.0192	9.46473719454584e+23
0.0946	0.0192	8.56207385699152e+23
0.0968	0.0192	6.15249312502294e+23
0.099	0.0192	4.54688011691386e+23
0.1012	0.0192	3.21385975803355e+23
0.1034	0.0192	2.36045620098838e+23
0.1056	0.0192	1.84163245603645e+23
0.1078	0.0192	1.41745383792214e+23
0.11	0.0192	1.10559123715628e+23
0	0.0224	-297307475.987541
0.0022	0.0224	2345910613.86259
0.0044	0.0224	-9346793828.7808
0.0066	0.0224	20884898742.4695
0.0088	0.0224	-10578556491.358
0.011	0.0224	-348764648113.936
0.0132	0.0224	311834248297.878
0.0154	0.0224	-2848730777474.98
0.0176	0.0224	23670987550669.5
0.0198	0.0224	59877958197956.1
0.022	0.0224	17200909770805.9
0.0242	0.0224	-350317164682377
0.0264	0.0224	332797797850162
0.0286	0.0224	320511639625040
0.0308	0.0224	-1.91502945162278e+15
0.033	0.0224	1.8956589700328e+15
0.0352	0.0224	-1.80349444049728e+15
0.0374	0.0224	6.11809327706853e+15
0.0396	0.0224	-5.79861494893051e+15
0.0418	0.0224	2.87805564462585e+15
0.044	0.0224	1.1953690999884e+15
0.0462	0.0224	-7.48917139072891e+15
0.0484	0.0224	3.51285304085897e+16
0.0506	0.0224	-1.56680737374982e+17
0.0528	0.0224	6.52686194987979e+17
0.055	0.0224	-2.50020313158272e+18
0.0572	0.0224	8.56666998431151e+18
0.0594	0.0224	-2.44031706016534e+19
0.0616	0.0224	4.42550596566299e+19
0.0638	0.0224	6.6369725306208e+19
0.066	0.0224	-1.2116304649737e+21
0.0682	0.0224	7.94354845929203e+21
0.0704	0.0224	-4.02268659818604e+22
0.0726	0.0224	1.81685514593886e+23
0.0748	0.0224	-7.86242246074455e+23
0.077	0.0224	-7.68425046545859e+23
0.0792	0.0224	-6.56780375164301e+23
0.0814	0.0224	9.37449481834371e+23
0.0836	0.0224	2.75690321160762e+22
0.0858	0.0224	4.74749400398831e+23
0.088	0.0224	5.43216049266152e+24
0.0902	0.0224	1.4459242064924e+24
0.0924	0.0224	-3.48157705731234e+24
0.0946	0.0224	-3.16606021646663e+24
0.0968	0.0224	-2.28259875335751e+24
0.099	0.0224	-1.69487098825522e+24
0.1012	0.0224	-1.20527722732971e+24
0.1034	0.0224	-8.92368617718141e+23
0.1056	0.0224	-7.02699493782655e+23
0.1078	0.0224	-5.47464095105455e+23
0.11	0.0224	-4.33183397213471e+23
0	0.0256	-1715136725.87013
0.0022	0.0256	2770251583.209
0.0044	0.0256	-6886750533.07886
0.0066	0.0256	6756535479.42332
0.0088	0.0256	42166440271.5093
0.011	0.0256	-519310212402.4
0.0132	0.0256	727678644285.503
0.0154	0.0256	-4065133111297.33
0.0176	0.0256	28068978883355.9
0.0198	0.0256	55108498829141.7
0.022	0.0256	40502289652760.6
0.0242	0.0256	-433602580399435
0.0264	0.0256	-1.8041172831167e+15
0.0286	0.0256	-1.07650367508543e+15
0.0308	0.0256	9.61861126225734e+15
0.033	0.0256	-8.87852767776804e+15
0.0352	0.0256	6.58200945670605e+15
0.0374	0.0256	-3.05564054614226e+16
0.0396	0.0256	2.83701032130787e+16
0.0418	0.0256	-1.41222774860096e+16
0.044	0.0256	-4.22167617045058e+15
0.0462	0.0256	2.43363167300238e+16
0.0484	0.0256	-1.17904945895625e+17
0.0506	0.0256	5.50416662301139e+17
0.0528	0.0256	-2.40600377757532e+18
0.055	0.0256	9.73137386151748e+18
0.0572	0.0256	-3.58168506202364e+19
0.0594	0.0256	1.14431163795731e+20
0.0616	0.0256	-2.78832846167774e+20
0.0638	0.0256	2.19122775381696e+20
0.066	0.0256	2.87658979688996e+21
0.0682	0.0256	-2.45071301325472e+22
0.0704	0.0256	1.34276548258888e+23
0.0726	0.0256	-6.232611395406e+23
0.0748	0.0256	2.77330970587491e+24
0.077	0.0256	2.74403664605154e+24
0.0792	0.0256	2.33422059771399e+24
0.0814	0.0256	-3.59887950052038e+24
0.0836	0.0256	-2.43197263516632e+23
0.0858	0.0256	-1.88344623387074e+24
0.088	0.0256	-2.04689165598232e+25
0.0902	0.0256	-5.69065460668154e+24
0.0924	0.0256	1.27413225990213e+25
0.0946	0.0256	1.1643204717081e+25
0.0968	0.0256	8.40520296923816e+24
0.099	0.0256	6.25506798878251e+24
0.1012	0.0256	4.4578692996142e+24
0.1034	0.0256	3.31162987308779e+24
0.1056	0.0256	2.6193389308837e+24
0.1078	0.0256	2.05238141769366e+24
0.11	0.0256	1.63469126229783e+24
0	0.0288	1061723376.29752
0.0022	0.0288	-778903428.984743
0.0044	0.0288	-742784918.96658
0.0066	0.0288	-7450827880.08659
0.0088	0.0288	76420809235.4615
0.011	0.0288	-609143682241.416
0.0132	0.0288	754332992302.364
0.0154	0.0288	-3960907357355.23
0.0176	0.0288	26220608970177.9
0.0198	0.0288	69452532848136.2
0.022	0.0288	12540497124193.4
0.0242	0.0288	-338963748596467
0.0264	0.0288	-2.24183778952664e+15
0.0286	0.0288	2.80818721562583e+15
0.0308	0.0288	-4.88209274594927e+16
0.033	0.0288	4.20874751487286e+16
0.0352	0.0288	-1.97474845799713e+16
0.0374	0.0288	1.53807900853783e+17
0.0396	0.0288	-1.38540236512628e+17
0.0418	0.0288	6.84817149083933e+16
0.044	0.0288	1.74725913358418e+16
0.0462	0.0288	-7.68349671144363e+16
0.0484	0.0288	3.82851084824684e+17
0.0506	0.0288	-1.87584895974054e+18
0.0528	0.0288	8.60965834821933e+18
0.055	0.0288	-3.66491463103358e+19
0.0572	0.0288	1.43677121594612e+20
0.0594	0.0288	-5.01891289777106e+20
0.0616	0.0288	1.44657704378481e+21
0.0638	0.0288	-2.60948751292019e+21
0.066	0.0288	-4.14947190832655e+21
0.0682	0.0288	7.09228754532224e+22
0.0704	0.0288	-4.3984845079283e+23
0.0726	0.0288	2.09393568883886e+24
0.0748	0.0288	-9.40861135345966e+24
0.077	0.0288	-9.43880869901917e+24
0.0792	0.0288	-7.93462178683772e+24
0.0814	0.0288	1.41446377717913e+25
0.0836	0.0288	1.77051925231638e+24
0.0858	0.0288	7.7849186695988e+24
0.088	0.0288	7.74610272631911e+25
0.0902	0.0288	2.26786161621249e+25
0.0924	0.0288	-4.62649882916761e+25
0.0946	0.0288	-4.24614753898906e+25
0.0968	0.0288	-3.05976687914544e+25
0.099	0.0288	-2.27358619478625e+25
0.1012	0.0288	-1.61422555838013e+25
0.1034	0.0288	-1.19470025943453e+25
0.1056	0.0288	-9.42389855745773e+24
0.1078	0.0288	-7.3569784386702e+24
0.11	0.0288	-5.83396773147451e+24
0	0.032	-1249919863.22563
0.0022	0.032	2485518685.51437
0.0044	0.032	-6566947739.64894
0.0066	0.032	4078995029.45799
0.0088	0.032	48076007455.1847
0.011	0.032	-511833454463.899
0.0132	0.032	263977351793.208
0.0154	0.032	-2254017370361.39
0.0176	0.032	21097109679117.9
0.0198	0.032	96002468014898
0.022	0.032	-63337352088969.2
0.0242	0.032	-96619519618980
0.0264	0.032	-3.17981255873924e+15
0.0286	0.032	6.12792567481817e+15
0.0308	0.032	-6.18756092930817e+16
0.033	0.032	-1.95753728527193e+17
0.0352	0.032	2.6563886607443e+16
0.0374	0.032	-7.81223712750581e+17
0.0396	0.032	6.75008576388088e+17
0.0418	0.032	-3.29860587935216e+17
0.044	0.032	-8.76376121209096e+16
0.0462	0.032	2.34727902883658e+17
0.0484	0.032	-1.19596338824294e+18
0.0506	0.032	6.18218030243446e+18
0.0528	0.032	-2.98783152582367e+19
0.055	0.032	1.33623234331173e+20
0.0572	0.032	-5.55294554317161e+20
0.0594	0.032	2.09278702865865e+21
0.0616	0.032	-6.79226884171564e+21
0.0638	0.032	1.65068269031834e+22
0.066	0.032	-1.09347954815181e+22
0.0682	0.032	-1.82000756758929e+23
0.0704	0.032	1.41666508067351e+24
0.0726	0.032	-6.93632806689822e+24
0.0748	0.032	2.97525545856618e+25
0.077	0.032	3.03845407617553e+25
0.0792	0.032	2.48611330399667e+25
0.0814	0.032	-5.73017722501291e+25
0.0836	0.032	-1.1681391445884e+25
0.0858	0.032	-3.37298119137121e+25
0.088	0.032	-2.94939934869072e+26
0.0902	0.032	-9.18867871002197e+25
0.0924	0.032	1.65976030273261e+26
0.0946	0.032	1.52872223060523e+26
0.0968	0.032	1.09416201100308e+26
0.099	0.032	8.06836024036748e+25
0.1012	0.032	5.65041002594768e+25
0.1034	0.032	4.11610980587291e+25
0.1056	0.032	3.19778978451381e+25
0.1078	0.032	2.44548330696186e+25
0.11	0.032	1.89132952704913e+25
0	0.0352	1380056964.64502
0.0022	0.0352	-2170713153.3825
0.0044	0.0352	4646049985.56537
0.0066	0.0352	-24550458877.1083
0.0088	0.0352	121467591307.274
0.011	0.0352	-717497517840.263
0.0132	0.0352	643215379395.962
0.0154	0.0352	-3405993704442.56
0.0176	0.0352	23828272684155.9
0.0198	0.0352	94100860531350
0.022	0.0352	-28691768338998.7
0.0242	0.0352	-233116451017633
0.0264	0.0352	-2.76981224119206e+15
0.0286	0.0352	3.59456986624764e+15
0.0308	0.0352	-5.12176682027559e+16
0.033	0.0352	-2.56185637799407e+17
0.0352	0.0352	2.91292580124566e+17
0.0374	0.0352	4.00829350297485e+18
0.0396	0.0352	-3.27862415855386e+18
0.0418	0.0352	1.58505953335517e+18
0.044	0.0352	5.05668796600436e+17
0.0462	0.0352	-6.8693467533338e+17
0.0484	0.0352	3.56147847740013e+18
0.0506	0.0352	-1.9596659068652e+19
0.0528	0.0352	1.00367577896338e+20
0.055	0.0352	-4.71252805484066e+20
0.0572	0.0352	2.07034865586315e+21
0.0594	0.0352	-8.35735909189641e+21
0.0616	0.0352	2.98484553324039e+22
0.0638	0.0352	-8.65403216453083e+22
0.066	0.0352	1.47062729878708e+23
0.0682	0.0352	3.37389878073232e+23
0.0704	0.0352	-4.49634537818872e+24
0.0726	0.0352	2.32925866329492e+25
0.0748	0.0352	-8.08480716383185e+25
0.077	0.0352	-8.51254247687409e+25
0.0792	0.0352	-6.48192337128954e+25
0.0814	0.0352	2.4093687388076e+26
0.0836	0.0352	7.27944320641996e+25
0.0858	0.0352	1.53617010559143e+26
0.088	0.0352	1.13287599999583e+27
0.0902	0.0352	3.80350768772959e+26
0.0924	0.0352	-5.84034795488109e+26
0.0946	0.0352	-5.39157851181476e+26
0.0968	0.0352	-3.80016686321153e+26
0.099	0.0352	-2.75047299989718e+26
0.1012	0.0352	-1.86410293178967e+26
0.1034	0.0352	-1.30331859149574e+26
0.1056	0.0352	-9.69462979883265e+25
0.1078	0.0352	-6.96014242970139e+25
0.11	0.0352	-4.94744649139992e+25
0	0.0384	1013354630.31184
0.0022	0.0384	902062480.699735
0.0044	0.0384	-5630325118.65165
0.0066	0.0384	5281282474.09879
0.0088	0.0384	28547488507.4629
0.011	0.0384	-399253009295.018
0.0132	0.0384	-602272753674.331
0.0154	0.0384	705580422948.357
0.0176	0.0384	10910835584356.8
0.0198	0.0384	146309551705262
0.022	0.0384	-185096986587178
0.0242	0.0384	275367415409634
0.0264	0.0384	-4.61728469614161e+15
0.0286	0.0384	1.02038841952181e+16
0.0308	0.0384	-7.66529704738351e+16
0.033	0.0384	-1.84500224541202e+17
0.0352	0.0384	-1.0902390745602e+16
0.0374	0.0384	5.58995892992934e+18
0.0396	0.0384	1.52430561819917e+19
0.0418	0.0384	-7.61510622164527e+18
0.044	0.0384	-3.10721775907529e+18
0.0462	0.0384	1.86936910109133e+18
0.0484	0.0384	-9.95233156619569e+18
0.0506	0.0384	5.91871610282118e+19
0.0528	0.0384	-3.25467205186017e+20
0.055	0.0384	1.60434249070629e+21
0.0572	0.0384	-7.440854255606e+21
0.0594	0.0384	3.20432801627208e+22
0.0616	0.0384	-1.24467612697598e+23
0.0638	0.0384	4.11065434111401e+23
0.066	0.0384	-9.74677339030503e+23
0.0682	0.0384	2.20269059438737e+23
0.0704	0.0384	1.39419434944388e+25
0.0726	0.0384	-8.51355335191388e+25
0.0748	0.0384	1.32382530065738e+26
0.077	0.0384	1.55356113927723e+26
0.0792	0.0384	8.05340065373765e+25
0.0814	0.0384	-1.0573839729983e+27
0.0836	0.0384	-4.3792006357852e+26
0.0858	0.0384	-7.34240285135489e+26
0.088	0.0384	-4.40549430498236e+27
0.0902	0.0384	-1.61703868275497e+27
0.0924	0.0384	1.98934799896187e+27
0.0946	0.0384	1.83666155279848e+27
0.0968	0.0384	1.25393297793695e+27
0.099	0.0384	8.70535200211419e+26
0.1012	0.0384	5.45672267322826e+26
0.1034	0.0384	3.4077992595653e+26
0.1056	0.0384	2.19497845033001e+26
0.1078	0.0384	1.20194126009499e+26
0.11	0.0384	4.71808724699647e+25
0	0.0416	-2543168949.54441
0.0022	0.0416	3926246764.5809
0.0044	0.0416	-4893430091.70904
0.0066	0.0416	-3722518593.14739
0.0088	0.0416	58427784360.1475
0.011	0.0416	-508320202077.341
0.0132	0.0416	-433988300642.245
0.0154	0.0416	-183026022406.095
0.0176	0.0416	14020832511074
0.0198	0.0416	140093717005175
0.022	0.0416	-122032167615984
0.0242	0.0416	8980336339558
0.0264	0.0416	-3.66818050048568e+15
0.0286	0.0416	5.28780865511378e+15
0.0308	0.0416	-5.57481373059642e+16
0.033	0.0416	-2.90289308273023e+17
0.0352	0.0416	2.91888781691615e+17
0.0374	0.0416	4.41892838513177e+18
0.0396	0.0416	2.26670782225103e+19
0.0418	0.0416	3.48786148395895e+19
0.044	0.0416	1.9394516041544e+19
0.0462	0.0416	-4.2408991887241e+18
0.0484	0.0416	2.53302887846051e+19
0.0506	0.0416	-1.67235149227087e+20
0.0528	0.0416	1.01513861313078e+21
0.055	0.0416	-5.25606521860329e+21
0.0572	0.0416	2.57187068142654e+22
0.0594	0.0416	-1.1789592520778e+23
0.0616	0.0416	4.94918602743258e+23
0.0638	0.0416	-1.8228866343359e+24
0.066	0.0416	5.30903074014748e+24
0.0682	0.0416	-7.5215716932501e+24
0.0704	0.0416	-4.1315161840589e+25
0.0726	0.0416	4.51056567346823e+26
0.0748	0.0416	-2.59350111804544e+27
0.077	0.0416	-2.64733351201142e+27
0.0792	0.0416	-2.2110303793082e+27
0.0814	0.0416	4.6822720918934e+27
0.0836	0.0416	8.80570463622327e+26
0.0858	0.0416	2.84783146508699e+27
0.088	0.0416	2.59869430160989e+28
0.0902	0.0416	8.08824153326696e+27
0.0924	0.0416	-1.53102017528944e+28
0.0946	0.0416	-1.42263584176836e+28
0.0968	0.0416	-1.02533303644165e+28
0.099	0.0416	-7.57946269148478e+27
0.1012	0.0416	-5.28058453993864e+27
0.1034	0.0416	-3.79530746723454e+27
0.1056	0.0416	-2.89310638319177e+27
0.1078	0.0416	-2.13679274352221e+27
0.11	0.0416	-1.57041329114054e+27
0	0.0448	477424808.529336
0.0022	0.0448	-1923351813.54543
0.0044	0.0448	5119559397.57397
0.0066	0.0448	-24375451136.7482
0.0088	0.0448	100522935675.322
0.011	0.0448	-578524983408.088
0.0132	0.0448	-517080390200.633
0.0154	0.0448	154971119611.171
0.0176	0.0448	13480238242913
0.0198	0.0448	151471072411967
0.022	0.0448	-137528489391166
0.0242	0.0448	42244028414383.1
0.0264	0.0448	-3.90258933073234e+15
0.0286	0.0448	5.93140876844004e+15
0.0308	0.0448	-5.9314893051603e+16
0.033	0.0448	-2.99354084869241e+17
0.0352	0.0448	2.66804368046928e+17
0.0374	0.0448	5.00863396693679e+18
0.0396	0.0448	2.3467467564684e+19
0.0418	0.0448	4.35506899368316e+19
0.044	0.0448	3.12994595634716e+19
0.0462	0.0448	-1.81074580774906e+17
0.0484	0.0448	-5.49010622802819e+19
0.0506	0.0448	4.23711205317869e+20
0.0528	0.0448	-3.03172825232654e+21
0.055	0.0448	1.65013815943562e+22
0.0572	0.0448	-8.51745681395254e+22
0.0594	0.0448	4.1511081441593e+23
0.0616	0.0448	-1.87620151961049e+24
0.0638	0.0448	7.62278088886246e+24
0.066	0.0448	-2.60957626723616e+25
0.0682	0.0448	6.17882345126371e+25
0.0704	0.0448	1.90197191022814e+25
0.0726	0.0448	-1.32707230802349e+27
0.0748	0.0448	9.53223999507894e+27
0.077	0.0448	1.00196632680348e+28
0.0792	0.0448	8.31753988887434e+27
0.0814	0.0448	-1.92803150444812e+28
0.0836	0.0448	-4.37131859607525e+27
0.0858	0.0448	-1.20933781718784e+28
0.088	0.0448	-1.06178096951335e+29
0.0902	0.0448	-3.5145294453135e+28
0.0924	0.0448	5.9625016923239e+28
0.0946	0.0448	5.61560484711382e+28
0.0968	0.0448	4.08080564367952e+28
0.099	0.0448	3.05150515799356e+28
0.1012	0.0448	2.1572312369219e+28
0.1034	0.0448	1.58090328341149e+28
0.1056	0.0448	1.23261817506147e+28
0.1078	0.0448	9.39040058162143e+27
0.11	0.0448	7.17482075692727e+27
0	0.048	-435806404.127442
0.0022	0.048	614025896.399286
0.0044	0.048	3027288254.64719
0.0066	0.048	-16837775888.4672
0.0088	0.048	65461165156.269
0.011	0.048	-464572157302.238
0.0132	0.048	-1095368307353.49
0.0154	0.048	1596886480967.23
0.0176	0.048	9183140715333.89
0.0198	0.048	169898614305491
0.022	0.048	-152525154111502
0.0242	0.048	37858376173378.9
0.0264	0.048	-3.86826955999074e+15
0.0286	0.048	4.42216023766457e+15
0.0308	0.048	-5.15735748870053e+16
0.033	0.048	-3.54860280921351e+17
0.0352	0.048	3.56330807340466e+17
0.0374	0.048	4.72947610724391e+18
0.0396	0.048	2.76633383511725e+19
0.0418	0.048	4.52822516695321e+19
0.044	0.048	3.86666689972041e+19
0.0462	0.048	-7.09707346255732e+18
0.0484	0.048	8.65398937559907e+19
0.0506	0.048	-8.41724163144238e+20
0.0528	0.048	8.62434117262507e+21
0.055	0.048	-4.93763431108626e+22
0.0572	0.048	2.68912568661435e+23
0.0594	0.048	-1.39240104715856e+24
0.0616	0.048	6.75509837091063e+24
0.0638	0.048	-2.99825603057455e+25
0.066	0.048	1.16506902385621e+26
0.0682	0.048	-3.56766881918396e+26
0.0704	0.048	5.33817500534127e+26
0.0726	0.048	2.87247444075128e+27
0.0748	0.048	-3.15995294729971e+28
0.077	0.048	-3.48532713903128e+28
0.0792	0.048	-2.83533867396276e+28
0.0814	0.048	8.00688015437406e+28
0.0836	0.048	2.30238154030608e+28
0.0858	0.048	5.25180525429504e+28
0.088	0.048	4.2827156070514e+29
0.0902	0.048	1.53101167549219e+29
0.0924	0.048	-2.23021394121514e+29
0.0946	0.048	-2.13609739567322e+29
0.0968	0.048	-1.56319872224403e+29
0.099	0.048	-1.18145135345931e+29
0.1012	0.048	-8.45567688379494e+28
0.1034	0.048	-6.30300760401417e+28
0.1056	0.048	-5.01487750390676e+28
0.1078	0.048	-3.92358994022026e+28
0.11	0.048	-3.09372780870547e+28
0	0.0512	-989832385.387628
0.0022	0.0512	-2123589504.70206
0.0044	0.0512	7060339667.47543
0.0066	0.0512	-21438592287.5036
0.0088	0.0512	60782263748.7752
0.011	0.0512	-404396482572.079
0.0132	0.0512	-1554224858490.59
0.0154	0.0512	2849661782542.05
0.0176	0.0512	6309571629471.17
0.0198	0.0512	187654849398306
0.022	0.0512	-180922468501740
0.0242	0.0512	105548360567385
0.0264	0.0512	-4.2150330729002e+15
0.0286	0.0512	5.41051683074977e+15
0.0308	0.0512	-5.6631298189511e+16
0.033	0.0512	-3.57831094419886e+17
0.0352	0.0512	2.82794126708782e+17
0.0374	0.0512	5.54306164572689e+18
0.0396	0.0512	2.7829612982679e+19
0.0418	0.0512	6.04736947934423e+19
0.044	0.0512	3.00757766099114e+19
0.0462	0.0512	7.1240442060897e+19
0.0484	0.0512	-2.6874429778656e+20
0.0506	0.0512	2.56956726574846e+21
0.0528	0.0512	-2.33017248342085e+22
0.055	0.0512	1.39840499160587e+23
0.0572	0.0512	-8.04201122068216e+23
0.0594	0.0512	4.42514125463498e+24
0.0616	0.0512	-2.30148273694799e+25
0.0638	0.0512	1.11010265097092e+26
0.066	0.0512	-4.80768346010609e+26
0.0682	0.0512	1.74970798783856e+27
0.0704	0.0512	-4.39559938931023e+27
0.0726	0.0512	-9.90075943480722e+26
0.0748	0.0512	9.45276815336144e+28
0.077	0.0512	1.13130248373153e+29
0.0792	0.0512	8.82136628527855e+28
0.0814	0.0512	-3.39764530946827e+29
0.0836	0.0512	-1.21505586010847e+29
0.0858	0.0512	-2.34393543807889e+29
0.088	0.0512	-1.74429634644409e+30
0.0902	0.0512	-6.76456706330411e+29
0.0924	0.0512	8.23589881601931e+29
0.0946	0.0512	8.04842464193545e+29
0.0968	0.0512	5.92094307354722e+29
0.099	0.0512	4.51608983869599e+29
0.1012	0.0512	3.26134610528536e+29
0.1034	0.0512	2.46409088470866e+29
0.1056	0.0512	1.99432475854564e+29
0.1078	0.0512	1.59455088961789e+29
0.11	0.0512	1.28848456752698e+29
0	0.0544	1955992739.69195
0.0022	0.0544	-4123308217.95156
0.0044	0.0544	12231100835.53
0.0066	0.0544	-26497825537.2049
0.0088	0.0544	52993811416.8566
0.011	0.0544	-371299054606.413
0.0132	0.0544	-1860156204336.49
0.0154	0.0544	3167010410148.12
0.0176	0.0544	6308341758660.09
0.0198	0.0544	190978660918050
0.022	0.0544	-137974922686577
0.0242	0.0544	-102557010287438
0.0264	0.0544	-3.47591765657112e+15
0.0286	0.0544	1.22251227449756e+15
0.0308	0.0544	-3.89081758991515e+16
0.033	0.0544	-4.52041715284053e+17
0.0352	0.0544	5.03853130958351e+17
0.0374	0.0544	4.78650503084065e+18
0.0396	0.0544	3.43930676458145e+19
0.0418	0.0544	5.55599616689287e+19
0.044	0.0544	8.05445193466376e+19
0.0462	0.0544	-1.16387242459985e+20
0.0484	0.0544	7.0648345427284e+20
0.0506	0.0544	-6.59022804558167e+21
0.0528	0.0544	5.88831555219144e+22
0.055	0.0544	-3.71292463264459e+23
0.0572	0.0544	2.25794065528586e+24
0.0594	0.0544	-1.32191288644823e+25
0.0616	0.0544	7.37367055635093e+25
0.0638	0.0544	-3.85835917052608e+26
0.066	0.0544	1.84699130217097e+27
0.0682	0.0544	-7.72231031496002e+27
0.0704	0.0544	2.52684471869544e+28
0.0726	0.0544	-3.95482761337496e+28
0.0748	0.0544	-2.24455406440309e+29
0.077	0.0544	-3.22943119841554e+29
0.0792	0.0544	-2.26503300575538e+29
0.0814	0.0544	1.477147299762e+30
0.0836	0.0544	6.40287591123641e+29
0.0858	0.0544	1.07531922438439e+30
0.088	0.0544	7.20251681252007e+30
0.0902	0.0544	3.03948396438215e+30
0.0924	0.0544	-2.99290686678674e+30
0.0946	0.0544	-2.99881810751369e+30
0.0968	0.0544	-2.21171410585559e+30
0.099	0.0544	-1.69852376301477e+30
0.1012	0.0544	-1.23171009212166e+30
0.1034	0.0544	-9.3892392032098e+29
0.1056	0.0544	-7.70458623610981e+29
0.1078	0.0544	-6.26579209245721e+29
0.11	0.0544	-5.15822466607776e+29
0	0.0576	-3634966787.22359
0.0022	0.0576	-385007357.030241
0.0044	0.0576	820857028.193831
0.0066	0.0576	11133634824.0994
0.0088	0.0576	-71481180555.2539
0.011	0.0576	29296156600.361
0.0132	0.0576	-3329167093058.86
0.0154	0.0576	7318210821464.9
0.0176	0.0576	-5384574363815.45
0.0198	0.0576	236995212277329
0.022	0.0576	-254107163866193
0.0242	0.0576	260726503250365
0.0264	0.0576	-4.86428682220224e+15
0.0286	0.0576	6.11969625545304e+15
0.0308	0.0576	-5.93571441046906e+16
0.033	0.0576	-3.9422766014929e+17
0.0352	0.0576	1.62891323802982e+17
0.0374	0.0576	6.70071398530766e+18
0.0396	0.0576	3.04204885860214e+19
0.0418	0.0576	9.23402578412517e+19
0.044	0.0576	-9.51448697391522e+18
0.0462	0.0576	3.49981125940225e+20
0.0484	0.0576	-1.65929671075256e+21
0.0506	0.0576	1.54601901919292e+22
0.0528	0.0576	-1.37390427947054e+23
0.055	0.0576	9.12076657323425e+23
0.0572	0.0576	-5.87685337307556e+24
0.0594	0.0576	3.66814875705184e+25
0.0616	0.0576	-2.19847470124605e+26
0.0638	0.0576	1.24903062589166e+27
0.066	0.0576	-6.59320847274859e+27
0.0682	0.0576	3.12359217502206e+28
0.0704	0.0576	-1.23647024255371e+29
0.0726	0.0576	3.29873020908744e+29
0.0748	0.0576	1.57506644524124e+29
0.077	0.0576	6.56767964119661e+29
0.0792	0.0576	2.77307850938732e+29
0.0814	0.0576	-6.58441768694814e+30
0.0836	0.0576	-3.36668553385586e+30
0.0858	0.0576	-5.06273575620661e+30
0.088	0.0576	-3.02541848431984e+31
0.0902	0.0576	-1.39220854731317e+31
0.0924	0.0576	1.06060712152044e+31
0.0946	0.0576	1.09876738019373e+31
0.0968	0.0576	8.08972836693253e+30
0.099	0.0576	6.23431659913221e+30
0.1012	0.0576	4.50675163894873e+30
0.1034	0.0576	3.44417279289494e+30
0.1056	0.0576	2.85515904351751e+30
0.1078	0.0576	2.351089564165e+30
0.11	0.0576	1.96166758277948e+30
0	0.0608	6982240268.88681
0.0022	0.0608	-12960205098.9363
0.0044	0.0608	27550679314.213
0.0066	0.0608	-48903126402.8368
0.0088	0.0608	83322014675.9545
0.011	0.0608	-461243312813.28
0.0132	0.0608	-1898285969826.34
0.0154	0.0608	1617163022909.11
0.0176	0.0608	15288715894323.1
0.0198	0.0608	170101677700437
0.022	0.0608	33927264178217.8
0.0242	0.0608	-788787275291298
0.0264	0.0608	-1.21041625001846e+15
0.0286	0.0608	-9.02128939672123e+15
0.0308	0.0608	-274913155305056
0.033	0.0608	-6.47451299843734e+17
0.0352	0.0608	9.80905893398114e+17
0.0374	0.0608	3.62434338560067e+18
0.0396	0.0608	4.68404427808308e+19
0.0418	0.0608	5.03317217001089e+19
0.044	0.0608	2.1947393820647e+20
0.0462	0.0608	-6.36425594676687e+20
0.0484	0.0608	3.56088714821888e+21
0.0506	0.0608	-3.28975614727727e+22
0.0528	0.0608	2.90335004701903e+23
0.055	0.0608	-2.03355186288769e+24
0.0572	0.0608	1.39170634526204e+25
0.0594	0.0608	-9.28716530150195e+25
0.0616	0.0608	5.99912934482258e+26
0.0638	0.0608	-3.71162013742139e+27
0.066	0.0608	2.1642281787096e+28
0.0682	0.0608	-1.15796135247305e+29
0.0704	0.0608	5.40362110801206e+29
0.0726	0.0608	-1.94206391130276e+30
0.0748	0.0608	2.90119917106387e+30
0.077	0.0608	4.37768020526099e+29
0.0792	0.0608	1.97207191738138e+30
0.0814	0.0608	3.00816915331365e+31
0.0836	0.0608	1.76614010003496e+31
0.0858	0.0608	2.4408971020152e+31
0.088	0.0608	1.29858657225298e+32
0.0902	0.0608	6.52142006254817e+31
0.0924	0.0608	-3.60398234444578e+31
0.0946	0.0608	-3.92238449049205e+31
0.0968	0.0608	-2.86270500758279e+31
0.099	0.0608	-2.20226921213067e+31
0.1012	0.0608	-1.56755911083796e+31
0.1034	0.0608	-1.1887190102873e+31
0.1056	0.0608	-9.9122140278798e+30
0.1078	0.0608	-8.22370325847854e+30
0.11	0.0608	-6.91829063687131e+30
0	0.064	-6215939018.0139
0.0022	0.064	4975432584.31026
0.0044	0.064	-20974894062.9469
0.0066	0.064	92904809652.8456
0.0088	0.064	-346160462359.908
0.011	0.064	859417770400.305
0.0132	0.064	-6263890683392.77
0.0154	0.064	14957816113897
0.0176	0.064	-26687351786483.6
0.0198	0.064	318659012162031
0.022	0.064	-428879949833445
0.0242	0.064	780580448510046
0.0264	0.064	-6.89060528486853e+15
0.0286	0.064	1.22840401909044e+16
0.0308	0.064	-8.48978556229403e+16
0.033	0.064	-3.36550331216187e+17
0.0352	0.064	-3.95885668036628e+17
0.0374	0.064	9.73987779271185e+18
0.0396	0.064	2.60524576539971e+19
0.0418	0.064	1.62720311411344e+20
0.044	0.064	-1.83831369329234e+20
0.0462	0.064	1.31420058975151e+21
0.0484	0.064	-6.72645703400733e+21
0.0506	0.064	6.18447048287848e+22
0.0528	0.064	-5.39455971108521e+23
0.055	0.064	3.99579234901635e+24
0.0572	0.064	-2.91287424547615e+25
0.0594	0.064	2.085617204247e+26
0.0616	0.064	-1.45827586078253e+27
0.0638	0.064	9.87428123568601e+27
0.066	0.064	-6.3933827918814e+28
0.0682	0.064	3.8777468741357e+29
0.0704	0.064	-2.12264025752297e+30
0.0726	0.064	9.66654101596529e+30
0.0748	0.064	-2.79642413461134e+31
0.077	0.064	-1.60471721371938e+31
0.0792	0.064	-2.25321487695241e+31
0.0814	0.064	-1.40750899397747e+32
0.0836	0.064	-9.24843496100237e+31
0.0858	0.064	-1.20350116484116e+32
0.088	0.064	-5.73442107316821e+32
0.0902	0.064	-3.14003568446318e+32
0.0924	0.064	1.13349412346878e+32
0.0946	0.064	1.3426411266622e+32
0.0968	0.064	9.59069485450766e+31
0.099	0.064	7.29881655622421e+31
0.1012	0.064	4.99030949150748e+31
0.1034	0.064	3.67761838690028e+31
0.1056	0.064	3.06526978601601e+31
0.1078	0.064	2.54584568737779e+31
0.11	0.064	2.14590159599793e+31
0	0.0672	4198497321.26293
0.0022	0.0672	-15002402082.6635
0.0044	0.0672	31494418909.6095
0.0066	0.0672	-54675923669.2259
0.0088	0.0672	109156526912.076
0.011	0.0672	-669868389939.843
0.0132	0.0672	-1253754341620.69
0.0154	0.0672	-3269080327655.5
0.0176	0.0672	37441286313841.7
0.0198	0.0672	101816006551685
0.022	0.0672	384617290760902
0.0242	0.0672	-2.09779812629116e+15
0.0264	0.0672	3.20737420468878e+15
0.0286	0.0672	-2.74226309392359e+16
0.0308	0.0672	6.88584347751656e+16
0.033	0.0672	-9.60485761898691e+17
0.0352	0.0672	1.87106465587393e+18
0.0374	0.0672	8.34035869907769e+17
0.0396	0.0672	6.71787417688065e+19
0.0418	0.0672	1.97832888533196e+19
0.044	0.0672	5.18888247770356e+20
0.0462	0.0672	-1.90091453978377e+21
0.0484	0.0672	1.08395310066354e+22
0.0506	0.0672	-9.82487724971256e+22
0.0528	0.0672	8.38459643786414e+23
0.055	0.0672	-6.58409796139886e+24
0.0572	0.0672	5.12920513431421e+25
0.0594	0.0672	-3.95720856804465e+26
0.0616	0.0672	3.01175608769712e+27
0.0638	0.0672	-2.24803607127612e+28
0.066	0.0672	1.63081180655115e+29
0.0682	0.0672	-1.13287215756832e+30
0.0704	0.0672	7.3391479414657e+30
0.0726	0.0672	-4.19830281605905e+31
0.0748	0.0672	1.82380916668834e+32
0.077	0.0672	1.26080091957195e+32
0.0792	0.0672	1.55483579586431e+32
0.0814	0.0672	6.75506597797611e+32
0.0836	0.0672	4.84695504204017e+32
0.0858	0.0672	6.0865848177144e+32
0.088	0.0672	2.63764772282501e+33
0.0902	0.0672	1.56959258220097e+33
0.0924	0.0672	-3.00082352678998e+32
0.0946	0.0672	-4.2808129239194e+32
0.0968	0.0672	-2.9144336327361e+32
0.099	0.0672	-2.1548980384315e+32
0.1012	0.0672	-1.32654221010365e+32
0.1034	0.0672	-8.93874011853324e+31
0.1056	0.0672	-7.357843023323e+31
0.1078	0.0672	-6.05667910932004e+31
0.11	0.0672	-5.06729389828143e+31
0	0.0704	13878134275.4358
0.0022	0.0704	-12576790891.096
0.0044	0.0704	-4907191891.7728
0.0066	0.0704	85873481181.3508
0.0088	0.0704	-370961110659.029
0.011	0.0704	922106748532.594
0.0132	0.0704	-6823129027461.92
0.0154	0.0704	14796898497775.2
0.0176	0.0704	-23211385412463.5
0.0198	0.0704	323598617065865
0.022	0.0704	-354305187030563
0.0242	0.0704	527258680015478
0.0264	0.0704	-6.5291221680422e+15
0.0286	0.0704	1.04319003746296e+16
0.0308	0.0704	-8.46458844124658e+16
0.033	0.0704	-3.61120366820559e+17
0.0352	0.0704	-7.54320935964113e+17
0.0374	0.0704	1.23034183693708e+19
0.0396	0.0704	2.3589829614462e+19
0.0418	0.0704	2.39932795938942e+20
0.044	0.0704	-3.64080163589984e+20
0.0462	0.0704	2.50621743925295e+21
0.0484	0.0704	-1.3728583335087e+22
0.0506	0.0704	1.21169065746422e+23
0.0528	0.0704	-9.85850345596225e+23
0.055	0.0704	8.23515990425035e+24
0.0572	0.0704	-6.88329608995528e+25
0.0594	0.0704	5.75112279664194e+26
0.0616	0.0704	-4.79784942597598e+27
0.0638	0.0704	3.98728425515831e+28
0.066	0.0704	-3.28670275567613e+29
0.0682	0.0704	2.66568621281757e+30
0.0704	0.0704	-2.09481760894872e+31
0.0726	0.0704	1.5441734800403e+32
0.0748	0.0704	-9.81517797413792e+32
0.077	0.0704	-7.31466406609682e+32
0.0792	0.0704	-8.79618682052236e+32
0.0814	0.0704	-3.38124396053301e+33
0.0836	0.0704	-2.57288173230893e+33
0.0858	0.0704	-3.22422467569513e+33
0.088	0.0704	-1.30137208484401e+34
0.0902	0.0704	-8.33344329489311e+33
0.0924	0.0704	4.30931132935556e+32
0.0946	0.0704	1.22197836281073e+33
0.0968	0.0704	7.45769884697084e+32
0.099	0.0704	5.15578231999775e+32
0.1012	0.0704	2.20008593310415e+32
0.1034	0.0704	8.90302276514298e+31
0.1056	0.0704	6.95133154258568e+31
0.1078	0.0704	5.67944922398996e+31
0.11	0.0704	4.71192305063091e+31
0	0.0736	-27932485986.0747
0.0022	0.0736	33125432346.6837
0.0044	0.0736	-72996160065.6746
0.0066	0.0736	205049545694.61
0.0088	0.0736	-574289306171.67
0.011	0.0736	1134695577674.01
0.0132	0.0736	-6665729957912.25
0.0154	0.0736	10391738189129.3
0.0176	0.0736	94762476522.7344
0.0198	0.0736	230957461832121
0.022	0.0736	81947930670203.1
0.0242	0.0736	-1.17517864011139e+15
0.0264	0.0736	-174029179849523
0.0286	0.0736	-1.658481027459e+16
0.0308	0.0736	2.61967729442028e+16
0.033	0.0736	-8.45848241858093e+17
0.0352	0.0736	1.06505487083709e+18
0.0374	0.0736	4.61721733799047e+18
0.0396	0.0736	6.32656279751758e+19
0.0418	0.0736	9.40069407738984e+19
0.044	0.0736	4.56436258701297e+20
0.0462	0.0736	-1.62456657962494e+21
0.0484	0.0736	1.14517703290362e+22
0.0506	0.0736	-9.230389420065e+22
0.0528	0.0736	6.39428025808728e+23
0.055	0.0736	-5.79185783085677e+24
0.0572	0.0736	5.26886721896318e+25
0.0594	0.0736	-4.81777404436834e+26
0.0616	0.0736	4.45132880024464e+27
0.0638	0.0736	-4.17943926152951e+28
0.066	0.0736	4.01149510934329e+29
0.0682	0.0736	-3.9586713545085e+30
0.0704	0.0736	4.03616677267813e+31
0.0726	0.0736	-4.26563192297274e+32
0.0748	0.0736	4.67805366682159e+33
0.077	0.0736	3.74379007198282e+33
0.0792	0.0736	4.64033018568169e+33
0.0814	0.0736	1.97638690552536e+34
0.0836	0.0736	1.44676261343258e+34
0.0858	0.0736	2.00302281872468e+34
0.088	0.0736	7.59541978876106e+34
0.0902	0.0736	4.94284051318516e+34
0.0924	0.0736	1.8443787029209e+32
0.0946	0.0736	-4.91783539013411e+33
0.0968	0.0736	-2.85464501136352e+33
0.099	0.0736	-1.95025148567125e+33
0.1012	0.0736	-5.56637914695137e+32
0.1034	0.0736	-1.09224373191913e+31
0.1056	0.0736	-2.739506637887e+31
0.1078	0.0736	-5.72093254020355e+31
0.11	0.0736	-6.92718269211076e+31
0	0.0768	37999240281.1866
0.0022	0.0768	-56924253267.4194
0.0044	0.0768	102966449390.487
0.0066	0.0768	-216562365016.274
0.0088	0.0768	553911587247.235
0.011	0.0768	-2102510880287.88
0.0132	0.0768	2689287027811.84
0.0154	0.0768	-18941302688615.7
0.0176	0.0768	91958966653447.9
0.0198	0.0768	-43813552037078.7
0.022	0.0768	984831217089667
0.0242	0.0768	-4.00727345031952e+15
0.0264	0.0768	8.55194871218051e+15
0.0286	0.0768	-4.62668588225182e+16
0.0308	0.0768	1.21874826268749e+17
0.033	0.0768	-1.17190862017201e+18
0.0352	0.0768	1.86670656005797e+18
0.0374	0.0768	3.21035900160547e+18
0.0396	0.0768	6.90301829538022e+19
0.0418	0.0768	1.32008503921646e+20
0.044	0.0768	3.0232039534224e+20
0.0462	0.0768	-7.96043394246935e+17
0.0484	0.0768	-1.55804536841154e+21
0.0506	0.0768	-9.28257393969669e+21
0.0528	0.0768	3.25806012658989e+23
0.055	0.0768	-2.30323258002383e+24
0.0572	0.0768	1.67412150585554e+25
0.0594	0.0768	-1.32181739909966e+26
0.0616	0.0768	1.18258062340378e+27
0.0638	0.0768	-1.21566830554606e+28
0.066	0.0768	1.39983006021882e+29
0.0682	0.0768	-1.73114130477519e+30
0.0704	0.0768	2.2224781116977e+31
0.0726	0.0768	-2.90457776879382e+32
0.0748	0.0768	3.82876907283457e+33
0.077	0.0768	3.7483282293432e+33
0.0792	0.0768	3.58827906450746e+33
0.0814	0.0768	1.67507505240354e+34
0.0836	0.0768	1.41072444943697e+34
0.0858	0.0768	1.38583518260539e+34
0.088	0.0768	5.87567518753966e+34
0.0902	0.0768	4.91127940579177e+34
0.0924	0.0768	8.00451802365874e+33
0.0946	0.0768	-4.45026856006781e+33
0.0968	0.0768	-1.9992404584005e+33
0.099	0.0768	-5.82079877758316e+32
0.1012	0.0768	4.03374872288847e+32
0.1034	0.0768	1.40128263775445e+30
0.1056	0.0768	-5.17362004403283e+31
0.1078	0.0768	-7.56975894946331e+31
0.11	0.0768	-8.58770712728513e+31
0	0.08	-31440472835.065
0.0022	0.08	64768458236.581
0.0044	0.08	-173726901277.913
0.0066	0.08	506078213876.388
0.0088	0.08	-1484904701704.96
0.011	0.08	3898106887872.13
0.0132	0.08	-15911232996444.9
0.0154	0.08	38396079844982.3
0.0176	0.08	-91547169201322.5
0.0198	0.08	565238990390207
0.022	0.08	-972775214938749
0.0242	0.08	2.53702731955085e+15
0.0264	0.08	-1.39734448281174e+16
0.0286	0.08	3.56917540485383e+16
0.0308	0.08	-1.84104395403354e+17
0.033	0.08	-5.07755871060763e+16
0.0352	0.08	-2.58148926980716e+18
0.0374	0.08	2.01364212318894e+19
0.0396	0.08	1.16172547677794e+19
0.0418	0.08	3.84989789281985e+20
0.044	0.08	-4.99928988766668e+20
0.0462	0.08	3.05635629934046e+21
0.0484	0.08	-1.21580838534545e+22
0.0506	0.08	1.38393810867529e+23
0.0528	0.08	-1.38196622091911e+24
0.055	0.08	1.05214968892236e+25
0.0572	0.08	-7.96156905358841e+25
0.0594	0.08	5.98223438067142e+26
0.0616	0.08	-4.41826250219588e+27
0.0638	0.08	3.13394358985236e+28
0.066	0.08	-2.0126703765341e+29
0.0682	0.08	9.47450720926883e+29
0.0704	0.08	1.67859211613097e+30
0.0726	0.08	-1.44732739766171e+32
0.0748	0.08	3.02244937144859e+33
0.077	0.08	4.69748471364917e+33
0.0792	0.08	5.56666985374998e+33
0.0814	0.08	1.71834780204913e+34
0.0836	0.08	1.25061180092852e+34
0.0858	0.08	1.93877535558332e+34
0.088	0.08	6.32125806136294e+34
0.0902	0.08	3.79243433092908e+34
0.0924	0.08	-3.74594224685734e+32
0.0946	0.08	-2.94047129009412e+33
0.0968	0.08	-1.65548617540191e+33
0.099	0.08	-2.0627301851795e+32
0.1012	0.08	-2.14829864698711e+32
0.1034	0.08	-5.28872923903836e+31
0.1056	0.08	-3.87291029455814e+31
0.1078	0.08	-7.96158340554491e+31
0.11	0.08	-8.81839879729363e+31
0	0.0832	13490014264.3175
0.0022	0.0832	-39193293355.8404
0.0044	0.0832	116478697675.757
0.0066	0.0832	-347178248412.77
0.0088	0.0832	1129567966535.04
0.011	0.0832	-4381300072285.41
0.0132	0.0832	10521121046062.4
0.0154	0.0832	-49349208771265.4
0.0176	0.0832	200561493385005
0.0198	0.0832	-399361288671824
0.022	0.0832	2.32846751089796e+15
0.0242	0.0832	-8.65119090704401e+15
0.0264	0.0832	2.43048877372461e+16
0.0286	0.0832	-1.06852703653054e+17
0.0308	0.0832	3.48433616291715e+17
0.033	0.0832	-2.08841617679683e+18
0.0352	0.0832	4.98244211900828e+18
0.0374	0.0832	-8.54848007211774e+18
0.0396	0.0832	1.30294694627329e+20
0.0418	0.0832	-4.63816775407249e+19
0.044	0.0832	1.44266197281952e+21
0.0462	0.0832	-5.01592162605033e+21
0.0484	0.0832	2.73028753127902e+22
0.0506	0.0832	-2.70499490535734e+23
0.0528	0.0832	2.3945322250821e+24
0.055	0.0832	-1.86127339976379e+25
0.0572	0.0832	1.45277254122048e+26
0.0594	0.0832	-1.14774651972667e+27
0.0616	0.0832	9.27668456751135e+27
0.0638	0.0832	-7.7990971777985e+28
0.066	0.0832	6.96897132158275e+29
0.0682	0.0832	-6.75604863400475e+30
0.0704	0.0832	7.17390115885716e+31
0.0726	0.0832	-8.28158512607045e+32
0.0748	0.0832	1.01887114352845e+34
0.077	0.0832	1.28573018723184e+34
0.0792	0.0832	1.37593548223717e+34
0.0814	0.0832	1.46082347355086e+34
0.0836	0.0832	1.23164799304154e+34
0.0858	0.0832	1.26640782951955e+34
0.088	0.0832	4.60480154225219e+34
0.0902	0.0832	3.97344020000889e+34
0.0924	0.0832	8.72395061330643e+33
0.0946	0.0832	-3.18534301899802e+33
0.0968	0.0832	-8.79293244821076e+32
0.099	0.0832	-1.10120332256822e+32
0.1012	0.0832	1.36135060840294e+32
0.1034	0.0832	9.13838769242606e+30
0.1056	0.0832	-7.40237476032977e+31
0.1078	0.0832	-9.76767720906078e+31
0.11	0.0832	-1.07241786860941e+32
0	0.0864	2990310704.34689
0.0022	0.0864	28087629316.1447
0.0044	0.0864	-111855061615.363
0.0066	0.0864	394862304730.466
0.0088	0.0864	-1290381736555.19
0.011	0.0864	3566168455133.03
0.0132	0.0864	-16291053400454.3
0.0154	0.0864	39961825593051.4
0.0176	0.0864	-104295099245463
0.0198	0.0864	663138554433276
0.022	0.0864	-1.29627059912633e+15
0.0242	0.0864	4.00978057272196e+15
0.0264	0.0864	-2.08131694486261e+16
0.0286	0.0864	6.44780575764829e+16
0.0308	0.0864	-3.16166299378572e+17
0.033	0.0864	4.84425826222772e+17
0.0352	0.0864	-5.43918144603959e+18
0.0374	0.0864	3.31768275887554e+19
0.0396	0.0864	-3.11802961561435e+19
0.0418	0.0864	6.66126600537637e+20
0.044	0.0864	-1.39315914863426e+21
0.0462	0.0864	8.07067459469011e+21
0.0484	0.0864	-3.99293146966387e+22
0.0506	0.0864	3.69514353833044e+23
0.0528	0.0864	-3.05493970930788e+24
0.055	0.0864	2.33486802282369e+25
0.0572	0.0864	-1.7471595120833e+26
0.0594	0.0864	1.25868175813501e+27
0.0616	0.0864	-8.40146837834681e+27
0.0638	0.0864	4.66856319337731e+28
0.066	0.0864	-1.17007666802414e+29
0.0682	0.0864	-2.29806774999845e+30
0.0704	0.0864	5.93993918304543e+31
0.0726	0.0864	-9.97353116609401e+32
0.0748	0.0864	1.46457285765082e+34
0.077	0.0864	1.71861473154891e+34
0.0792	0.0864	1.77957334576229e+34
0.0814	0.0864	2.09324004338011e+34
0.0836	0.0864	2.29575673593721e+34
0.0858	0.0864	2.65702548870026e+34
0.088	0.0864	5.08157590173492e+34
0.0902	0.0864	2.94691812211629e+34
0.0924	0.0864	-1.58832216382681e+33
0.0946	0.0864	-1.43048551770585e+33
0.0968	0.0864	-1.0934186941968e+33
0.099	0.0864	-1.64962280576281e+31
0.1012	0.0864	-8.24340187815191e+31
0.1034	0.0864	-7.17929772329027e+31
0.1056	0.0864	-6.46169204275143e+31
0.1078	0.0864	-1.06699354639645e+32
0.11	0.0864	-1.12581493073584e+32
0	0.0896	-60107790054.7727
0.0022	0.0896	42654948910.0138
0.0044	0.0896	-8247018230.31971
0.0066	0.0896	-102106676494.452
0.0088	0.0896	590408641184.651
0.011	0.0896	-3207919075334.19
0.0132	0.0896	7286357476006.31
0.0154	0.0896	-44136786783334.6
0.0176	0.0896	191308222527385
0.0198	0.0896	-358896226091334
0.022	0.0896	2.34900757759885e+15
0.0242	0.0896	-8.79812997079934e+15
0.0264	0.0896	2.4534703866203e+16
0.0286	0.0896	-1.10038682095582e+17
0.0308	0.0896	3.60277780980852e+17
0.033	0.0896	-2.20470191879333e+18
0.0352	0.0896	5.06268645324477e+18
0.0374	0.0896	-9.11104667914349e+18
0.0396	0.0896	1.52273038294187e+20
0.0418	0.0896	-6.84626570176686e+19
0.044	0.0896	2.12003561729712e+21
0.0462	0.0896	-8.23079978736802e+21
0.0484	0.0896	5.0480289394973e+22
0.0506	0.0896	-4.45331255779723e+23
0.0528	0.0896	3.59246805425053e+24
0.055	0.0896	-2.97619979518991e+25
0.0572	0.0896	2.51726417008247e+26
0.0594	0.0896	-2.18533972162532e+27
0.0616	0.0896	1.95922963451969e+28
0.0638	0.0896	-1.82468740962797e+29
0.066	0.0896	1.77337090075873e+30
0.0682	0.0896	-1.80224337663799e+31
0.0704	0.0896	1.91336194170046e+32
0.0726	0.0896	-2.1140329844206e+33
0.0748	0.0896	2.41734368648458e+34
0.077	0.0896	2.78881872240456e+34
0.0792	0.0896	2.88164344095421e+34
0.0814	0.0896	3.25900817528474e+34
0.0836	0.0896	3.39222271324317e+34
0.0858	0.0896	3.78993144318535e+34
0.088	0.0896	3.46525262748515e+34
0.0902	0.0896	3.27090387913691e+34
0.0924	0.0896	9.36177023458868e+33
0.0946	0.0896	-2.51250910582755e+33
0.0968	0.0896	-1.64527613081366e+32
0.099	0.0896	-1.31226758546931e+32
0.1012	0.0896	4.83810432919067e+31
0.1034	0.0896	-2.07410105107888e+31
0.1056	0.0896	-1.0069073529824e+32
0.1078	0.0896	-1.2846794863925e+32
0.11	0.0896	-1.33130838556025e+32
0	0.0928	73809433692.6205
0.0022	0.0928	-116949097762.72
0.0044	0.0928	218078181090.653
0.0066	0.0928	-419322986711.225
0.0088	0.0928	883831359462.292
0.011	0.0928	-2644503734243.46
0.0132	0.0928	1358795494307.24
0.0154	0.0928	-15844373271813.5
0.0176	0.0928	67615789701728.6
0.0198	0.0928	158907325847878
0.022	0.0928	388860859914433
0.0242	0.0928	-1.24210368712503e+15
0.0264	0.0928	-4.69232962519807e+15
0.0286	0.0928	8.16657140991468e+15
0.0308	0.0928	-1.29194005354304e+17
0.033	0.0928	-1.9299199696993e+17
0.0352	0.0928	-3.69291518237902e+18
0.0374	0.0928	2.8185124687711e+19
0.0396	0.0928	-4.55775418809745e+17
0.0418	0.0928	6.65401617562284e+20
0.044	0.0928	-1.00773528618886e+21
0.0462	0.0928	7.88680916381123e+21
0.0484	0.0928	-4.22329308674995e+22
0.0506	0.0928	3.4646954169686e+23
0.0528	0.0928	-2.37761649863819e+24
0.055	0.0928	1.83120561266959e+25
0.0572	0.0928	-1.40287127931604e+26
0.0594	0.0928	1.05831054865333e+27
0.0616	0.0928	-7.73563594928116e+27
0.0638	0.0928	5.28974904053757e+28
0.066	0.0928	-3.07670569065415e+29
0.0682	0.0928	9.43053463778332e+29
0.0704	0.0928	1.26069488608652e+31
0.0726	0.0928	-3.6910839271601e+32
0.0748	0.0928	6.52330515427659e+33
0.077	0.0928	7.07287627071849e+33
0.0792	0.0928	7.12568334161832e+33
0.0814	0.0928	7.68466494808707e+33
0.0836	0.0928	7.81977858144293e+33
0.0858	0.0928	8.37662503295279e+33
0.088	0.0928	9.82598706459551e+33
0.0902	0.0928	1.19562865012088e+34
0.0924	0.0928	1.89635496689269e+31
0.0946	0.0928	-1.15316564979525e+33
0.0968	0.0928	-7.23459878545738e+32
0.099	0.0928	8.13490986494688e+31
0.1012	0.0928	-5.36830786257027e+31
0.1034	0.0928	-9.86561565732946e+31
0.1056	0.0928	-1.02724669442309e+32
0.1078	0.0928	-1.4216056927513e+32
0.11	0.0928	-1.42536864268113e+32
0	0.096	-53628277356.9635
0.0022	0.096	82087173665.7787
0.0044	0.096	-185431193329.129
0.0066	0.096	513092715515.1
0.0088	0.096	-1419598161358.97
0.011	0.096	3238598763454.65
0.0132	0.096	-14410217532436.8
0.0154	0.096	24544175268837.6
0.0176	0.096	-37916268691580.9
0.0198	0.096	446796523259481
0.022	0.096	-277822681927724
0.0242	0.096	293960374923310
0.0264	0.096	-7.89888302512123e+15
0.0286	0.096	1.07263808598755e+16
0.0308	0.096	-1.045399361378e+17
0.033	0.096	-4.79219221497136e+17
0.0352	0.096	-2.08891229597387e+18
0.0374	0.096	1.86452787290634e+19
0.0396	0.096	6.37315664126405e+19
0.0418	0.096	3.7449944460786e+20
0.044	0.096	9.7071693590844e+20
0.0462	0.096	-2.88557626288936e+21
0.0484	0.096	2.99630300853154e+22
0.0506	0.096	-1.80841163182448e+23
0.0528	0.096	9.13518994188537e+23
0.055	0.096	-5.81337265291031e+24
0.0572	0.096	3.35999463771043e+25
0.0594	0.096	-1.52417963996147e+26
0.0616	0.096	1.60776803897097e+26
0.0638	0.096	8.32917136480872e+27
0.066	0.096	-1.52596640901984e+29
0.0682	0.096	1.95909931515695e+30
0.0704	0.096	-2.14755830906876e+31
0.0726	0.096	2.08174597619691e+32
0.0748	0.096	-1.72571373400672e+33
0.077	0.096	-1.93385052167507e+33
0.0792	0.096	-1.97668918728073e+33
0.0814	0.096	-2.19384440385851e+33
0.0836	0.096	-2.27150017466874e+33
0.0858	0.096	-2.49731952887365e+33
0.088	0.096	-2.9190518635341e+33
0.0902	0.096	-3.5590690174295e+33
0.0924	0.096	-6.72792269844872e+32
0.0946	0.096	-4.19550956805952e+32
0.0968	0.096	-2.82410993937464e+32
0.099	0.096	-3.09305596328502e+31
0.1012	0.096	-1.34026834328841e+31
0.1034	0.096	-7.77227989165729e+31
0.1056	0.096	-1.39690494845806e+32
0.1078	0.096	-1.6958550146767e+32
0.11	0.096	-1.64914071587245e+32
0	0.0992	52794311453.1397
0.0022	0.0992	-109939858631.027
0.0044	0.0992	244678753358.317
0.0066	0.0992	-545555677456.231
0.0088	0.0992	1377813176828.29
0.011	0.0992	-4554517240092.54
0.0132	0.0992	7573702401903.04
0.0154	0.0992	-41295424294592.6
0.0176	0.0992	156880480938300
0.0198	0.0992	-118850085821719
0.022	0.0992	1.48043272438557e+15
0.0242	0.0992	-4.94956643304585e+15
0.0264	0.0992	7.61073766601707e+15
0.0286	0.0992	-3.99082303717918e+16
0.0308	0.0992	5.09056043287177e+16
0.033	0.0992	-9.54561560935577e+17
0.0352	0.0992	-1.19748591540452e+18
0.0374	0.0992	1.79602745656643e+19
0.0396	0.0992	6.33336864716159e+19
0.0418	0.0992	5.02126184628389e+20
0.044	0.0992	4.17980524256853e+20
0.0462	0.0992	2.44268099711296e+21
0.0484	0.0992	-1.00590184833033e+22
0.0506	0.0992	6.32073014255292e+22
0.0528	0.0992	-9.13968273351679e+22
0.055	0.0992	-2.78646587960204e+23
0.0572	0.0992	9.8727621788894e+24
0.0594	0.0992	-1.37469421157509e+26
0.0616	0.0992	1.52926366075097e+27
0.0638	0.0992	-1.51502290897946e+28
0.066	0.0992	1.37914247223765e+29
0.0682	0.0992	-1.15737419431903e+30
0.0704	0.0992	8.78510571161622e+30
0.0726	0.0992	-5.68308474575424e+31
0.0748	0.0992	2.53276895486679e+32
0.077	0.0992	3.02266381342434e+32
0.0792	0.0992	3.16300973419841e+32
0.0814	0.0992	3.69044022083473e+32
0.0836	0.0992	3.93326783171396e+32
0.0858	0.0992	4.50170489824183e+32
0.088	0.0992	5.63118255810802e+32
0.0902	0.0992	7.28919157864427e+32
0.0924	0.0992	1.40321494537083e+31
0.0946	0.0992	-6.10356462133206e+31
0.0968	0.0992	-9.62767994750164e+31
0.099	0.0992	-1.08220205174041e+32
0.1012	0.0992	-1.16687914956743e+32
0.1034	0.0992	-1.5513846173147e+32
0.1056	0.0992	-1.55374972763818e+32
0.1078	0.0992	-1.89535368505641e+32
0.11	0.0992	-1.78630838495837e+32
0	0.1024	-13129776448.4978
0.0022	0.1024	66365572522.4238
0.0044	0.1024	-232691110081.154
0.0066	0.1024	776981068308.822
0.0088	0.1024	-2391505138530.69
0.011	0.1024	6470433811776.78
0.0132	0.1024	-25966878715337.5
0.0154	0.1024	59905430620497.8
0.0176	0.1024	-158200179095814
0.0198	0.1024	893655480797648
0.022	0.1024	-1.68804340166661e+15
0.0242	0.1024	5.28437987983724e+15
0.0264	0.1024	-2.6241127379389e+16
0.0286	0.1024	7.87107771741582e+16
0.0308	0.1024	-3.6978047575577e+17
0.033	0.1024	4.79308242609088e+17
0.0352	0.1024	-6.32869601029566e+18
0.0374	0.1024	3.48543672089366e+19
0.0396	0.1024	2.32079689472106e+19
0.0418	0.1024	6.46871481379817e+20
0.044	0.1024	6.36753517396282e+20
0.0462	0.1024	-6.54474454901667e+19
0.0484	0.1024	1.88151257839727e+22
0.0506	0.1024	6.51768131460492e+21
0.0528	0.1024	-1.72584513650341e+23
0.055	0.1024	1.74964748728359e+24
0.0572	0.1024	-1.62634540242276e+25
0.0594	0.1024	1.4275984107477e+26
0.0616	0.1024	-1.19381038921382e+27
0.0638	0.1024	9.53007449123106e+27
0.066	0.1024	-7.24802400833185e+28
0.0682	0.1024	5.23044487218667e+29
0.0704	0.1024	-3.57626026729748e+30
0.0726	0.1024	2.35626156683119e+31
0.0748	0.1024	-1.61891192785281e+32
0.077	0.1024	-1.83949638103049e+32
0.0792	0.1024	-1.89873918523209e+32
0.0814	0.1024	-2.1331387890683e+32
0.0836	0.1024	-2.23158541949241e+32
0.0858	0.1024	-2.48278561715406e+32
0.088	0.1024	-2.82079542125362e+32
0.0902	0.1024	-3.36220246787699e+32
0.0924	0.1024	-1.62219055532779e+32
0.0946	0.1024	-1.52053105485305e+32
0.0968	0.1024	-1.48669652829793e+32
0.099	0.1024	-1.5456928201565e+32
0.1012	0.1024	-1.58599815621054e+32
0.1034	0.1024	-1.72919989949868e+32
0.1056	0.1024	-1.96720700234646e+32
0.1078	0.1024	-2.24448698631397e+32
0.11	0.1024	-2.03399461092309e+32
0	0.1056	-37146551206.2037
0.0022	0.1056	5239901647.54389
0.0044	0.1056	64032634071.1659
0.0066	0.1056	-218697813558.275
0.0088	0.1056	800156907099.253
0.011	0.1056	-3782679511386.54
0.0132	0.1056	6702197367802.55
0.0154	0.1056	-48173809049466.1
0.0176	0.1056	194839037051366
0.0198	0.1056	-251406405114536
0.022	0.1056	2.18067904879927e+15
0.0242	0.1056	-7.56350149349792e+15
0.0264	0.1056	1.6877120872543e+16
0.0286	0.1056	-7.97354785494779e+16
0.0308	0.1056	2.11482413604109e+17
0.033	0.1056	-1.69627783442088e+18
0.0352	0.1056	1.38597326695694e+18
0.0374	0.1056	6.2612415850989e+18
0.0396	0.1056	1.39491792307266e+20
0.0418	0.1056	2.95009557982251e+20
0.044	0.1056	2.23942213117312e+21
0.0462	0.1056	-4.04485304700428e+21
0.0484	0.1056	-8.95781640184393e+20
0.0506	0.1056	-1.9798243500819e+22
0.0528	0.1056	1.81426711882916e+23
0.055	0.1056	-1.47297191222174e+24
0.0572	0.1056	1.15007415925813e+25
0.0594	0.1056	-8.62066852346256e+25
0.0616	0.1056	6.14608046663424e+26
0.0638	0.1056	-4.08649210329197e+27
0.066	0.1056	2.42100958606442e+28
0.0682	0.1056	-1.10867634636851e+29
0.0704	0.1056	9.48639122891808e+28
0.0726	0.1056	6.85049745319851e+30
0.0748	0.1056	-1.30378990948733e+32
0.077	0.1056	-1.36097307243643e+32
0.0792	0.1056	-1.36173948505728e+32
0.0814	0.1056	-1.41486449954347e+32
0.0836	0.1056	-1.41363482397987e+32
0.0858	0.1056	-1.46244530199834e+32
0.088	0.1056	-1.40765399741323e+32
0.0902	0.1056	-1.38160393908926e+32
0.0924	0.1056	-1.86289499258832e+32
0.0946	0.1056	-2.01163594480371e+32
0.0968	0.1056	-2.07278291824839e+32
0.099	0.1056	-2.18476035868646e+32
0.1012	0.1056	-2.23697329627246e+32
0.1034	0.1056	-2.33167698059346e+32
0.1056	0.1056	-2.34669522838825e+32
0.1078	0.1056	-2.51395990688636e+32
0.11	0.1056	-2.22355551642792e+32
0	0.1088	41539361632.9916
0.0022	0.1088	-51479414150.9559
0.0044	0.1088	33896159832.6693
0.0066	0.1088	125823067606.143
0.0088	0.1088	-626358116660.245
0.011	0.1088	1301507005060.73
0.0132	0.1088	-11281643215761.5
0.0154	0.1088	11016919419757.4
0.0176	0.1088	-6470216274835.33
0.0198	0.1088	452960034553605
0.022	0.1088	-147263560388740
0.0242	0.1088	439726797009855
0.0264	0.1088	-1.11989397560628e+16
0.0286	0.1088	2.39751680105008e+16
0.0308	0.1088	-1.80076674615448e+17
0.033	0.1088	-2.62758028106886e+17
0.0352	0.1088	-4.25319690566129e+18
0.0374	0.1088	2.71187229943739e+19
0.0396	0.1088	7.54510490522484e+19
0.0418	0.1088	5.95317475109971e+20
0.044	0.1088	-5.41172079020967e+20
0.0462	0.1088	9.5687439841457e+20
0.0484	0.1088	-1.64393189462174e+21
0.0506	0.1088	1.71702636804407e+22
0.0528	0.1088	-1.35107429405834e+23
0.055	0.1088	1.0223270499543e+24
0.0572	0.1088	-7.5967128738845e+24
0.0594	0.1088	5.5620080844632e+25
0.0616	0.1088	-4.03510876442017e+26
0.0638	0.1088	2.93376009175507e+27
0.066	0.1088	-2.18209931140685e+28
0.0682	0.1088	1.71317374725909e+29
0.0704	0.1088	-1.47036003135689e+30
0.0726	0.1088	1.40823491311324e+31
0.0748	0.1088	-1.49327654676765e+32
0.077	0.1088	-1.60178829561767e+32
0.0792	0.1088	-1.62261541329985e+32
0.0814	0.1088	-1.73311373595671e+32
0.0836	0.1088	-1.76459026002811e+32
0.0858	0.1088	-1.87811912608955e+32
0.088	0.1088	-1.93354076243138e+32
0.0902	0.1088	-2.06942918282491e+32
0.0924	0.1088	-1.998120809269e+32
0.0946	0.1088	-2.0907025804981e+32
0.0968	0.1088	-2.13579440762382e+32
0.099	0.1088	-2.2418094856151e+32
0.1012	0.1088	-2.29935534714545e+32
0.1034	0.1088	-2.41482275011072e+32
0.1056	0.1088	-2.49254787573448e+32
0.1078	0.1088	-2.59554745456047e+32
0.11	0.1088	-2.69035212368918e+32
0	0.112	-40175069507.6396
0.0022	0.112	43802124531.4853
0.0044	0.112	-61890260890.7244
0.0066	0.112	150853804621.926
0.0088	0.112	-241893488260.551
0.011	0.112	-848491236072.519
0.0132	0.112	-2931023507730.42
0.0154	0.112	-22471161240686.9
0.0176	0.112	111515968323451
0.0198	0.112	62217067178913.6
0.022	0.112	1.28002880414508e+15
0.0242	0.112	-4.38167123200891e+15
0.0264	0.112	5.0086511420367e+15
0.0286	0.112	-3.71844363051506e+16
0.0308	0.112	4.57488427874948e+16
0.033	0.112	-1.13833115074711e+18
0.0352	0.112	-1.34160551801071e+18
0.0374	0.112	1.61095217015832e+19
0.0396	0.112	1.28111914094577e+20
0.0418	0.112	-1.31483928955963e+20
0.044	0.112	1.37840431282057e+20
0.0462	0.112	-3.33216056228621e+20
0.0484	0.112	1.4847234317008e+21
0.0506	0.112	-1.18043987933481e+22
0.0528	0.112	8.78721857040384e+22
0.055	0.112	-6.43880731602369e+23
0.0572	0.112	4.68044929676892e+24
0.0594	0.112	-3.38598551254473e+25
0.0616	0.112	2.44733617453862e+26
0.0638	0.112	-1.7750187069981e+27
0.066	0.112	1.29600833183537e+28
0.0682	0.112	-9.51371318905596e+28
0.0704	0.112	6.93893093777128e+29
0.0726	0.112	-4.85774201582957e+30
0.0748	0.112	2.96399170569965e+31
0.077	0.112	3.2710490074223e+31
0.0792	0.112	3.34794626055248e+31
0.0814	0.112	3.66554672108686e+31
0.0836	0.112	3.77815053082671e+31
0.0858	0.112	4.11017832144131e+31
0.088	0.112	4.29364145556304e+31
0.0902	0.112	4.69181594208803e+31
0.0924	0.112	4.56017702746003e+31
0.0946	0.112	4.85070336390064e+31
0.0968	0.112	5.02546189620286e+31
0.099	0.112	5.3594703422843e+31
0.1012	0.112	5.57703687767301e+31
0.1034	0.112	5.94600521574734e+31
0.1056	0.112	6.22784523042966e+31
0.1078	0.112	6.5774073341982e+31
0.11	0.112	6.91640707706079e+31
0	0.1152	29834822141.9254
0.0022	0.1152	-66452585018.9043
0.0044	0.1152	105199898668.546
0.0066	0.1152	-83659263699.2908
0.0088	0.1152	22574770511.7969
0.011	0.1152	-799253310875.219
0.0132	0.1152	-5641719686657
0.0154	0.1152	-11040089207856.4
0.0176	0.1152	60809628453888.2
0.0198	0.1152	284788923012029
0.022	0.1152	527987039197477
0.0242	0.1152	-1.55689766745384e+15
0.0264	0.1152	-5.68935969105554e+15
0.0286	0.1152	3.19445644202744e+15
0.0308	0.1152	-1.12899047332729e+17
0.033	0.1152	-5.69507225558167e+17
0.0352	0.1152	-3.78926986122987e+18
0.0374	0.1152	2.48555715850619e+19
0.0396	0.1152	-2.79287780990762e+19
0.0418	0.1152	2.953536028887e+19
0.044	0.1152	-4.20884597504526e+19
0.0462	0.1152	1.58219092753816e+20
0.0484	0.1152	-9.70185879082152e+20
0.0506	0.1152	7.13419169772383e+21
0.0528	0.1152	-5.12803428098371e+22
0.055	0.1152	3.65002525404114e+23
0.0572	0.1152	-2.57875340087503e+24
0.0594	0.1152	1.80891436756418e+25
0.0616	0.1152	-1.25904183137717e+26
0.0638	0.1152	8.67366048284168e+26
0.066	0.1152	-5.87907895428569e+27
0.0682	0.1152	3.8723696181181e+28
0.0704	0.1152	-2.41838666678025e+29
0.0726	0.1152	1.36021274830728e+30
0.0748	0.1152	-6.03014337938405e+30
0.077	0.1152	-6.88150859973492e+30
0.0792	0.1152	-7.12962651542671e+30
0.0814	0.1152	-8.02211083808424e+30
0.0836	0.1152	-8.38337729595098e+30
0.0858	0.1152	-9.33033370799856e+30
0.088	0.1152	-9.89823330951081e+30
0.0902	0.1152	-1.10384765199907e+31
0.0924	0.1152	-1.08213937511487e+31
0.0946	0.1152	-1.16953587652482e+31
0.0968	0.1152	-1.2288489469716e+31
0.099	0.1152	-1.32991381811322e+31
0.1012	0.1152	-1.4031894431388e+31
0.1034	0.1152	-1.51621096030358e+31
0.1056	0.1152	-1.60945407680306e+31
0.1078	0.1152	-1.7209758781624e+31
0.11	0.1152	-1.8326554032527e+31
0	0.1184	-18077594480.0935
0.0022	0.1184	31405321441.4784
0.0044	0.1184	-89798740208.1815
0.0066	0.1184	301398001062.552
0.0088	0.1184	-731359778929.29
0.011	0.1184	609866929968.377
0.0132	0.1184	-8573610333645.02
0.0154	0.1184	-8879016373505.71
0.0176	0.1184	63331577247630.7
0.0198	0.1184	272493477201275
0.022	0.1184	718222504366416
0.0242	0.1184	-2.26439210306841e+15
0.0264	0.1184	-3.39178501173636e+15
0.0286	0.1184	-7.46236796470274e+15
0.0308	0.1184	-7.25203139582412e+16
0.033	0.1184	-7.65311949238681e+17
0.0352	0.1184	1.15290523947416e+18
0.0374	0.1184	-5.06318135980561e+18
0.0396	0.1184	6.01805524447535e+18
0.0418	0.1184	-7.2479421063296e+18
0.044	0.1184	1.6032718454302e+19
0.0462	0.1184	-8.27273926141801e+19
0.0484	0.1184	5.51769449926953e+20
0.0506	0.1184	-3.88852085865186e+21
0.0528	0.1184	2.70410954288475e+22
0.055	0.1184	-1.86082034063444e+23
0.0572	0.1184	1.26637410118606e+24
0.0594	0.1184	-8.50463076530867e+24
0.0616	0.1184	5.61516008999314e+25
0.0638	0.1184	-3.62226287936456e+26
0.066	0.1184	2.25966227980128e+27
0.0682	0.1184	-1.33993991238361e+28
0.0704	0.1184	7.32898955685214e+28
0.0726	0.1184	-3.48845573386351e+29
0.0748	0.1184	1.25650638760884e+30
0.077	0.1184	1.48946765963787e+30
0.0792	0.1184	1.56451807615278e+30
0.0814	0.1184	1.81167289516831e+30
0.0836	0.1184	1.9213107015566e+30
0.0858	0.1184	2.18702606082233e+30
0.088	0.1184	2.35622651690356e+30
0.0902	0.1184	2.67784733715762e+30
0.0924	0.1184	2.65119755768152e+30
0.0946	0.1184	2.9072800674084e+30
0.0968	0.1184	3.09564752398143e+30
0.099	0.1184	3.39373031333579e+30
0.1012	0.1184	3.62605287321167e+30
0.1034	0.1184	3.96307113905029e+30
0.1056	0.1184	4.2562190841609e+30
0.1078	0.1184	4.59895931449946e+30
0.11	0.1184	4.94995253676929e+30
0	0.1216	5950885676.65289
0.0022	0.1216	-39223821511.4665
0.0044	0.1216	74639809476.3073
0.0066	0.1216	-52224730988.4292
0.0088	0.1216	68392820642.4758
0.011	0.1216	-1263534274574.35
0.0132	0.1216	-4815101662054.67
0.0154	0.1216	-19462186335617.8
0.0176	0.1216	85668974996514.9
0.0198	0.1216	251828191203967
0.022	0.1216	796830719112980
0.0242	0.1216	-2.25217976272873e+15
0.0264	0.1216	-4.38839591628564e+15
0.0286	0.1216	-3.49971522476216e+15
0.0308	0.1216	-9.32769183861574e+16
0.033	0.1216	1.72688396172195e+17
0.0352	0.1216	-3.03246776153712e+17
0.0374	0.1216	1.04666437292778e+18
0.0396	0.1216	-1.34238624475994e+18
0.0418	0.1216	2.06769331135585e+18
0.044	0.1216	-7.06797933948422e+18
0.0462	0.1216	4.23976190154183e+19
0.0484	0.1216	-2.84733178823556e+20
0.0506	0.1216	1.93687901517921e+21
0.0528	0.1216	-1.30083366920893e+22
0.055	0.1216	8.61946745957965e+22
0.0572	0.1216	-5.62146236314171e+23
0.0594	0.1216	3.59479781377496e+24
0.0616	0.1216	-2.24140945279928e+25
0.0638	0.1216	1.35139092047708e+26
0.066	0.1216	-7.78040213824501e+26
0.0682	0.1216	4.19431138935459e+27
0.0704	0.1216	-2.04938483326682e+28
0.0726	0.1216	8.55099055127212e+28
0.0748	0.1216	-2.67687951699499e+29
0.077	0.1216	-3.30864318859234e+29
0.0792	0.1216	-3.52749832242543e+29
0.0814	0.1216	-4.20514086167917e+29
0.0836	0.1216	-4.52713193403194e+29
0.0858	0.1216	-5.2644520226019e+29
0.088	0.1216	-5.75654293064886e+29
0.0902	0.1216	-6.65418598109166e+29
0.0924	0.1216	-6.6570707785576e+29
0.0946	0.1216	-7.39426445106859e+29
0.0968	0.1216	-7.96939320591176e+29
0.099	0.1216	-8.83334843512715e+29
0.1012	0.1216	-9.54336472533305e+29
0.1034	0.1216	-1.05299134806781e+30
0.1056	0.1216	-1.14223268607568e+30
0.1078	0.1216	-1.2449782668941e+30
0.11	0.1216	-1.35198651538556e+30
0	0.1248	-4516729772.54078
0.0022	0.1248	8952639515.33677
0.0044	0.1248	-67809979298.4428
0.0066	0.1248	285124248376.078
0.0088	0.1248	-697505023138.76
0.011	0.1248	472969381753.945
0.0132	0.1248	-9435686196655.8
0.0154	0.1248	-11038198439754.3
0.0176	0.1248	64575911953165.3
0.0198	0.1248	325429532336911
0.022	0.1248	697088440151398
0.0242	0.1248	-1.94472526710063e+15
0.0264	0.1248	-5.65010626511428e+15
0.0286	0.1248	-420498458792634
0.0308	0.1248	2.0054078496375e+16
0.033	0.1248	-3.88991418056202e+16
0.0352	0.1248	7.51920555181617e+16
0.0374	0.1248	-2.21362719290385e+17
0.0396	0.1248	3.21510730709461e+17
0.0418	0.1248	-7.02136412005762e+17
0.044	0.1248	3.25948559705411e+18
0.0462	0.1248	-2.05698169424579e+19
0.0484	0.1248	1.35654665039152e+20
0.0506	0.1248	-8.91615759349854e+20
0.0528	0.1248	5.77444077462746e+21
0.055	0.1248	-3.67651659794903e+22
0.0572	0.1248	2.29325588854215e+23
0.0594	0.1248	-1.3945720494866e+24
0.0616	0.1248	8.21229789699703e+24
0.0638	0.1248	-4.63851179946186e+25
0.066	0.1248	2.47842752686607e+26
0.0682	0.1248	-1.22690111645365e+27
0.0704	0.1248	5.44324827389139e+27
0.0726	0.1248	-2.04362312341053e+28
0.0748	0.1248	5.81562118005754e+28
0.077	0.1248	7.51804407586013e+28
0.0792	0.1248	8.14182239446761e+28
0.0814	0.1248	9.98659822232788e+28
0.0836	0.1248	1.09124162021102e+29
0.0858	0.1248	1.29420624246316e+29
0.088	0.1248	1.43499699712253e+29
0.0902	0.1248	1.68360885922412e+29
0.0924	0.1248	1.70209798561634e+29
0.0946	0.1248	1.91166019704043e+29
0.0968	0.1248	2.08279020836248e+29
0.099	0.1248	2.33006199414195e+29
0.1012	0.1248	2.54179861271428e+29
0.1034	0.1248	2.82673661992357e+29
0.1056	0.1248	3.09247380044948e+29
0.1078	0.1248	3.39507668298325e+29
0.11	0.1248	3.71447360154482e+29
0	0.128	-6772623159.14084
0.0022	0.128	-17936503231.2108
0.0044	0.128	38281549901.9517
0.0066	0.128	-2268549990.30326
0.0088	0.128	67029281071.2517
0.011	0.128	-1547414344899.32
0.0132	0.128	-4828798157163.61
0.0154	0.128	-25626541172226.7
0.0176	0.128	101143389709386
0.0198	0.128	255857497388079
0.022	0.128	958522535995534
0.0242	0.128	-2.55960120770437e+15
0.0264	0.128	1.23377782282568e+15
0.0286	0.128	334265543496019
0.0308	0.128	-4.36975555318489e+15
0.033	0.128	8.84341863686175e+15
0.0352	0.128	-1.8149817098824e+16
0.0374	0.128	4.87098514212903e+16
0.0396	0.128	-8.6398412560975e+16
0.0418	0.128	2.71242843061245e+17
0.044	0.128	-1.4822695504876e+18
0.0462	0.128	9.39916655155003e+18
0.0484	0.128	-6.03466635301702e+19
0.0506	0.128	3.832314234153e+20
0.0528	0.128	-2.39173354854733e+21
0.055	0.128	1.46235139174155e+22
0.0572	0.128	-8.72294970902972e+22
0.0594	0.128	5.04805354702913e+23
0.0616	0.128	-2.8130357830155e+24
0.0638	0.128	1.49398721038943e+25
0.066	0.128	-7.45302815880485e+25
0.0682	0.128	3.41904632271774e+26
0.0704	0.128	-1.39607068994906e+27
0.0726	0.128	4.8130944200281e+27
0.0748	0.128	-1.28433980263318e+28
0.077	0.128	-1.74096651694343e+28
0.0792	0.128	-1.91606054048895e+28
0.0814	0.128	-2.41564472811089e+28
0.0836	0.128	-2.67799348008979e+28
0.0858	0.128	-3.23338730501591e+28
0.088	0.128	-3.6315081333125e+28
0.0902	0.128	-4.31607877589619e+28
0.0924	0.128	-4.40826450605382e+28
0.0946	0.128	-4.99843424963525e+28
0.0968	0.128	-5.49851150634375e+28
0.099	0.128	-6.19954605973403e+28
0.1012	0.128	-6.82005423194255e+28
0.1034	0.128	-7.6346841248607e+28
0.1056	0.128	-8.41338913921477e+28
0.1078	0.128	-9.29290543512674e+28
0.11	0.128	-1.0231489211725e+29
0	0.1312	-2468064601.44164
0.0022	0.1312	-5654230986.45412
0.0044	0.1312	-44258321334.6601
0.0066	0.1312	227004762670.629
0.0088	0.1312	-504635162897.77
0.011	0.1312	-115204877542.679
0.0132	0.1312	-9215344262698.61
0.0154	0.1312	-16979764888744.1
0.0176	0.1312	75471868994357.9
0.0198	0.1312	354198071424659
0.022	0.1312	-246067583910414
0.0242	0.1312	501064549017741
0.0264	0.1312	-248123162533668
0.0286	0.1312	-119890039851935
0.0308	0.1312	964168708452263
0.033	0.1312	-2.0285434731282e+15
0.0352	0.1312	4.36889739044399e+15
0.0374	0.1312	-1.14623213192258e+16
0.0396	0.1312	2.66461548110153e+16
0.0418	0.1312	-1.11026355287893e+17
0.044	0.1312	6.49554147567366e+17
0.0462	0.1312	-4.05873072623858e+18
0.0484	0.1312	2.52918201702636e+19
0.0506	0.1312	-1.55198515199863e+20
0.0528	0.1312	9.33433621542288e+20
0.055	0.1312	-5.48264272141004e+21
0.0572	0.1312	3.13028020178822e+22
0.0594	0.1312	-1.72676252338349e+23
0.0616	0.1312	9.13005900775397e+23
0.0638	0.1312	-4.5776980957426e+24
0.066	0.1312	2.14448368193665e+25
0.0682	0.1312	-9.19058275383941e+25
0.0704	0.1312	3.49320236632177e+26
0.0726	0.1312	-1.12392273078473e+27
0.0748	0.1312	2.87300144250749e+27
0.077	0.1312	4.09348761025094e+27
0.0792	0.1312	4.57973493698176e+27
0.0814	0.1312	5.92727840507629e+27
0.0836	0.1312	6.66292348801095e+27
0.0858	0.1312	8.17579332490029e+27
0.088	0.1312	9.29179624837612e+27
0.0902	0.1312	1.11683216407642e+28
0.0924	0.1312	1.15187666352375e+28
0.0946	0.1312	1.31688666455068e+28
0.0968	0.1312	1.46108693437321e+28
0.099	0.1312	1.65837393712221e+28
0.1012	0.1312	1.83786861431603e+28
0.1034	0.1312	2.06891858130518e+28
0.1056	0.1312	2.29435092006512e+28
0.1078	0.1312	2.54738033049675e+28
0.11	0.1312	2.81992066950081e+28
0	0.1344	-12591949756.6097
0.0022	0.1344	-7910518940.4263
0.0044	0.1344	12317063343.8654
0.0066	0.1344	22829697873.1193
0.0088	0.1344	121115406589.687
0.011	0.1344	-1880651940544.3
0.0132	0.1344	-5147078186324.56
0.0154	0.1344	-31051130601558.8
0.0176	0.1344	111365144511756
0.0198	0.1344	-79265798014207.1
0.022	0.1344	58057751385684.5
0.0242	0.1344	-98763702461856.3
0.0264	0.1344	48854933665542.2
0.0286	0.1344	35531673366488
0.0308	0.1344	-215485847657454
0.033	0.1344	471522774017246
0.0352	0.1344	-1.07488978949188e+15
0.0374	0.1344	2.9768447857873e+15
0.0396	0.1344	-9.23121178750467e+15
0.0418	0.1344	4.57567150853382e+16
0.044	0.1344	-2.72655993442007e+17
0.0462	0.1344	1.66520170795804e+18
0.0484	0.1344	-1.00616331429412e+19
0.0506	0.1344	5.96813449194635e+19
0.0528	0.1344	-3.46114065327245e+20
0.055	0.1344	1.95472266980542e+21
0.0572	0.1344	-1.06971418532018e+22
0.0594	0.1344	5.63634067061353e+22
0.0616	0.1344	-2.83584133271817e+23
0.0638	0.1344	1.34763481134186e+24
0.066	0.1344	-5.9599682841327e+24
0.0682	0.1344	2.40326618689065e+25
0.0704	0.1344	-8.58477319988175e+25
0.0726	0.1344	2.61124406558265e+26
0.0748	0.1344	-6.48548828287388e+26
0.077	0.1344	-9.73879844425241e+26
0.0792	0.1344	-1.10786140370132e+27
0.0814	0.1344	-1.47020992298456e+27
0.0836	0.1344	-1.6748731441484e+27
0.0858	0.1344	-2.08549714818419e+27
0.088	0.1344	-2.39623756586248e+27
0.0902	0.1344	-2.90877826474584e+27
0.0924	0.1344	-3.02792502037874e+27
0.0946	0.1344	-3.48666365787154e+27
0.0968	0.1344	-3.89826124239494e+27
0.099	0.1344	-4.45020378143461e+27
0.1012	0.1344	-4.96423900912739e+27
0.1034	0.1344	-5.6153646918561e+27
0.1056	0.1344	-6.2618045065482e+27
0.1078	0.1344	-6.98383820588262e+27
0.11	0.1344	-7.76779858871906e+27
0	0.1376	-3136309165.64464
0.0022	0.1376	-17094048638.4449
0.0044	0.1376	-20556815628.8702
0.0066	0.1376	140637389548.426
0.0088	0.1376	-214462178708.196
0.011	0.1376	-912539344591.907
0.0132	0.1376	-8756747641346.92
0.0154	0.1376	8213259336998.03
0.0176	0.1376	-22163000043206.6
0.0198	0.1376	16986000904280.6
0.022	0.1376	-13268259497018
0.0242	0.1376	19573236067055.8
0.0264	0.1376	-9410021597272.47
0.0286	0.1376	-9711606575897.85
0.0308	0.1376	48898383049697.5
0.033	0.1376	-112123302594019
0.0352	0.1376	277551602128398
0.0374	0.1376	-867757577311024
0.0396	0.1376	3.42272208441881e+15
0.0418	0.1376	-1.85089032447664e+16
0.044	0.1376	1.09695145648029e+17
0.0462	0.1376	-6.52644429242831e+17
0.0484	0.1376	3.82360189817762e+18
0.0506	0.1376	-2.19369943534977e+19
0.0528	0.1376	1.22776668571971e+20
0.055	0.1376	-6.67514406447077e+20
0.0572	0.1376	3.50705697843361e+21
0.0594	0.1376	-1.76889590126871e+22
0.0616	0.1376	8.49334985784691e+22
0.0638	0.1376	-3.83979170287835e+23
0.066	0.1376	1.61091381312535e+24
0.0682	0.1376	-6.15014063487768e+24
0.0704	0.1376	2.08156484243209e+25
0.0726	0.1376	-6.04695720113725e+25
0.0748	0.1376	1.47176880412085e+26
0.077	0.1376	2.33709980424115e+26
0.0792	0.1376	2.70410389513024e+26
0.0814	0.1376	3.67602723542513e+26
0.0836	0.1376	4.24196973365463e+26
0.0858	0.1376	5.35327661368578e+26
0.088	0.1376	6.2139183826039e+26
0.0902	0.1376	7.60974190878374e+26
0.0924	0.1376	7.990930436384e+26
0.0946	0.1376	9.26037250383173e+26
0.0968	0.1376	1.04258285367373e+27
0.099	0.1376	1.1962545144209e+27
0.1012	0.1376	1.34229323589247e+27
0.1034	0.1376	1.52482313878871e+27
0.1056	0.1376	1.70878211316656e+27
0.1078	0.1376	1.91345374003539e+27
0.11	0.1376	2.13724533295848e+27
0	0.1408	-17095860915.1545
0.0022	0.1408	-1474439701.47698
0.0044	0.1408	-10968902380.4728
0.0066	0.1408	35964090722.6568
0.0088	0.1408	165480045970.527
0.011	0.1408	-1941660288675.77
0.0132	0.1408	1924923586419.34
0.0154	0.1408	-1980800715228.2
0.0176	0.1408	4449256059870.13
0.0198	0.1408	-3629278984115.74
0.022	0.1408	2968563197652.34
0.0242	0.1408	-3894000687316.48
0.0264	0.1408	1765375726670.29
0.0286	0.1408	2553809037787.74
0.0308	0.1408	-11328191834495.9
0.033	0.1408	27672147928179.6
0.0352	0.1408	-76930161788846
0.0374	0.1408	280275964980022
0.0396	0.1408	-1.30011261637685e+15
0.0418	0.1408	7.27559526585852e+15
0.044	0.1408	-4.24187031733735e+16
0.0462	0.1408	2.45564945189605e+17
0.0484	0.1408	-1.39549888846968e+18
0.0506	0.1408	7.75022173693133e+18
0.0528	0.1408	-4.19044047580573e+19
0.055	0.1408	2.19616603448192e+20
0.0572	0.1408	-1.1096714642279e+21
0.0594	0.1408	5.36950573161008e+21
0.0616	0.1408	-2.46718814168574e+22
0.0638	0.1408	1.06481989104165e+23
0.066	0.1408	-4.25625064984773e+23
0.0682	0.1408	1.54695553941864e+24
0.0704	0.1408	-4.99491512523716e+24
0.0726	0.1408	1.39658787392699e+25
0.0748	0.1408	-3.34443681042512e+25
0.077	0.1408	-5.64205924292342e+25
0.0792	0.1408	-6.64277604660103e+25
0.0814	0.1408	-9.24448493671166e+25
0.0836	0.1408	-1.08019354458315e+26
0.0858	0.1408	-1.38024537177586e+26
0.088	0.1408	-1.61759064585028e+26
0.0902	0.1408	-1.9967998216657e+26
0.0924	0.1408	-2.11419953435195e+26
0.0946	0.1408	-2.46414678654552e+26
0.0968	0.1408	-2.79202140024853e+26
0.099	0.1408	-3.21815814444943e+26
0.1012	0.1408	-3.63037553277745e+26
0.1034	0.1408	-4.13981050423391e+26
0.1056	0.1408	-4.66003577283946e+26
0.1078	0.1408	-5.23701543994616e+26
0.11	0.1408	-5.87184602658482e+26
0	0.144	9131715276.41743
0.0022	0.144	-42523171536.5708
0.0044	0.144	29530347634.6086
0.0066	0.144	-24237759802.797
0.0088	0.144	-52658132947.3746
0.011	0.144	384195836970.985
0.0132	0.144	-413852731871.714
0.0154	0.144	460292866751.824
0.0176	0.144	-901014268885.513
0.0198	0.144	773490591590.495
0.022	0.144	-653911664923.741
0.0242	0.144	776361110521.328
0.0264	0.144	-319274284597.862
0.0286	0.144	-661601022227.063
0.0308	0.144	2703986183837.81
0.033	0.144	-7207521341632.06
0.0352	0.144	23084228519688.1
0.0374	0.144	-96895498290798
0.0396	0.144	492440243801620
0.0418	0.144	-2.77190418574086e+15
0.044	0.144	1.58194864554874e+16
0.0462	0.144	-8.90896992334571e+16
0.0484	0.144	4.91391007669193e+17
0.0506	0.144	-2.64412662448496e+18
0.0528	0.144	1.38267871914334e+19
0.055	0.144	-6.99507914875265e+19
0.0572	0.144	3.40500470965381e+20
0.0594	0.144	-1.58401701022956e+21
0.0616	0.144	6.98313145114825e+21
0.0638	0.144	-2.88639774646845e+22
0.066	0.144	1.1035550738954e+23
0.0682	0.144	-3.83669134645873e+23
0.0704	0.144	1.18848680309022e+24
0.0726	0.144	-3.21596200372098e+24
0.0748	0.144	7.57881671659201e+24
0.077	0.144	1.36706451599637e+25
0.0792	0.144	1.63894511111801e+25
0.0814	0.144	2.33422094802235e+25
0.0836	0.144	2.76115856875088e+25
0.0858	0.144	3.56970189568554e+25
0.088	0.144	4.22193038286168e+25
0.0902	0.144	5.25004315864265e+25
0.0924	0.144	5.60235140083064e+25
0.0946	0.144	6.56396470638417e+25
0.0968	0.144	7.48146675788521e+25
0.099	0.144	8.65915260935397e+25
0.1012	0.144	9.81646545205068e+25
0.1034	0.144	1.12329688636186e+26
0.1056	0.144	1.26964544420863e+26
0.1078	0.144	1.43154305037468e+26
0.11	0.144	1.61067651349467e+26
0	0.1472	-11141307774.9508
0.0022	0.1472	9489917015.72638
0.0044	0.1472	-33817038739.3115
0.0066	0.1472	4369871448.63772
0.0088	0.1472	15859987503.8346
0.011	0.1472	-77850407617.7285
0.0132	0.1472	89008082501.6234
0.0154	0.1472	-104420782656.574
0.0176	0.1472	183867714780.857
0.0198	0.1472	-164504245022.34
0.022	0.1472	142331220118.056
0.0242	0.1472	-154816953554.02
0.0264	0.1472	54356114372.7721
0.0286	0.1472	171858751199.682
0.0308	0.1472	-673223893479.252
0.033	0.1472	2006598425756.99
0.0352	0.1472	-7424105608650.04
0.0374	0.1472	34603190316100
0.0396	0.1472	-183525752551359
0.0418	0.1472	1.02414640214403e+15
0.044	0.1472	-5.70908299670218e+15
0.0462	0.1472	3.12847360430515e+16
0.0484	0.1472	-1.67603830456322e+17
0.0506	0.1472	8.74618612407662e+17
0.0528	0.1472	-4.42842012072599e+18
0.055	0.1472	2.16565317488384e+19
0.0572	0.1472	-1.0172737285398e+20
0.0594	0.1472	4.55888698613068e+20
0.0616	0.1472	-1.93297202864088e+21
0.0638	0.1472	7.6741329449336e+21
0.066	0.1472	-2.81622871299249e+22
0.0682	0.1472	9.40416276022612e+22
0.0704	0.1472	-2.80720549434561e+23
0.0726	0.1472	7.37576116204838e+23
0.0748	0.1472	-1.70501824375693e+24
0.077	0.1472	-3.31828153938155e+24
0.0792	0.1472	-4.05483050559812e+24
0.0814	0.1472	-5.91031295580359e+24
0.0836	0.1472	-7.07692304332135e+24
0.0858	0.1472	-9.25206615326692e+24
0.088	0.1472	-1.10390754143356e+25
0.0902	0.1472	-1.38216586759407e+25
0.0924	0.1472	-1.48592457116064e+25
0.0946	0.1472	-1.74944837043567e+25
0.0968	0.1472	-2.00505986256505e+25
0.099	0.1472	-2.32959049913022e+25
0.1012	0.1472	-2.65305595522345e+25
0.1034	0.1472	-3.04566647714923e+25
0.1056	0.1472	-3.45556231218489e+25
0.1078	0.1472	-3.90805081812089e+25
0.11	0.1472	-4.411268984016e+25
0	0.1504	8683578139.18439
0.0022	0.1504	-7183462940.79783
0.0044	0.1504	6757056452.14329
0.0066	0.1504	-869034611.87923
0.0088	0.1504	-4225463743.14321
0.011	0.1504	15963182971.099
0.0132	0.1504	-19155847574.4384
0.0154	0.1504	23303802041.3222
0.0176	0.1504	-37770282820.591
0.0198	0.1504	34925331579.8652
0.022	0.1504	-30684611575.9182
0.0242	0.1504	30801325425.4308
0.0264	0.1504	-8179996969.12771
0.0286	0.1504	-45477476811.7617
0.0308	0.1504	177116517702.545
0.033	0.1504	-598782144268.332
0.0352	0.1504	2505985220575.55
0.0374	0.1504	-12460322232860
0.0396	0.1504	66991643679326.5
0.0418	0.1504	-367912000463322
0.044	0.1504	2.00147329801069e+15
0.0462	0.1504	-1.06760648092298e+16
0.0484	0.1504	5.55924663753601e+16
0.0506	0.1504	-2.81587463189882e+17
0.0528	0.1504	1.38197486109025e+18
0.055	0.1504	-6.54140263834436e+18
0.0572	0.1504	2.96973420516165e+19
0.0594	0.1504	-1.28446388555512e+20
0.0616	0.1504	5.24954118924263e+20
0.0638	0.1504	-2.00702740583576e+21
0.066	0.1504	7.09103588769877e+21
0.0682	0.1504	-2.28200947238883e+22
0.0704	0.1504	6.58525627550208e+22
0.0726	0.1504	-1.68162321137613e+23
0.0748	0.1504	3.78384468407573e+23
0.077	0.1504	8.05331676496058e+23
0.0792	0.1504	1.00448671144737e+24
0.0814	0.1504	1.49926617298775e+24
0.0836	0.1504	1.81732116540395e+24
0.0858	0.1504	2.40190591085997e+24
0.088	0.1504	2.89049906096993e+24
0.0902	0.1504	3.64279236786095e+24
0.0924	0.1504	3.94423404171557e+24
0.0946	0.1504	4.6650344716392e+24
0.0968	0.1504	5.374771403399e+24
0.099	0.1504	6.267196483854e+24
0.1012	0.1504	7.16812169952942e+24
0.1034	0.1504	8.25374504080392e+24
0.1056	0.1504	9.39793429881201e+24
0.1078	0.1504	1.06588362937888e+25
0.11	0.1504	1.20676282761735e+25
0	0.1536	-1888584839.85214
0.0022	0.1536	1369989326.2725
0.0044	0.1536	-1302042619.74577
0.0066	0.1536	158346809.646808
0.0088	0.1536	1053101543.88149
0.011	0.1536	-3309318172.28731
0.0132	0.1536	4131362450.87381
0.0154	0.1536	-5150293536.10261
0.0176	0.1536	7814827432.24719
0.0198	0.1536	-7415781108.66153
0.022	0.1536	6572111166.27061
0.0242	0.1536	-6098044580.91813
0.0264	0.1536	842137632.95367
0.0286	0.1536	12496253569.4556
0.0308	0.1536	-49957838209.2325
0.033	0.1536	191170336943.464
0.0352	0.1536	-875857200174.852
0.0374	0.1536	4500851336550.19
0.0396	0.1536	-24124089830580.8
0.0418	0.1536	129838705533396
0.044	0.1536	-688738847783579
0.0462	0.1536	3.5757696519197e+15
0.0484	0.1536	-1.81004916175412e+16
0.0506	0.1536	8.90210167622622e+16
0.0528	0.1536	-4.23704615215278e+17
0.055	0.1536	1.94262226304047e+18
0.0572	0.1536	-8.53231221101565e+18
0.0594	0.1536	3.56626143017222e+19
0.0616	0.1536	-1.40716108232356e+20
0.0638	0.1536	5.19100505297634e+20
0.066	0.1536	-1.76972993866238e+21
0.0682	0.1536	5.50155723582223e+21
0.0704	0.1536	-1.53716456653763e+22
0.0726	0.1536	3.80778720598273e+22
0.0748	0.1536	-8.23522812817759e+22
0.077	0.1536	-1.95779450919918e+23
0.0792	0.1536	-2.4986261355763e+23
0.0814	0.1536	-3.82334210930364e+23
0.0836	0.1536	-4.6934972249626e+23
0.0858	0.1536	-6.27051096668413e+23
0.088	0.1536	-7.61056650769828e+23
0.0902	0.1536	-9.65212921875312e+23
0.0924	0.1536	-1.05234968663985e+24
0.0946	0.1536	-1.25017255773825e+24
0.0968	0.1536	-1.44771462975563e+24
0.099	0.1536	-1.69392691515099e+24
0.1012	0.1536	-1.94542478105988e+24
0.1034	0.1536	-2.24651409075174e+24
0.1056	0.1536	-2.56663340440911e+24
0.1078	0.1536	-2.91888886127317e+24
0.11	0.1536	-3.31415246261842e+24
0	0.1568	409361472.684069
0.0022	0.1568	-295427068.920043
0.0044	0.1568	263958890.799776
0.0066	0.1568	-24126061.171483
0.0088	0.1568	-267009639.959332
0.011	0.1568	721573608.924601
0.0132	0.1568	-928670690.154862
0.0154	0.1568	1176075193.06523
0.0176	0.1568	-1688349202.47315
0.0198	0.1568	1635637765.11694
0.022	0.1568	-1452916708.23939
0.0242	0.1568	1232723774.91919
0.0264	0.1568	101677314.501534
0.0286	0.1568	-3837180784.81113
0.0308	0.1568	16158325615.1121
0.033	0.1568	-69048270837.7778
0.0352	0.1568	335699312682.455
0.0374	0.1568	-1744247220823.05
0.0396	0.1568	9222360619278.65
0.0418	0.1568	-48450279962580
0.044	0.1568	250025476338728
0.0462	0.1568	-1.26091747489912e+15
0.0484	0.1568	6.19294125982416e+15
0.0506	0.1568	-2.95196102767132e+16
0.0528	0.1568	1.36024026835756e+17
0.055	0.1568	-6.03121165306545e+17
0.0572	0.1568	2.55917408630041e+18
0.0594	0.1568	-1.03244708677504e+19
0.0616	0.1568	3.92934243844519e+19
0.0638	0.1568	-1.39768350426499e+20
0.066	0.1568	4.59562244372901e+20
0.0682	0.1568	-1.37899141218952e+21
0.0704	0.1568	3.7209408523928e+21
0.0726	0.1568	-8.85221926580235e+21
0.0748	0.1568	1.76329296592251e+22
0.077	0.1568	4.97000370612786e+22
0.0792	0.1568	6.53461434090855e+22
0.0814	0.1568	1.03114833624039e+23
0.0836	0.1568	1.2848202111851e+23
0.0858	0.1568	1.73794701377532e+23
0.088	0.1568	2.12971101322077e+23
0.0902	0.1568	2.72050119889866e+23
0.0924	0.1568	2.98863979443346e+23
0.0946	0.1568	3.56789416683031e+23
0.0968	0.1568	4.15431210781807e+23
0.099	0.1568	4.87882766045661e+23
0.1012	0.1568	5.6274241993966e+23
0.1034	0.1568	6.51822277784984e+23
0.1056	0.1568	7.47321102737245e+23
0.1078	0.1568	8.52378164643046e+23
0.11	0.1568	9.70740482140599e+23
0	0.16	-155084136.195939
0.0022	0.16	136997931.308012
0.0044	0.16	-99578320.5072832
0.0066	0.16	11566875.8096758
0.0088	0.16	121610132.553959
0.011	0.16	-295298425.082375
0.0132	0.16	383386222.157922
0.0154	0.16	-487869012.289236
0.0176	0.16	673026098.772004
0.0198	0.16	-661447979.404132
0.022	0.16	586364461.125093
0.0242	0.16	-456630577.547817
0.0264	0.16	-168012398.730686
0.0286	0.16	2081724808.91084
0.0308	0.16	-9156334716.05966
0.033	0.16	41629320244.1699
0.0352	0.16	-207633006588.056
0.0374	0.16	1078690845105.84
0.0396	0.16	-5634843276640.88
0.0418	0.16	29098198269683.9
0.044	0.16	-147306341918980
0.0462	0.16	727918752650478
0.0484	0.16	-3.4994956382208e+15
0.0506	0.16	1.63111749902791e+16
0.0528	0.16	-7.3418207113538e+16
0.055	0.16	3.17653502043511e+17
0.0572	0.16	-1.3139275549123e+18
0.0594	0.16	5.16249516947676e+18
0.0616	0.16	-1.9120443280497e+19
0.0638	0.16	6.61525381848249e+19
0.066	0.16	-2.1151598716748e+20
0.0682	0.16	6.17082606163856e+20
0.0704	0.16	-1.61635558486486e+21
0.0726	0.16	3.70317046361891e+21
0.0748	0.16	-6.92371215326894e+21
0.077	0.16	-2.29979351871395e+22
0.0792	0.16	-3.09809712034852e+22
0.0814	0.16	-5.00629034132207e+22
0.0836	0.16	-6.31022882584399e+22
0.0858	0.16	-8.61492573091584e+22
0.088	0.16	-1.06354254584981e+23
0.0902	0.16	-1.36549491374096e+23
0.0924	0.16	-1.5087485854495e+23
0.0946	0.16	-1.80707154299386e+23
0.0968	0.16	-2.11246659923469e+23
0.099	0.16	-2.48789189323582e+23
0.1012	0.16	-2.87922246493968e+23
0.1034	0.16	-3.3426676213033e+23
0.1056	0.16	-3.84289366538103e+23
0.1078	0.16	-4.39198022292521e+23
0.11	0.16	-5.01306099568535e+23
