0	0	3.61072273591953e+33
0.0022	0	-1.64143638379779e+32
0.0044	0	1.05906957943091e+33
0.0066	0	-8.96791965776802e+33
0.0088	0	2.38039411476494e+34
0.011	0	-1.27434892186204e+34
0.0132	0	8.39135091633936e+33
0.0154	0	-1.25768498712054e+34
0.0176	0	9.6383375147051e+34
0.0198	0	-8.64479288656628e+34
0.022	0	6.3521401451715e+34
0.0242	0	-7.0564295790828e+34
0.0264	0	-1.05049548165198e+34
0.0286	0	2.51116913953161e+35
0.0308	0	-5.91126235511776e+35
0.033	0	8.19690295855861e+35
0.0352	0	-1.15402262939255e+36
0.0374	0	1.72187323536553e+36
0.0396	0	-1.48360777581974e+36
0.0418	0	-8.81895398489523e+34
0.044	0	4.56040317412312e+36
0.0462	0	-1.87406406349796e+37
0.0484	0	6.47040555945715e+37
0.0506	0	-1.92620701348087e+38
0.0528	0	4.24842307032376e+38
0.055	0	-9.85869702858085e+37
0.0572	0	-6.30026765253255e+39
0.0594	0	5.04829448680372e+40
0.0616	0	-2.8683945235342e+41
0.0638	0	1.39021025906956e+42
0.066	0	-6.07161661807035e+42
0.0682	0	2.43957389947937e+43
0.0704	0	-9.01574835719095e+43
0.0726	0	2.93740903093674e+44
0.0748	0	-6.43340546323031e+44
0.077	0	-5.38011595101746e+44
0.0792	0	-3.3452461490406e+44
0.0814	0	2.69108799552565e+45
0.0836	0	7.22970087291562e+44
0.0858	0	1.60294246533211e+45
0.088	0	1.07379097138212e+46
0.0902	0	2.67503529481649e+45
0.0924	0	-6.67459636464574e+45
0.0946	0	-5.82905983127708e+45
0.0968	0	-3.94798780124926e+45
0.099	0	-2.75794226149121e+45
0.1012	0	-1.74164467837193e+45
0.1034	0	-1.1073787831109e+45
0.1056	0	-7.04149051359825e+44
0.1078	0	-3.91039178371543e+44
0.11	0	-2.1406148088508e+44
0	0.0032	1.26428510745179e+33
0.0022	0.0032	7.09060836629747e+33
0.0044	0.0032	-8.90798018891234e+32
0.0066	0.0032	2.01419968308395e+34
0.0088	0.0032	-6.3535367649363e+34
0.011	0.0032	3.1076110686519e+34
0.0132	0.0032	-1.87795524915315e+34
0.0154	0.0032	1.34353868998086e+34
0.0176	0.0032	-2.54631140479702e+35
0.0198	0.0032	2.14845528178674e+35
0.022	0.0032	-1.49993520823761e+35
0.0242	0.0032	1.92020753897513e+35
0.0264	0.0032	-1.07288369624321e+34
0.0286	0.0032	-5.8987559634322e+35
0.0308	0.0032	1.46529614589657e+36
0.033	0.0032	-1.98152377441128e+36
0.0352	0.0032	2.77682425199695e+36
0.0374	0.0032	-4.3852128372583e+36
0.0396	0.0032	3.93525932873229e+36
0.0418	0.0032	-4.67861213229249e+35
0.044	0.0032	-8.9077735887008e+36
0.0462	0.0032	3.86454629582861e+37
0.0484	0.0032	-1.40299473665594e+38
0.0506	0.0032	4.51720558653172e+38
0.0528	0.0032	-1.18688229316933e+39
0.055	0.0032	1.70437995847375e+39
0.0572	0.0032	6.5588011278396e+39
0.0594	0.0032	-7.93095915116559e+40
0.0616	0.0032	5.05999377436521e+41
0.0638	0.0032	-2.61104511156898e+42
0.066	0.0032	1.19296162942612e+43
0.0682	0.0032	-4.98962525886437e+43
0.0704	0.0032	1.93356118600668e+44
0.0726	0.0032	-6.9582713746018e+44
0.0748	0.0032	2.39000820953679e+45
0.077	0.0032	2.14640903644415e+45
0.0792	0.0032	1.70225711051956e+45
0.0814	0.0032	-4.41837800266707e+45
0.0836	0.0032	-6.03645361930155e+44
0.0858	0.0032	-2.40922442486992e+45
0.088	0.0032	-2.08722033383164e+46
0.0902	0.0032	-4.87586415870392e+45
0.0924	0.0032	1.37968601466673e+46
0.0946	0.0032	1.21063793103918e+46
0.0968	0.0032	8.28997568406222e+45
0.099	0.0032	5.82970058233468e+45
0.1012	0.0032	3.77861680530569e+45
0.1034	0.0032	2.49487727130323e+45
0.1056	0.0032	1.73016814111189e+45
0.1078	0.0032	1.16790623698454e+45
0.11	0.0032	8.10464223809719e+44
0	0.0064	-6.51132407158568e+33
0.0022	0.0064	1.76632082100899e+34
0.0044	0.0064	-6.90484426918434e+33
0.0066	0.0064	-7.73502299025439e+34
0.0088	0.0064	3.21639808271596e+35
0.011	0.0064	-1.383136277124e+35
0.0132	0.0064	8.14556914944029e+34
0.0154	0.0064	5.42910301800346e+34
0.0176	0.0064	1.26278804315099e+36
0.0198	0.0064	-9.77964591666588e+35
0.022	0.0064	6.30313213067072e+35
0.0242	0.0064	-9.65359022903044e+35
0.0264	0.0064	2.54206283977444e+35
0.0286	0.0064	2.50216998557211e+36
0.0308	0.0064	-6.70689513832184e+36
0.033	0.0064	8.75032405483576e+36
0.0352	0.0064	-1.21048603264874e+37
0.0374	0.0064	2.06063343789773e+37
0.0396	0.0064	-1.91504985507629e+37
0.0418	0.0064	5.18194654624704e+36
0.044	0.0064	2.95287429339928e+37
0.0462	0.0064	-1.37528064559591e+38
0.0484	0.0064	5.282275620502e+38
0.0506	0.0064	-1.84006770654918e+39
0.0528	0.0064	5.56423047861853e+39
0.055	0.0064	-1.26039047682578e+40
0.0572	0.0064	4.93058497459417e+39
0.0594	0.0064	1.72441581146094e+41
0.0616	0.0064	-1.41990738333213e+42
0.0638	0.0064	8.15697024294622e+42
0.066	0.0064	-4.00032273883205e+43
0.0682	0.0064	1.78460348844393e+44
0.0704	0.0064	-7.46260558056335e+44
0.0726	0.0064	2.96013784206301e+45
0.0748	0.0064	-1.09832412783895e+46
0.077	0.0064	-1.00811213691117e+46
0.0792	0.0064	-8.46908618628321e+45
0.0814	0.0064	1.32151852312015e+46
0.0836	0.0064	2.32094563093669e+44
0.0858	0.0064	6.72963793994237e+45
0.088	0.0064	7.18875121599248e+46
0.0902	0.0064	1.64681199275568e+46
0.0924	0.0064	-4.89871790921705e+46
0.0946	0.0064	-4.32541791508435e+46
0.0968	0.0064	-3.02939103877591e+46
0.099	0.0064	-2.1632723635347e+46
0.1012	0.0064	-1.45175032605901e+46
0.1034	0.0064	-9.94552584209181e+45
0.1056	0.0064	-7.1691276506604e+45
0.1078	0.0064	-4.88890825441331e+45
0.11	0.0064	-3.22059875026251e+45
0	0.0096	-4.61355689281937e+33
0.0022	0.0096	4.2283918066649e+33
0.0044	0.0096	3.66766463853225e+34
0.0066	0.0096	-1.99755993923065e+35
0.0088	0.0096	6.02347092758903e+35
0.011	0.0096	5.25815174353723e+35
0.0132	0.0096	-4.43013415807096e+35
0.0154	0.0096	-9.01576379287877e+35
0.0176	0.0096	-6.55187718530388e+36
0.0198	0.0096	4.61412215675848e+36
0.022	0.0096	-2.67425341999092e+36
0.0242	0.0096	4.97543231361752e+36
0.0264	0.0096	-2.16034751673114e+36
0.0286	0.0096	-1.09664032140248e+37
0.0308	0.0096	3.21463096153481e+37
0.033	0.0096	-4.02417802473328e+37
0.0352	0.0096	5.43593179093635e+37
0.0374	0.0096	-1.00599786465996e+38
0.0396	0.0096	9.54622671138208e+37
0.0418	0.0096	-3.48364556266485e+37
0.044	0.0096	-1.01084359399732e+38
0.0462	0.0096	5.0428711469056e+38
0.0484	0.0096	-2.02809114284548e+39
0.0506	0.0096	7.49614755678756e+39
0.0528	0.0096	-2.48002747889809e+40
0.055	0.0096	6.80200148261321e+40
0.0572	0.0096	-1.13853645705834e+41
0.0594	0.0096	-2.53643477504984e+41
0.0616	0.0096	3.85127356526955e+42
0.0638	0.0096	-2.55058483958069e+43
0.066	0.0096	1.33640202206893e+44
0.0682	0.0096	-6.19411197766899e+44
0.0704	0.0096	2.66029645558664e+45
0.0726	0.0096	-1.08605552091005e+46
0.0748	0.0096	4.27548900492678e+46
0.077	0.0096	3.98755131916223e+46
0.0792	0.0096	3.39522075216976e+46
0.0814	0.0096	-4.65706335680627e+46
0.0836	0.0096	1.03412994608889e+45
0.0858	0.0096	-2.28736843859375e+46
0.088	0.0096	-2.66153003841663e+47
0.0902	0.0096	-6.17609201353815e+46
0.0924	0.0096	1.82100821835994e+47
0.0946	0.0096	1.61949757437047e+47
0.0968	0.0096	1.14584453572549e+47
0.099	0.0096	8.28865407019219e+46
0.1012	0.0096	5.67958067293257e+46
0.1034	0.0096	4.00353759556185e+46
0.1056	0.0096	2.97773349358647e+46
0.1078	0.0096	2.13930073448106e+46
0.11	0.0096	1.52313611376564e+46
0	0.0128	-8.44459780387826e+33
0.0022	0.0128	-3.13265452139077e+33
0.0044	0.0128	6.94140638605537e+34
0.0066	0.0128	-2.44043082642506e+35
0.0088	0.0128	6.1754644401087e+35
0.011	0.0128	8.22064682504546e+35
0.0132	0.0128	2.50535988704722e+36
0.0154	0.0128	8.16632953465521e+36
0.0176	0.0128	3.44793613705033e+37
0.0198	0.0128	-2.17351163004487e+37
0.022	0.0128	1.08256220798082e+37
0.0242	0.0128	-2.55293132609795e+37
0.0264	0.0128	1.49690833579052e+37
0.0286	0.0128	4.74131153235859e+37
0.0308	0.0128	-1.55494899325696e+38
0.033	0.0128	1.85409175734385e+38
0.0352	0.0128	-2.40778764521758e+38
0.0374	0.0128	4.92837824704992e+38
0.0396	0.0128	-4.73098590783207e+38
0.0418	0.0128	2.01831457330151e+38
0.044	0.0128	3.37974293835805e+38
0.0462	0.0128	-1.81154236163043e+39
0.0484	0.0128	7.59676012184251e+39
0.0506	0.0128	-2.95545886203304e+40
0.0528	0.0128	1.04815998905414e+41
0.055	0.0128	-3.2356844427036e+41
0.0572	0.0128	7.60917891773198e+41
0.0594	0.0128	-4.83931348268168e+41
0.0616	0.0128	-8.9077415767074e+42
0.0638	0.0128	7.62771230421589e+43
0.066	0.0128	-4.38795943032751e+44
0.0682	0.0128	2.13486302327498e+45
0.0704	0.0128	-9.4433843330592e+45
0.0726	0.0128	3.93558047505541e+46
0.0748	0.0128	-1.56833445478125e+47
0.077	0.0128	-1.4803418032883e+47
0.0792	0.0128	-1.26252460326523e+47
0.0814	0.0128	1.73430222142942e+47
0.0836	0.0128	-2.28471217193765e+45
0.0858	0.0128	8.53995240618171e+46
0.088	0.0128	9.97179723539494e+47
0.0902	0.0128	2.39325472035194e+47
0.0924	0.0128	-6.72972318188634e+47
0.0946	0.0128	-6.02015971831819e+47
0.0968	0.0128	-4.28390067566328e+47
0.099	0.0128	-3.12285726919039e+47
0.1012	0.0128	-2.16512355662848e+47
0.1034	0.0128	-1.5500528428113e+47
0.1056	0.0128	-1.17448972071008e+47
0.1078	0.0128	-8.67576837968505e+46
0.11	0.0128	-6.43020887952696e+46
0	0.016	1.62371094931971e+32
0.0022	0.016	-2.49158697445903e+34
0.0044	0.016	1.09063089472194e+35
0.0066	0.016	-3.04832109353387e+35
0.0088	0.016	6.20152648435905e+35
0.011	0.016	1.20838091571145e+36
0.0132	0.016	1.72335687214852e+36
0.0154	0.016	1.24835853081693e+37
0.0176	0.016	-1.84963935653821e+38
0.0198	0.016	1.01988335863051e+38
0.022	0.016	-4.01749559452933e+37
0.0242	0.016	1.30625234321091e+38
0.0264	0.016	-9.44007319816918e+37
0.0286	0.016	-2.0020642980255e+38
0.0308	0.016	7.58475012654147e+38
0.033	0.016	-8.55154913486484e+38
0.0352	0.016	1.04355251281061e+39
0.0374	0.016	-2.42193992516022e+39
0.0396	0.016	2.33307157875891e+39
0.0418	0.016	-1.08515703190424e+39
0.044	0.016	-1.10234757258274e+39
0.0462	0.016	6.35441651670196e+39
0.0484	0.016	-2.77176411413624e+40
0.0506	0.016	1.13031696754027e+41
0.0528	0.016	-4.25149891319495e+41
0.055	0.016	1.4307903478067e+42
0.0572	0.016	-4.0081157993348e+42
0.0594	0.016	7.07744032041025e+42
0.0616	0.016	1.22030771895008e+43
0.0638	0.016	-2.09443623607083e+44
0.066	0.016	1.39318380219763e+45
0.0682	0.016	-7.2265416351615e+45
0.0704	0.016	3.30971820914687e+46
0.0726	0.016	-1.41209574960558e+47
0.0748	0.016	5.74378093152917e+47
0.077	0.016	5.48393322233898e+47
0.0792	0.016	4.68273982074807e+47
0.0814	0.016	-6.470895550464e+47
0.0836	0.016	1.20862789246404e+45
0.0858	0.016	-3.20554435005994e+47
0.088	0.016	-3.7391076993951e+48
0.0902	0.016	-9.2849086940787e+47
0.0924	0.016	2.48461050727196e+48
0.0946	0.016	2.2352941081414e+48
0.0968	0.016	1.5985505276953e+48
0.099	0.016	1.1736662704236e+48
0.1012	0.016	8.22172100577336e+47
0.1034	0.016	5.96901883736803e+47
0.1056	0.016	4.59670458485787e+47
0.1078	0.016	3.47576299323707e+47
0.11	0.016	2.65341713606781e+47
0	0.0192	3.51768577454491e+32
0.0022	0.0192	-2.06505975376653e+34
0.0044	0.0192	7.97764025988796e+34
0.0066	0.0192	-1.42902220622907e+35
0.0088	0.0192	6.23684772511345e+33
0.011	0.0192	3.34684893993511e+36
0.0132	0.0192	-4.13321737598906e+36
0.0154	0.0192	3.0595101537578e+37
0.0176	0.0192	-2.49437076619471e+38
0.0198	0.0192	-4.45929633966213e+38
0.022	0.0192	1.25085055020935e+38
0.0242	0.0192	-6.66297640351091e+38
0.0264	0.0192	5.62278638630772e+38
0.0286	0.0192	8.143793618232e+38
0.0308	0.0192	-3.73380682928847e+39
0.033	0.0192	3.9543994207373e+39
0.0352	0.0192	-4.38036038732455e+39
0.0374	0.0192	1.19522966956174e+40
0.0396	0.0192	-1.14656238214808e+40
0.0418	0.0192	5.58079017461935e+39
0.044	0.0192	3.54554311624083e+39
0.0462	0.0192	-2.17513166958889e+40
0.0484	0.0192	9.84924377861926e+40
0.0506	0.0192	-4.20149269152275e+41
0.0528	0.0192	1.66584382473876e+42
0.055	0.0192	-6.00985295251546e+42
0.0572	0.0192	1.8884459038383e+43
0.0594	0.0192	-4.54531576165005e+43
0.0616	0.0192	3.45298165589472e+43
0.0638	0.0192	4.8458807598058e+44
0.066	0.0192	-4.21277377311959e+45
0.0682	0.0192	2.39463136767948e+46
0.0704	0.0192	-1.14623894670885e+47
0.0726	0.0192	5.03187909186987e+47
0.0748	0.0192	-2.1104989876782e+48
0.077	0.0192	-2.03853731755549e+48
0.0792	0.0192	-1.74386453067977e+48
0.0814	0.0192	2.40802325613637e+48
0.0836	0.0192	1.68557351813474e+46
0.0858	0.0192	1.19813000774174e+48
0.088	0.0192	1.40151475943302e+49
0.0902	0.0192	3.59378265339704e+48
0.0924	0.0192	-9.17412198467694e+48
0.0946	0.0192	-8.29914899457228e+48
0.0968	0.0192	-5.96346091744496e+48
0.099	0.0192	-4.40707614660652e+48
0.1012	0.0192	-3.11501505207446e+48
0.1034	0.0192	-2.2878715670091e+48
0.1056	0.0192	-1.78506512717928e+48
0.1078	0.0192	-1.37391676484475e+48
0.11	0.0192	-1.07159468506661e+48
0	0.0224	7.27275141772098e+33
0.0022	0.0224	-3.24532958867646e+34
0.0044	0.0224	1.00662910490623e+35
0.0066	0.0224	-1.74118833093383e+35
0.0088	0.0224	-1.98487856751603e+33
0.011	0.0224	3.52937504541751e+36
0.0132	0.0224	-3.35586842133945e+36
0.0154	0.0224	2.77809346201497e+37
0.0176	0.0224	-2.28935281671605e+38
0.0198	0.0224	-5.80300554983686e+38
0.022	0.0224	-1.63823615577605e+38
0.0242	0.0224	3.39129209769495e+39
0.0264	0.0224	-3.22530066417976e+39
0.0286	0.0224	-3.10623734315733e+39
0.0308	0.0224	1.85622171103133e+40
0.033	0.0224	-1.83746904100378e+40
0.0352	0.0224	1.74812317319925e+40
0.0374	0.0224	-5.9303056116968e+40
0.0396	0.0224	5.62066574155977e+40
0.0418	0.0224	-2.78973445601733e+40
0.044	0.0224	-1.15867102487713e+40
0.0462	0.0224	7.25930223072757e+40
0.0484	0.0224	-3.40503471309666e+41
0.0506	0.0224	1.51871813815927e+42
0.0528	0.0224	-6.32653628661596e+42
0.055	0.0224	2.42346571380697e+43
0.0572	0.0224	-8.30373811781909e+43
0.0594	0.0224	2.3654180631101e+44
0.0616	0.0224	-4.28967700638888e+44
0.0638	0.0224	-6.43329455665792e+44
0.066	0.0224	1.17444864504939e+46
0.0682	0.0224	-7.69983380343113e+46
0.0704	0.0224	3.89934147456706e+47
0.0726	0.0224	-1.76123654145639e+48
0.0748	0.0224	7.62276765331408e+48
0.077	0.0224	7.45000253913027e+48
0.0792	0.0224	6.36780194897582e+48
0.0814	0.0224	-9.08533152884973e+48
0.0836	0.0224	-2.65787692235058e+47
0.0858	0.0224	-4.60040273273457e+48
0.088	0.0224	-5.26530319359345e+49
0.0902	0.0224	-1.40142873355013e+49
0.0924	0.0224	3.37482503191901e+49
0.0946	0.0224	3.06898326654182e+49
0.0968	0.0224	2.21263649740783e+49
0.099	0.0224	1.64293614224899e+49
0.1012	0.0224	1.16836881633614e+49
0.1034	0.0224	8.65063559160617e+48
0.1056	0.0224	6.81218531604452e+48
0.1078	0.0224	5.30734708438035e+48
0.11	0.0224	4.19952664005258e+48
0	0.0256	1.92002603290747e+34
0.0022	0.0256	-3.31762970314191e+34
0.0044	0.0256	7.62346838337159e+34
0.0066	0.0256	-3.04058181710483e+34
0.0088	0.0256	-5.29367173927727e+35
0.011	0.0256	5.27519950575258e+36
0.0132	0.0256	-7.38775666815114e+36
0.0154	0.0256	3.94923417892655e+37
0.0176	0.0256	-2.71365427155624e+38
0.0198	0.0256	-5.34399309817216e+38
0.022	0.0256	-3.88983458806052e+38
0.0242	0.0256	4.19757374123829e+39
0.0264	0.0256	1.74870761851833e+40
0.0286	0.0256	1.04328129293637e+40
0.0308	0.0256	-9.32322808152913e+40
0.033	0.0256	8.60599398976634e+40
0.0352	0.0256	-6.37990725837354e+40
0.0374	0.0256	2.96184908295167e+41
0.0396	0.0256	-2.74994003033165e+41
0.0418	0.0256	1.36888582365052e+41
0.044	0.0256	4.09208892884638e+40
0.0462	0.0256	-2.35893574789287e+41
0.0484	0.0256	1.14286148045408e+42
0.0506	0.0256	-5.33522984318953e+42
0.0528	0.0256	2.33215743629039e+43
0.055	0.0256	-9.43269345318236e+43
0.0572	0.0256	3.47175414658434e+44
0.0594	0.0256	-1.10918981264403e+45
0.0616	0.0256	2.70274692439246e+45
0.0638	0.0256	-2.12396358733172e+45
0.066	0.0256	-2.78830955915002e+46
0.0682	0.0256	2.37550129129873e+47
0.0704	0.0256	-1.30155532287756e+48
0.0726	0.0256	6.04129675394171e+48
0.0748	0.0256	-2.6881243557271e+49
0.077	0.0256	-2.65975187080039e+49
0.0792	0.0256	-2.26251328950184e+49
0.0814	0.0256	3.48849139662789e+49
0.0836	0.0256	2.35803783002501e+48
0.0858	0.0256	1.82571370342715e+49
0.088	0.0256	1.98407488636396e+50
0.0902	0.0256	5.51607463933793e+49
0.0924	0.0256	-1.23501749499304e+50
0.0946	0.0256	-1.12857586573458e+50
0.0968	0.0256	-8.14714159793835e+49
0.099	0.0256	-6.06299487272336e+49
0.1012	0.0256	-4.32096069644845e+49
0.1034	0.0256	-3.20990798559913e+49
0.1056	0.0256	-2.53887754290348e+49
0.1078	0.0256	-1.98932482424224e+49
0.11	0.0256	-1.58446780746935e+49
0	0.0288	-9.45189500271837e+33
0.0022	0.0288	-1.66257084798554e+33
0.0044	0.0288	2.06776454823673e+34
0.0066	0.0288	1.07623221568232e+35
0.0088	0.0288	-8.78405340242042e+35
0.011	0.0288	6.13675190197424e+36
0.0132	0.0288	-7.73913925558135e+36
0.0154	0.0288	3.8529149950121e+37
0.0176	0.0288	-2.53437120530562e+38
0.0198	0.0288	-6.73652284316654e+38
0.022	0.0288	-1.17447492252803e+38
0.0242	0.0288	3.27925310354138e+39
0.0264	0.0288	2.17301938999567e+40
0.0286	0.0288	-2.72092887108066e+40
0.0308	0.0288	4.73208323455297e+41
0.033	0.0288	-4.07955007152437e+41
0.0352	0.0288	1.91410664677595e+41
0.0374	0.0288	-1.49086907572271e+42
0.0396	0.0288	1.34288081662785e+42
0.0418	0.0288	-6.63798878246266e+41
0.044	0.0288	-1.69362881152508e+41
0.0462	0.0288	7.44766679464396e+41
0.0484	0.0288	-3.71100419355921e+42
0.0506	0.0288	1.81827434560405e+43
0.0528	0.0288	-8.34540591683564e+43
0.055	0.0288	3.55242912162694e+44
0.0572	0.0288	-1.3926731508607e+45
0.0594	0.0288	4.86487071902761e+45
0.0616	0.0288	-1.40217879254482e+46
0.0638	0.0288	2.52940257921999e+46
0.066	0.0288	4.02206286677989e+46
0.0682	0.0288	-6.87457048538619e+47
0.0704	0.0288	4.2634584979754e+48
0.0726	0.0288	-2.02965098884819e+49
0.0748	0.0288	9.11974030983778e+49
0.077	0.0288	9.14901184110269e+49
0.0792	0.0288	7.69098551319209e+49
0.0814	0.0288	-1.37106124866498e+50
0.0836	0.0288	-1.71629417189676e+49
0.0858	0.0288	-7.5460964352013e+49
0.088	0.0288	-7.50836654485273e+50
0.0902	0.0288	-2.19826688316428e+50
0.0924	0.0288	4.4844880313351e+50
0.0946	0.0288	4.11581110577106e+50
0.0968	0.0288	2.96584392178681e+50
0.099	0.0288	2.20379417391214e+50
0.1012	0.0288	1.56467222624026e+50
0.1034	0.0288	1.1580246137461e+50
0.1056	0.0288	9.13460290032425e+49
0.1078	0.0288	7.13114474750083e+49
0.11	0.0288	5.65490829087333e+49
0	0.032	1.76273346156616e+34
0.0022	0.032	-3.50826167762341e+34
0.0044	0.032	8.23193121601034e+34
0.0066	0.032	-1.47616192033093e+34
0.0088	0.032	-6.12806938158801e+35
0.011	0.032	5.28514966752004e+36
0.0132	0.032	-3.04365395395066e+36
0.0154	0.032	2.19889980678222e+37
0.0176	0.032	-2.03892914317103e+38
0.0198	0.032	-9.31073357541147e+38
0.022	0.032	6.18839771052291e+38
0.0242	0.032	9.28253277559023e+38
0.0264	0.032	3.08229773214084e+40
0.0286	0.032	-5.93896811467903e+40
0.0308	0.032	5.99748812340464e+41
0.033	0.032	1.89745432380438e+42
0.0352	0.032	-2.57485629979865e+41
0.0374	0.032	7.57245103190631e+42
0.0396	0.032	-6.54290697646993e+42
0.0418	0.032	3.19736456368833e+42
0.044	0.032	8.4947728516699e+41
0.0462	0.032	-2.27523419141483e+42
0.0484	0.032	1.159256254812e+43
0.0506	0.032	-5.99243317458561e+43
0.0528	0.032	2.89612722900703e+44
0.055	0.032	-1.29521991224201e+45
0.0572	0.032	5.38251129943775e+45
0.0594	0.032	-2.02855401439366e+46
0.0616	0.032	6.58379684052794e+46
0.0638	0.032	-1.60001918502111e+47
0.066	0.032	1.05991915695932e+47
0.0682	0.032	1.76414616968788e+48
0.0704	0.032	-1.37318377022629e+49
0.0726	0.032	6.7234351557744e+49
0.0748	0.032	-2.88393969106906e+50
0.077	0.032	-2.94519810453334e+50
0.0792	0.032	-2.40980956313409e+50
0.0814	0.032	5.55430271789368e+50
0.0836	0.032	1.13228660180986e+50
0.0858	0.032	3.26945736304952e+50
0.088	0.032	2.85887487687097e+51
0.0902	0.032	8.90665779879039e+50
0.0924	0.032	-1.60881750734252e+51
0.0946	0.032	-1.4818013172369e+51
0.0968	0.032	-1.0605788076093e+51
0.099	0.032	-7.82071605322824e+50
0.1012	0.032	-5.47697948873862e+50
0.1034	0.032	-3.98977152827074e+50
0.1056	0.032	-3.09963762380309e+50
0.1078	0.032	-2.37042176653783e+50
0.11	0.032	-1.83327787516104e+50
0	0.0352	-1.4445604956502e+34
0.0022	0.0352	1.06266440069328e+34
0.0044	0.0352	-1.79198424581687e+34
0.0066	0.0352	2.58065458766293e+35
0.0088	0.0352	-1.33104371735946e+36
0.011	0.0352	7.26798086244829e+36
0.0132	0.0352	-6.81661275879194e+36
0.0154	0.0352	3.3254940532354e+37
0.0176	0.0352	-2.30409683375855e+38
0.0198	0.0352	-9.12616484547099e+38
0.022	0.0352	2.83093005124189e+38
0.0242	0.0352	2.25097477043594e+39
0.0264	0.0352	2.684943260901e+40
0.0286	0.0352	-3.48339351875953e+40
0.0308	0.0352	4.96440040352343e+41
0.033	0.0352	2.48322767787841e+42
0.0352	0.0352	-2.82351583755224e+42
0.0374	0.0352	-3.88526753650561e+43
0.0396	0.0352	3.1779935783407e+43
0.0418	0.0352	-1.5364102938804e+43
0.044	0.0352	-4.90148345970219e+42
0.0462	0.0352	6.6585089746891e+42
0.0484	0.0352	-3.45216773812818e+43
0.0506	0.0352	1.89951867175946e+44
0.0528	0.0352	-9.72870360004462e+44
0.055	0.0352	4.56788832073054e+45
0.0572	0.0352	-2.0068042777116e+46
0.0594	0.0352	8.10085005872101e+46
0.0616	0.0352	-2.89323290370217e+47
0.0638	0.0352	8.38841775817248e+47
0.066	0.0352	-1.42549020499776e+48
0.0682	0.0352	-3.2703427781003e+48
0.0704	0.0352	4.35833904946813e+49
0.0726	0.0352	-2.25776627207734e+50
0.0748	0.0352	7.83665286096247e+50
0.077	0.0352	8.25126024859958e+50
0.0792	0.0352	6.28296608018113e+50
0.0814	0.0352	-2.33541996841268e+51
0.0836	0.0352	-7.05602849897868e+50
0.0858	0.0352	-1.4890220666746e+51
0.088	0.0352	-1.09810518888482e+52
0.0902	0.0352	-3.6867690702021e+51
0.0924	0.0352	5.66109161294404e+51
0.0946	0.0352	5.22609613295841e+51
0.0968	0.0352	3.68352909550892e+51
0.099	0.0352	2.66605315260983e+51
0.1012	0.0352	1.80688817909453e+51
0.1034	0.0352	1.26331589466524e+51
0.1056	0.0352	9.39707274038282e+50
0.1078	0.0352	6.7465147606744e+50
0.11	0.0352	4.79559422354005e+50
0	0.0384	-1.87733935441049e+33
0.0022	0.0384	-2.77060232111396e+34
0.0044	0.0384	8.63438830228809e+34
0.0066	0.0384	-4.319820227253e+34
0.0088	0.0384	-4.35756080756111e+35
0.011	0.0384	4.25695338686447e+36
0.0132	0.0384	5.18541613868714e+36
0.0154	0.0384	-6.60392296576452e+36
0.0176	0.0384	-1.05311854671378e+38
0.0198	0.0384	-1.41872255368185e+39
0.022	0.0384	1.79997726948875e+39
0.0242	0.0384	-2.67941171194881e+39
0.0264	0.0384	4.47573513368653e+40
0.0286	0.0384	-9.88984913151989e+40
0.0308	0.0384	7.42984040149553e+41
0.033	0.0384	1.78837424051891e+42
0.0352	0.0384	1.05681555619533e+41
0.0374	0.0384	-5.41838717524806e+43
0.0396	0.0384	-1.47752061829772e+44
0.0418	0.0384	7.38137830824106e+43
0.044	0.0384	3.0118488070317e+43
0.0462	0.0384	-1.81199344914907e+43
0.0484	0.0384	9.64686929844689e+43
0.0506	0.0384	-5.73705532598379e+44
0.0528	0.0384	3.15477770233559e+45
0.055	0.0384	-1.55510104743984e+46
0.0572	0.0384	7.21247508832376e+46
0.0594	0.0384	-3.10597885707342e+47
0.0616	0.0384	1.20647378055872e+48
0.0638	0.0384	-3.98448767682868e+48
0.066	0.0384	9.44761963833003e+48
0.0682	0.0384	-2.13508494308504e+48
0.0704	0.0384	-1.35140283962556e+50
0.0726	0.0384	8.252249731097e+50
0.0748	0.0384	-1.28319318585822e+51
0.077	0.0384	-1.50587784174361e+51
0.0792	0.0384	-7.80621617036136e+50
0.0814	0.0384	1.02493015820658e+52
0.0836	0.0384	4.24479207900276e+51
0.0858	0.0384	7.11704592585948e+51
0.088	0.0384	4.270278283584e+52
0.0902	0.0384	1.56740761155884e+52
0.0924	0.0384	-1.92828968896869e+52
0.0946	0.0384	-1.78028958897422e+52
0.0968	0.0384	-1.21544647224198e+52
0.099	0.0384	-8.43816172958597e+51
0.1012	0.0384	-5.28924132156519e+51
0.1034	0.0384	-3.30320475472072e+51
0.1056	0.0384	-2.12760862152358e+51
0.1078	0.0384	-1.16505036177511e+51
0.11	0.0384	-4.57327544255495e+50
0	0.0416	2.23316134780745e+34
0.0022	0.0416	-4.95354215018145e+34
0.0044	0.0416	8.9225358115943e+34
0.0066	0.0416	3.89803273900443e+34
0.0088	0.0416	-7.28515984805401e+35
0.011	0.0416	5.3075370660594e+36
0.0132	0.0416	3.45143902096641e+36
0.0154	0.0416	2.18551743077111e+36
0.0176	0.0416	-1.35493532360885e+38
0.0198	0.0416	-1.35846135372686e+39
0.022	0.0416	1.18877898533475e+39
0.0242	0.0416	-9.72772976019824e+37
0.0264	0.0416	3.55581079903372e+40
0.0286	0.0416	-5.12458152454645e+40
0.0308	0.0416	5.40351752696508e+41
0.033	0.0416	2.81379830119651e+42
0.0352	0.0416	-2.82929347108773e+42
0.0374	0.0416	-4.28329986241092e+43
0.0396	0.0416	-2.19713625633401e+44
0.0418	0.0416	-3.3808098563611e+44
0.044	0.0416	-1.8799246601823e+44
0.0462	0.0416	4.11073554602197e+43
0.0484	0.0416	-2.45528374828803e+44
0.0506	0.0416	1.62102267573883e+45
0.0528	0.0416	-9.83981369118881e+45
0.055	0.0416	5.09474290822241e+46
0.0572	0.0416	-2.49293328173539e+47
0.0594	0.0416	1.14277392660581e+48
0.0616	0.0416	-4.7972826375871e+48
0.0638	0.0416	1.76693750339368e+49
0.066	0.0416	-5.14608278609313e+49
0.0682	0.0416	7.29071516204268e+49
0.0704	0.0416	4.00470914406886e+50
0.0726	0.0416	-4.37212462465424e+51
0.0748	0.0416	2.51389977462955e+52
0.077	0.0416	2.56607991393702e+52
0.0792	0.0416	2.14316805908049e+52
0.0814	0.0416	-4.53856103895739e+52
0.0836	0.0416	-8.53543514068119e+51
0.0858	0.0416	-2.76042415971034e+52
0.088	0.0416	-2.51893362273742e+53
0.0902	0.0416	-7.83999241701867e+52
0.0924	0.0416	1.48402918264411e+53
0.0946	0.0416	1.37897144623792e+53
0.0968	0.0416	9.93862897164916e+52
0.099	0.0416	7.34682924884773e+52
0.1012	0.0416	5.11850964886072e+52
0.1034	0.0416	3.67881959130779e+52
0.1056	0.0416	2.80430940748185e+52
0.1078	0.0416	2.07120900354434e+52
0.11	0.0416	1.52221321252126e+52
0	0.0448	4.62494411080244e+33
0.0022	0.0448	-8.13826358194843e+33
0.0044	0.0448	-2.69893153580602e+33
0.0066	0.0448	2.24438765370141e+35
0.0088	0.0448	-1.13599852984614e+36
0.011	0.0448	6.0450263434513e+36
0.0132	0.0448	4.16827758819567e+36
0.0154	0.0448	-1.07722767064997e+36
0.0176	0.0448	-1.30408603888416e+38
0.0198	0.0448	-1.46872837288625e+39
0.022	0.0448	1.33963585087111e+39
0.0242	0.0448	-4.20781033849511e+38
0.0264	0.0448	3.78298899847033e+40
0.0286	0.0448	-5.74819280094801e+40
0.0308	0.0448	5.74918996523122e+41
0.033	0.0448	2.90166268971368e+42
0.0352	0.0448	-2.5861482158746e+42
0.0374	0.0448	-4.85490583331729e+43
0.0396	0.0448	-2.27471845379671e+44
0.0418	0.0448	-4.22140038042389e+44
0.044	0.0448	-3.03387971443528e+44
0.0462	0.0448	1.75515688669157e+42
0.0484	0.0448	5.3216006623403e+44
0.0506	0.0448	-4.1070640601168e+45
0.0528	0.0448	2.93867662735662e+46
0.055	0.0448	-1.59949112776766e+47
0.0572	0.0448	8.25603391253174e+47
0.0594	0.0448	-4.02369983896168e+48
0.0616	0.0448	1.81861601513365e+49
0.0638	0.0448	-7.38881791583274e+49
0.066	0.0448	2.52948158289991e+50
0.0682	0.0448	-5.98917927869054e+50
0.0704	0.0448	-1.84359550590012e+50
0.0726	0.0448	1.28634101020659e+52
0.0748	0.0448	-9.23967077077883e+52
0.077	0.0448	-9.7121337477821e+52
0.0792	0.0448	-8.06225296205848e+52
0.0814	0.0448	1.86885520734417e+53
0.0836	0.0448	4.2371514742836e+52
0.0858	0.0448	1.17222009768726e+53
0.088	0.0448	1.02919215167191e+54
0.0902	0.0448	3.4066594027431e+53
0.0924	0.0448	-5.77949701577112e+53
0.0946	0.0448	-5.44324733568825e+53
0.0968	0.0448	-3.95555511037984e+53
0.099	0.0448	-2.95784653093632e+53
0.1012	0.0448	-2.09102020240854e+53
0.1034	0.0448	-1.53238125059623e+53
0.1056	0.0448	-1.19478591794882e+53
0.1078	0.0448	-9.10218476614668e+52
0.11	0.0448	-6.95460684699094e+52
0	0.048	2.05627579486232e+33
0.0022	0.048	-2.06490789510185e+34
0.0044	0.048	2.97272549250917e+34
0.0066	0.048	1.45001672670566e+35
0.0088	0.048	-7.9413524139848e+35
0.011	0.048	4.93595212852217e+36
0.0132	0.048	9.66591192998416e+36
0.0154	0.048	-1.48027179681189e+37
0.0176	0.048	-8.87741846873967e+37
0.0198	0.048	-1.64741542961149e+39
0.022	0.048	1.48522106147028e+39
0.0242	0.048	-3.78190088273443e+38
0.0264	0.048	3.74979021208281e+40
0.0286	0.048	-4.28511283638724e+40
0.0308	0.048	4.99881040023757e+41
0.033	0.048	3.43969101639738e+42
0.0352	0.048	-3.4539363426879e+42
0.0374	0.048	-4.58431583476883e+43
0.0396	0.048	-2.68142725293421e+44
0.0418	0.048	-4.3892419604615e+44
0.044	0.048	-3.7479887611657e+44
0.0462	0.048	6.8792445345223e+43
0.0484	0.048	-8.38837596413893e+44
0.0506	0.048	8.15889458783488e+45
0.0528	0.048	-8.35963771078016e+46
0.055	0.048	4.78608547209168e+47
0.0572	0.048	-2.60658942530875e+48
0.0594	0.048	1.34966463754267e+49
0.0616	0.048	-6.54776683201783e+49
0.0638	0.048	2.90623175407437e+50
0.066	0.048	-1.12931002460081e+51
0.0682	0.048	3.45816777888938e+51
0.0704	0.048	-5.17433249787132e+51
0.0726	0.048	-2.78431074662187e+52
0.0748	0.048	3.0629657803419e+53
0.077	0.048	3.37835338853728e+53
0.0792	0.048	2.74831475975952e+53
0.0814	0.048	-7.76112819294759e+53
0.0836	0.048	-2.23171546772459e+53
0.0858	0.048	-5.09061370453458e+53
0.088	0.048	-4.15126793287481e+54
0.0902	0.048	-1.48402094806003e+54
0.0924	0.048	2.16176287795028e+54
0.0946	0.048	2.07053501351253e+54
0.0968	0.048	1.51522008993129e+54
0.099	0.048	1.14518953972038e+54
0.1012	0.048	8.19615017929266e+53
0.1034	0.048	6.1095519101257e+53
0.1056	0.048	4.86095787247934e+53
0.1078	0.048	3.80316476096806e+53
0.11	0.048	2.99877325590044e+53
0	0.0512	1.94778937807732e+34
0.0022	0.0512	-1.39136761628697e+34
0.0044	0.0512	-4.10860653876891e+33
0.0066	0.0512	1.74460935303468e+35
0.0088	0.0512	-7.45520535894936e+35
0.011	0.0512	4.40080694579241e+36
0.0132	0.0512	1.40033892464612e+37
0.0154	0.0512	-2.69248181424688e+37
0.0176	0.0512	-6.10530914194463e+37
0.0198	0.0512	-1.81958132318074e+39
0.022	0.0512	1.76126703713772e+39
0.0242	0.0512	-1.03564926190431e+39
0.0264	0.0512	4.08588421955044e+40
0.0286	0.0512	-5.24290243675735e+40
0.0308	0.0512	5.48899807070237e+41
0.033	0.0512	3.46848688792904e+42
0.0352	0.0512	-2.74114580001108e+42
0.0374	0.0512	-5.37292866712409e+43
0.0396	0.0512	-2.69754426632474e+44
0.0418	0.0512	-5.86175970134951e+44
0.044	0.0512	-2.91526709144453e+44
0.0462	0.0512	-6.90538897517365e+44
0.0484	0.0512	2.60495831557568e+45
0.0506	0.0512	-2.49070056233611e+46
0.0528	0.0512	2.25865342943155e+47
0.055	0.0512	-1.3554843054133e+48
0.0572	0.0512	7.79518098043902e+48
0.0594	0.0512	-4.28932216033685e+49
0.0616	0.0512	2.23084424574336e+50
0.0638	0.0512	-1.07603071316909e+51
0.066	0.0512	4.66012314856007e+51
0.0682	0.0512	-1.69600489738467e+52
0.0704	0.0512	4.26068700157637e+52
0.0726	0.0512	9.59687990971391e+51
0.0748	0.0512	-9.16263813226398e+53
0.077	0.0512	-1.09657986886069e+54
0.0792	0.0512	-8.55061561706927e+53
0.0814	0.0512	3.29336274503181e+54
0.0836	0.0512	1.17776263856004e+54
0.0858	0.0512	2.27199396911025e+54
0.088	0.0512	1.69075935761587e+55
0.0902	0.0512	6.55694491911622e+54
0.0924	0.0512	-7.98311767172988e+54
0.0946	0.0512	-7.80139756620709e+54
0.0968	0.0512	-5.73921393876429e+54
0.099	0.0512	-4.37747929968031e+54
0.1012	0.0512	-3.16124691505373e+54
0.1034	0.0512	-2.38846152764819e+54
0.1056	0.0512	-1.93311374553391e+54
0.1078	0.0512	-1.54560997599164e+54
0.11	0.0512	-1.24893762517597e+54
0	0.0544	-1.96394891159095e+34
0.0022	0.0544	2.02005699299609e+34
0.0044	0.0544	-4.0523589326732e+34
0.0066	0.0544	2.15933739786267e+35
0.0088	0.0544	-6.63055871377979e+35
0.011	0.0544	4.0743685345784e+36
0.0132	0.0544	1.6867022540064e+37
0.0154	0.0544	-2.97107980146296e+37
0.0176	0.0544	-6.09997600499548e+37
0.0198	0.0544	-1.85206280915396e+39
0.022	0.0544	1.34544738667842e+39
0.0242	0.0544	9.81478376747344e+38
0.0264	0.0544	3.36958731377448e+40
0.0286	0.0544	-1.18334265282158e+40
0.0308	0.0544	3.77108413944158e+41
0.033	0.0544	4.38167609003189e+42
0.0352	0.0544	-4.88388781499432e+42
0.0374	0.0544	-4.63959228042511e+43
0.0396	0.0544	-3.33374487489891e+44
0.0418	0.0544	-5.38546793924475e+44
0.044	0.0544	-7.80723972270107e+44
0.0462	0.0544	1.12815013973444e+45
0.0484	0.0544	-6.84799640658822e+45
0.0506	0.0544	6.38795680679614e+46
0.0528	0.0544	-5.7075878339839e+47
0.055	0.0544	3.59896531938799e+48
0.0572	0.0544	-2.18863858425202e+49
0.0594	0.0544	1.28133994195549e+50
0.0616	0.0544	-7.14735342919756e+50
0.0638	0.0544	3.73993609218406e+51
0.066	0.0544	-1.79030233484211e+52
0.0682	0.0544	7.48529252200734e+52
0.0704	0.0544	-2.44928927871421e+53
0.0726	0.0544	3.83344364616477e+53
0.0748	0.0544	2.17566287107153e+54
0.077	0.0544	3.13031155961108e+54
0.0792	0.0544	2.19551325529453e+54
0.0814	0.0544	-1.43180980996461e+55
0.0836	0.0544	-6.2063550084063e+54
0.0858	0.0544	-1.04231488298691e+55
0.088	0.0544	-6.98145284981468e+55
0.0902	0.0544	-2.94619430165192e+55
0.0924	0.0544	2.90104677492332e+55
0.0946	0.0544	2.90677658382505e+55
0.0968	0.0544	2.1438308505401e+55
0.099	0.0544	1.64639165258103e+55
0.1012	0.0544	1.19390570747872e+55
0.1034	0.0544	9.10105903583294e+54
0.1056	0.0544	7.4681124492913e+54
0.1078	0.0544	6.07347863857455e+54
0.11	0.0544	4.99990533650417e+54
0	0.0576	4.5877012125841e+34
0.0022	0.0576	-3.79396995726341e+34
0.0044	0.0576	7.57825395419566e+34
0.0066	0.0576	-1.64925421496155e+35
0.0088	0.0576	5.50353366854191e+35
0.011	0.0576	2.31963064131928e+35
0.0132	0.0576	3.09771387335351e+37
0.0154	0.0576	-6.99193071297945e+37
0.0176	0.0576	5.22414494741971e+37
0.0198	0.0576	-2.29823369009471e+39
0.022	0.0576	2.47197490554617e+39
0.0242	0.0576	-2.541295653378e+39
0.0264	0.0576	4.71533850266733e+40
0.0286	0.0576	-5.93004513420811e+40
0.0308	0.0576	5.75316570000688e+41
0.033	0.0576	3.82127800323257e+42
0.0352	0.0576	-1.57892192171065e+42
0.0374	0.0576	-6.49504818875407e+43
0.0396	0.0576	-2.94867976041861e+44
0.0418	0.0576	-8.9506091968028e+44
0.044	0.0576	9.22246509582642e+43
0.0462	0.0576	-3.39239296449448e+45
0.0484	0.0576	1.60836857323535e+46
0.0506	0.0576	-1.49856767457029e+47
0.0528	0.0576	1.33173558413134e+48
0.055	0.0576	-8.84082652760617e+48
0.0572	0.0576	5.69647745960964e+49
0.0594	0.0576	-3.5555637321202e+50
0.0616	0.0576	2.130997795069e+51
0.0638	0.0576	-1.21069462749592e+52
0.066	0.0576	6.39084575599075e+52
0.0682	0.0576	-3.0277210058901e+53
0.0704	0.0576	1.19851975365531e+54
0.0726	0.0576	-3.19748358941678e+54
0.0748	0.0576	-1.52672362219695e+54
0.077	0.0576	-6.36610051294987e+54
0.0792	0.0576	-2.687965556928e+54
0.0814	0.0576	6.38232479166854e+55
0.0836	0.0576	3.2633532014781e+55
0.0858	0.0576	4.90734723630242e+55
0.088	0.0576	2.93256052670657e+56
0.0902	0.0576	1.34947804826026e+56
0.0924	0.0576	-1.02805433208722e+56
0.0946	0.0576	-1.0650433530044e+56
0.0968	0.0576	-7.84143357556766e+55
0.099	0.0576	-6.04296921469566e+55
0.1012	0.0576	-4.36842771689895e+55
0.1034	0.0576	-3.33846217437285e+55
0.1056	0.0576	-2.76752678867836e+55
0.1078	0.0576	-2.27892851203088e+55
0.11	0.0576	-1.90145890379106e+55
0	0.0608	-6.65972962198322e+34
0.0022	0.0608	9.95382073052746e+34
0.0044	0.0608	-1.67783129200561e+35
0.0066	0.0608	4.07288696319645e+35
0.0088	0.0608	-9.40068299042532e+35
0.011	0.0608	4.98303267090535e+36
0.0132	0.0608	1.7007613026996e+37
0.0154	0.0608	-1.43349158863654e+37
0.0176	0.0608	-1.48055882499196e+38
0.0198	0.0608	-1.65027546252985e+39
0.022	0.0608	-3.19284198164634e+38
0.0242	0.0608	7.63157722485858e+39
0.0264	0.0608	1.1737918344777e+40
0.0286	0.0608	8.7462672268145e+40
0.0308	0.0608	2.62895652574797e+39
0.033	0.0608	6.27578917032775e+42
0.0352	0.0608	-9.50799528668166e+42
0.0374	0.0608	-3.51309924173115e+43
0.0396	0.0608	-4.54027814885717e+44
0.0418	0.0608	-4.87869077114075e+44
0.044	0.0608	-2.12737710266404e+45
0.0462	0.0608	6.16892036469428e+45
0.0484	0.0608	-3.45159426029532e+46
0.0506	0.0608	3.18878497599191e+47
0.0528	0.0608	-2.81423868422876e+48
0.055	0.0608	1.97113686818477e+49
0.0572	0.0608	-1.34899125852359e+50
0.0594	0.0608	9.00211804769924e+50
0.0616	0.0608	-5.81500046453354e+51
0.0638	0.0608	3.59770086302435e+52
0.066	0.0608	-2.09780238732776e+53
0.0682	0.0608	1.12242050672189e+54
0.0704	0.0608	-5.23776991870561e+54
0.0726	0.0608	1.88245691494573e+55
0.0748	0.0608	-2.8121537880334e+55
0.077	0.0608	-4.24331755700153e+54
0.0792	0.0608	-1.9115438763683e+55
0.0814	0.0608	-2.91584062098797e+56
0.0836	0.0608	-1.71193266747196e+56
0.0858	0.0608	-2.36597962425091e+56
0.088	0.0608	-1.25872957467895e+57
0.0902	0.0608	-6.3212607288487e+56
0.0924	0.0608	3.4933667592567e+56
0.0946	0.0608	3.80199631476535e+56
0.0968	0.0608	2.77484115059474e+56
0.099	0.0608	2.13467584504543e+56
0.1012	0.0608	1.51944664787122e+56
0.1034	0.0608	1.15223413333096e+56
0.1056	0.0608	9.60798240981055e+55
0.1078	0.0608	7.97129642486443e+55
0.11	0.0608	6.70595031053462e+55
0	0.064	7.2044637096764e+34
0.0022	0.064	-9.73296928053464e+34
0.0044	0.064	3.09248927541203e+35
0.0066	0.064	-9.83766673190156e+35
0.0088	0.064	3.23098068986789e+36
0.011	0.064	-7.77769705827129e+36
0.0132	0.064	5.9167947507128e+37
0.0154	0.064	-1.43594201244034e+38
0.0176	0.064	2.58735148404643e+38
0.0198	0.064	-3.09044683914854e+39
0.022	0.064	4.16756798998494e+39
0.0242	0.064	-7.58180071214563e+39
0.0264	0.064	6.67964736459032e+40
0.0286	0.064	-1.1905016308216e+41
0.0308	0.064	8.22880525441999e+41
0.033	0.064	3.26220015732606e+42
0.0352	0.064	3.83734726000357e+42
0.0374	0.064	-9.44093151014073e+43
0.0396	0.064	-2.52528329013218e+44
0.0418	0.064	-1.57725998783466e+45
0.044	0.064	1.78189109692485e+45
0.0462	0.064	-1.27386435680515e+46
0.0484	0.064	6.52000457074474e+46
0.0506	0.064	-5.99465300319835e+47
0.0528	0.064	5.22898664728511e+48
0.055	0.064	-3.87315109242838e+49
0.0572	0.064	2.82347056113204e+50
0.0594	0.064	-2.02160418939377e+51
0.0616	0.064	1.41351758285268e+52
0.0638	0.064	-9.57121386894644e+52
0.066	0.064	6.19715324869445e+53
0.0682	0.064	-3.75872873795549e+54
0.0704	0.064	2.05749090680853e+55
0.0726	0.064	-9.36984971793329e+55
0.0748	0.064	2.71059458916398e+56
0.077	0.064	1.55546425688774e+56
0.0792	0.064	2.18405784058459e+56
0.0814	0.064	1.36430888331635e+57
0.0836	0.064	8.9645764404547e+56
0.0858	0.064	1.16656258509792e+57
0.088	0.064	5.55841678360347e+57
0.0902	0.064	3.04365982679148e+57
0.0924	0.064	-1.09870424310448e+57
0.0946	0.064	-1.30143198066671e+57
0.0968	0.064	-9.29633150531524e+56
0.099	0.064	-7.07479690350627e+56
0.1012	0.064	-4.83714392635204e+56
0.1034	0.064	-3.56474271786594e+56
0.1056	0.064	-2.97118868783874e+56
0.1078	0.064	-2.4677070648175e+56
0.11	0.064	-2.08003829735239e+56
0	0.0672	-3.74955770591505e+34
0.0022	0.0672	1.11845789451652e+35
0.0044	0.0672	-1.82206962022261e+35
0.0066	0.0672	4.3444367968911e+35
0.0088	0.0672	-1.17310600457863e+36
0.011	0.0672	7.05193984770541e+36
0.0132	0.0672	1.04930578808752e+37
0.0154	0.0672	3.3449954366166e+37
0.0176	0.0672	-3.62769824842595e+38
0.0198	0.0672	-9.89123626343828e+38
0.022	0.0672	-3.71695609212106e+39
0.0242	0.0672	2.03184343667873e+40
0.0264	0.0672	-3.10820618527911e+40
0.0286	0.0672	2.65829565795338e+41
0.0308	0.0672	-6.67489519495476e+41
0.033	0.0672	9.31004770265055e+42
0.0352	0.0672	-1.81363671625944e+43
0.0374	0.0672	-8.08432876132901e+42
0.0396	0.0672	-6.51168453344196e+44
0.0418	0.0672	-1.91760855048754e+44
0.044	0.0672	-5.02962216296363e+45
0.0462	0.0672	1.84257052990096e+46
0.0484	0.0672	-1.05068376171828e+47
0.0506	0.0672	9.52332622453482e+47
0.0528	0.0672	-8.12725137539721e+48
0.055	0.0672	6.38201487813774e+49
0.0572	0.0672	-4.97177649439492e+50
0.0594	0.0672	3.83575154969827e+51
0.0616	0.0672	-2.91931746391159e+52
0.0638	0.0672	2.17903800023995e+53
0.066	0.0672	-1.58075795277388e+54
0.0682	0.0672	1.09810136607474e+55
0.0704	0.0672	-7.11389041262518e+55
0.0726	0.0672	4.06944598893176e+56
0.0748	0.0672	-1.76783172221942e+57
0.077	0.0672	-1.22210366184757e+57
0.0792	0.0672	-1.50711384343978e+57
0.0814	0.0672	-6.54773544395217e+57
0.0836	0.0672	-4.69818939252308e+57
0.0858	0.0672	-5.899771708216e+57
0.088	0.0672	-2.55669145794944e+58
0.0902	0.0672	-1.52141770588309e+58
0.0924	0.0672	2.90872045233176e+57
0.0946	0.0672	4.1494236480286e+57
0.0968	0.0672	2.82498208875835e+57
0.099	0.0672	2.08875861608025e+57
0.1012	0.0672	1.28582718140627e+57
0.1034	0.0672	8.66438694867914e+56
0.1056	0.0672	7.13201169480904e+56
0.1078	0.0672	5.87078388358698e+56
0.11	0.0672	4.91176547653566e+56
0	0.0704	-1.2102063194302e+35
0.0022	0.0704	6.47535419529499e+34
0.0044	0.0704	1.78938580986734e+35
0.0066	0.0704	-9.44858907147726e+35
0.0088	0.0704	3.48814694631585e+36
0.011	0.0704	-8.33236466571517e+36
0.0132	0.0704	6.42882305296829e+37
0.0154	0.0704	-1.41570381757557e+38
0.0176	0.0704	2.25033753061475e+38
0.0198	0.0704	-3.13910177112181e+39
0.022	0.0704	3.44617350273757e+39
0.0242	0.0704	-5.12754408476835e+39
0.0264	0.0704	6.32945517016064e+40
0.0286	0.0704	-1.01096278968258e+41
0.0308	0.0704	8.20434589570345e+41
0.033	0.0704	3.50035169436861e+42
0.0352	0.0704	7.31169029588544e+42
0.0374	0.0704	-1.19257899519329e+44
0.0396	0.0704	-2.28657893757982e+44
0.0418	0.0704	-2.32568631568625e+45
0.044	0.0704	3.52905600675044e+45
0.0462	0.0704	-2.42929511014571e+46
0.0484	0.0704	1.3307217417388e+47
0.0506	0.0704	-1.17450072130502e+48
0.0528	0.0704	9.55592035704715e+48
0.055	0.0704	-7.98240143913416e+49
0.0572	0.0704	6.67202983973674e+50
0.0594	0.0704	-5.57460588804667e+51
0.0616	0.0704	4.65059095524456e+52
0.0638	0.0704	-3.86490413661453e+53
0.066	0.0704	3.185825304512e+54
0.0682	0.0704	-2.58386937366673e+55
0.0704	0.0704	2.03052221119453e+56
0.0726	0.0704	-1.49677878196935e+57
0.0748	0.0704	9.51392464834557e+57
0.077	0.0704	7.09015801209687e+57
0.0792	0.0704	8.5262089820731e+57
0.0814	0.0704	3.27746479418854e+58
0.0836	0.0704	2.4939133040055e+58
0.0858	0.0704	3.12526483935965e+58
0.088	0.0704	1.26142959279671e+59
0.0902	0.0704	8.07766825834139e+58
0.0924	0.0704	-4.17704736269012e+57
0.0946	0.0704	-1.18447267060081e+58
0.0968	0.0704	-7.22880268390811e+57
0.099	0.0704	-4.99753795831201e+57
0.1012	0.0704	-2.13255957674054e+57
0.1034	0.0704	-8.62976585359602e+56
0.1056	0.0704	-6.7379771079632e+56
0.1078	0.0704	-5.50513216388669e+56
0.11	0.0704	-4.56730188381944e+56
0	0.0736	2.76431497419626e+35
0.0022	0.0736	-3.63221426687893e+35
0.0044	0.0736	8.57577360933173e+35
0.0066	0.0736	-2.11608542034868e+36
0.0088	0.0736	5.46501800207804e+36
0.011	0.0736	-1.03698494836815e+37
0.0132	0.0736	6.2627788954377e+37
0.0154	0.0736	-9.84461358026605e+37
0.0176	0.0736	-8.11712317916868e+35
0.0198	0.0736	-2.24169675110681e+39
0.022	0.0736	-7.81743172745147e+38
0.0242	0.0736	1.13743916992143e+40
0.0264	0.0736	1.69598686393651e+39
0.0286	0.0736	1.60778321534531e+41
0.0308	0.0736	-2.5396994227932e+41
0.033	0.0736	8.19885042119853e+42
0.0352	0.0736	-1.03236512337422e+43
0.0374	0.0736	-4.47549827280447e+43
0.0396	0.0736	-6.13238350051543e+44
0.0418	0.0736	-9.1121620981698e+44
0.044	0.0736	-4.42427040242595e+45
0.0462	0.0736	1.57470440639681e+46
0.0484	0.0736	-1.11002857227937e+47
0.0506	0.0736	8.94708477354572e+47
0.0528	0.0736	-6.19802317475133e+48
0.055	0.0736	5.61409065817297e+49
0.0572	0.0736	-5.10715198787334e+50
0.0594	0.0736	4.66990403553165e+51
0.0616	0.0736	-4.31470594857418e+52
0.0638	0.0736	4.05116140659504e+53
0.066	0.0736	-3.88837189700839e+54
0.0682	0.0736	3.83716944051488e+55
0.0704	0.0736	-3.91228632283889e+56
0.0726	0.0736	4.13470859116342e+57
0.0748	0.0736	-4.53447203959063e+58
0.077	0.0736	-3.62888342300625e+58
0.0792	0.0736	-4.49790639015035e+58
0.0814	0.0736	-1.91572645397425e+59
0.0836	0.0736	-1.40235770810512e+59
0.0858	0.0736	-1.94154484176253e+59
0.088	0.0736	-7.36229661203086e+59
0.0902	0.0736	-4.79113188947646e+59
0.0924	0.0736	-1.78776992719842e+57
0.0946	0.0736	4.76689423953604e+58
0.0968	0.0736	2.76702853571769e+58
0.099	0.0736	1.89039319794293e+58
0.1012	0.0736	5.39553250097606e+57
0.1034	0.0736	1.05871993233663e+56
0.1056	0.0736	2.65542405779838e+56
0.1078	0.0736	5.54534224907856e+56
0.11	0.0736	6.71456944826884e+56
0	0.0768	-3.52886291053151e+35
0.0022	0.0768	4.8584315251478e+35
0.0044	0.0768	-8.37002266807631e+35
0.0066	0.0768	1.95173121894014e+36
0.0088	0.0768	-5.46322575002362e+36
0.011	0.0768	2.10639508595816e+37
0.0132	0.0768	-2.82728121640814e+37
0.0154	0.0768	1.86027734559804e+38
0.0176	0.0768	-8.91409757596605e+38
0.0198	0.0768	4.21459640882135e+38
0.022	0.0768	-9.53295903966204e+39
0.0242	0.0768	3.88254057004058e+40
0.0264	0.0768	-8.2885712227144e+40
0.0286	0.0768	4.48489208684943e+41
0.0308	0.0768	-1.18138863530265e+42
0.033	0.0768	1.13593761269695e+43
0.0352	0.0768	-1.80941218255831e+43
0.0374	0.0768	-3.11181940177151e+43
0.0396	0.0768	-6.69114609987906e+44
0.0418	0.0768	-1.27956815238805e+45
0.044	0.0768	-2.93041395344067e+45
0.0462	0.0768	7.71617727939647e+42
0.0484	0.0768	1.51022489225338e+46
0.0506	0.0768	8.99766763573142e+46
0.0528	0.0768	-3.15806179320895e+48
0.055	0.0768	2.23254038557759e+49
0.0572	0.0768	-1.6227383653941e+50
0.0594	0.0768	1.28124738736054e+51
0.0616	0.0768	-1.14628415019157e+52
0.0638	0.0768	1.17835628533284e+53
0.066	0.0768	-1.35686563702795e+54
0.0682	0.0768	1.67800807826331e+55
0.0704	0.0768	-2.1542644813787e+56
0.0726	0.0768	2.81542872691227e+57
0.0748	0.0768	-3.71125419742893e+58
0.077	0.0768	-3.63328229252222e+58
0.0792	0.0768	-3.47814545258742e+58
0.0814	0.0768	-1.62366264485291e+59
0.0836	0.0768	-1.36742564904148e+59
0.0858	0.0768	-1.34330029850388e+59
0.088	0.0768	-5.69533544289028e+59
0.0902	0.0768	-4.76053947450606e+59
0.0924	0.0768	-7.75883855880245e+58
0.0946	0.0768	4.31367825041467e+58
0.0968	0.0768	1.93787857239179e+58
0.099	0.0768	5.64214333302071e+57
0.1012	0.0768	-3.90994248883976e+57
0.1034	0.0768	-1.35827362802511e+55
0.1056	0.0768	5.01482819600849e+56
0.1078	0.0768	7.33742336995053e+56
0.11	0.0768	8.32412807212126e+56
0	0.08	3.13258867300085e+35
0.0022	0.08	-6.79747679958933e+35
0.0044	0.08	1.86551857420995e+36
0.0066	0.08	-5.0750317759624e+36
0.0088	0.08	1.43019150490148e+37
0.011	0.08	-3.70570391495086e+37
0.0132	0.08	1.51858924072874e+38
0.0154	0.08	-3.69270095916489e+38
0.0176	0.08	8.87323552748966e+38
0.0198	0.08	-5.48265349490507e+39
0.022	0.08	9.44282316998334e+39
0.0242	0.08	-2.46085729447121e+40
0.0264	0.08	1.35456024963104e+41
0.0286	0.08	-3.45942292467506e+41
0.0308	0.08	1.78449254869714e+42
0.033	0.08	4.92148164022309e+41
0.0352	0.08	2.50225699689006e+43
0.0374	0.08	-1.95183762530453e+44
0.0396	0.08	-1.12606856820452e+44
0.0418	0.08	-3.73173448454864e+45
0.044	0.08	4.84584871079424e+45
0.0462	0.08	-2.9625487804603e+46
0.0484	0.08	1.17849206647767e+47
0.0506	0.08	-1.34146145071198e+48
0.0528	0.08	1.33955008539356e+49
0.055	0.08	-1.0198564800737e+50
0.0572	0.08	7.71720780441714e+50
0.0594	0.08	-5.79862405752982e+51
0.0616	0.08	4.2826545412855e+52
0.0638	0.08	-3.03775471474813e+53
0.066	0.08	1.95089629093542e+54
0.0682	0.08	-9.1837099546268e+54
0.0704	0.08	-1.62707176116356e+55
0.0726	0.08	1.40290515766241e+57
0.0748	0.08	-2.92968254363962e+58
0.077	0.08	-4.55330669709135e+58
0.0792	0.08	-5.39581428588464e+58
0.0814	0.08	-1.66560724132912e+59
0.0836	0.08	-1.21222727390962e+59
0.0858	0.08	-1.87926930027263e+59
0.088	0.08	-6.12724222007473e+59
0.0902	0.08	-3.67603466330306e+59
0.0924	0.08	3.63096954241324e+57
0.0946	0.08	2.85022058330694e+58
0.0968	0.08	1.60467500176788e+58
0.099	0.08	1.99941963425459e+57
0.1012	0.08	2.08236177690711e+57
0.1034	0.08	5.12640439040055e+56
0.1056	0.08	3.75404061004655e+56
0.1078	0.08	7.71722171494857e+56
0.11	0.08	8.5477392151502e+56
0	0.0832	-1.13549947350056e+35
0.0022	0.0832	3.04364481795554e+35
0.0044	0.0832	-9.32327489510378e+35
0.0066	0.0832	3.17212858232092e+36
0.0088	0.0832	-1.10300880512985e+37
0.011	0.0832	4.32583829213435e+37
0.0132	0.0832	-1.04597726769556e+38
0.0154	0.0832	4.81449022039459e+38
0.0176	0.0832	-1.94431105918125e+39
0.0198	0.0832	3.86709290396647e+39
0.022	0.0832	-2.25560930818198e+40
0.0242	0.0832	8.38394061621677e+40
0.0264	0.0832	-2.35579029087887e+41
0.0286	0.0832	1.03575167924891e+42
0.0308	0.0832	-3.37744071660549e+42
0.033	0.0832	2.02431472033166e+43
0.0352	0.0832	-4.8295176424651e+43
0.0374	0.0832	8.2861111463258e+43
0.0396	0.0832	-1.26295605412533e+45
0.0418	0.0832	4.49581064607124e+44
0.044	0.0832	-1.39838292253239e+46
0.0462	0.0832	4.86196995421906e+46
0.0484	0.0832	-2.64648790947648e+47
0.0506	0.0832	2.62197157970892e+48
0.0528	0.0832	-2.32103780668742e+49
0.055	0.0832	1.80414608098181e+50
0.0572	0.0832	-1.4081831756449e+51
0.0594	0.0832	1.1125191956218e+52
0.0616	0.0832	-8.99195900460362e+52
0.0638	0.0832	7.55972261266693e+53
0.066	0.0832	-6.75507547677191e+54
0.0682	0.0832	6.54868793991598e+55
0.0704	0.0832	-6.95371548457497e+56
0.0726	0.0832	8.02740175145399e+57
0.0748	0.0832	-9.87599339673758e+58
0.077	0.0832	-1.24626778565291e+59
0.0792	0.0832	-1.33370444567571e+59
0.0814	0.0832	-1.41598700387827e+59
0.0836	0.0832	-1.19384551458353e+59
0.0858	0.0832	-1.22753848132465e+59
0.088	0.0832	-4.46346821325912e+59
0.0902	0.0832	-3.85148499175342e+59
0.0924	0.0832	-8.4561898921472e+58
0.0946	0.0832	3.08757656202475e+58
0.0968	0.0832	8.52305449721637e+57
0.099	0.0832	1.06740453036047e+57
0.1012	0.0832	-1.31956721936715e+57
0.1034	0.0832	-8.85790681654862e+55
0.1056	0.0832	7.17517663654375e+56
0.1078	0.0832	9.4678818048615e+56
0.11	0.0832	1.03950257652443e+57
0	0.0864	-1.71887415586205e+34
0.0022	0.0864	-3.35617419397502e+35
0.0044	0.0864	1.30394064166815e+36
0.0066	0.0864	-4.05181814617649e+36
0.0088	0.0864	1.24284703376139e+37
0.011	0.0864	-3.3714031912944e+37
0.0132	0.0864	1.55101711429413e+38
0.0154	0.0864	-3.83737177115528e+38
0.0176	0.0864	1.01060616116588e+39
0.0198	0.0864	-6.4322361722244e+39
0.022	0.0864	1.25791326289693e+40
0.0242	0.0864	-3.8883604463929e+40
0.0264	0.0864	2.01754696449861e+41
0.0286	0.0864	-6.24971043407743e+41
0.0308	0.0864	3.06457809796967e+42
0.033	0.0864	-4.69560084619776e+42
0.0352	0.0864	5.27223868642543e+43
0.0374	0.0864	-3.2158536365075e+44
0.0396	0.0864	3.0223295261046e+44
0.0418	0.0864	-6.45681436924882e+45
0.044	0.0864	1.35039946826469e+46
0.0462	0.0864	-7.8229646034528e+46
0.0484	0.0864	3.87037802130303e+47
0.0506	0.0864	-3.58172997676509e+48
0.0528	0.0864	2.96117566844259e+49
0.055	0.0864	-2.26320485397127e+50
0.0572	0.0864	1.69353464514053e+51
0.0594	0.0864	-1.22004954319742e+52
0.0616	0.0864	8.14360547521786e+52
0.0638	0.0864	-4.52527285351815e+53
0.066	0.0864	1.13416397346192e+54
0.0682	0.0864	2.22753407736539e+55
0.0704	0.0864	-5.75762700948317e+56
0.0726	0.0864	9.66741756961158e+57
0.0748	0.0864	-1.41962130964529e+59
0.077	0.0864	-1.66586597807992e+59
0.0792	0.0864	-1.72495361396848e+59
0.0814	0.0864	-2.02899306529468e+59
0.0836	0.0864	-2.22529399413799e+59
0.0858	0.0864	-2.57547446980122e+59
0.088	0.0864	-4.92560912833089e+59
0.0902	0.0864	-2.85646954476116e+59
0.0924	0.0864	1.53957242803765e+58
0.0946	0.0864	1.38658019917806e+58
0.0968	0.0864	1.05985883243431e+58
0.099	0.0864	1.59899159493971e+56
0.1012	0.0864	7.99039044526271e+56
0.1034	0.0864	6.95894641334237e+56
0.1056	0.0864	6.26336591703818e+56
0.1078	0.0864	1.03424474085914e+57
0.11	0.0864	1.09126074401966e+57
0	0.0896	6.01250592123268e+35
0.0022	0.0896	-4.9949407309687e+35
0.0044	0.0896	3.20088973487985e+35
0.0066	0.0896	7.34217030964274e+35
0.0088	0.0896	-5.78543445590992e+36
0.011	0.0896	3.20135326436246e+37
0.0132	0.0896	-7.36898154843026e+37
0.0154	0.0896	4.31670231468813e+38
0.0176	0.0896	-1.85494386595475e+39
0.0198	0.0896	3.47426312158418e+39
0.022	0.0896	-2.27547827019015e+40
0.0242	0.0896	8.52646306486963e+40
0.0264	0.0896	-2.37806402791832e+41
0.0286	0.0896	1.0666326695412e+42
0.0308	0.0896	-3.49224750613766e+42
0.033	0.0896	2.13703151442762e+43
0.0352	0.0896	-4.90730020643614e+43
0.0374	0.0896	8.83141419858476e+43
0.0396	0.0896	-1.47599376913513e+45
0.0418	0.0896	6.63613611904838e+44
0.044	0.0896	-2.05496620330812e+46
0.0462	0.0896	7.97817513878705e+46
0.0484	0.0896	-4.89309180772903e+47
0.0506	0.0896	4.31662881949333e+48
0.0528	0.0896	-3.48220587175687e+49
0.055	0.0896	2.88485248733998e+50
0.0572	0.0896	-2.44000278943695e+51
0.0594	0.0896	2.11826596507729e+52
0.0616	0.0896	-1.89909578428431e+53
0.0638	0.0896	1.76868300999947e+54
0.066	0.0896	-1.71894153817717e+55
0.0682	0.0896	1.74692784271698e+56
0.0704	0.0896	-1.85463589016968e+57
0.0726	0.0896	2.04914781695294e+58
0.0748	0.0896	-2.34314912512547e+59
0.077	0.0896	-2.70322262658639e+59
0.0792	0.0896	-2.79319831323709e+59
0.0814	0.0896	-3.15898074295514e+59
0.0836	0.0896	-3.28810658046879e+59
0.0858	0.0896	-3.67360859569164e+59
0.088	0.0896	-3.35889501680929e+59
0.0902	0.0896	-3.1705113367308e+59
0.0924	0.0896	-9.07443317129749e+58
0.0946	0.0896	2.43539367045522e+58
0.0968	0.0896	1.59477833052052e+57
0.099	0.0896	1.27199068233236e+57
0.1012	0.0896	-4.68961033064486e+56
0.1034	0.0896	2.01044149851314e+56
0.1056	0.0896	9.76002748898216e+56
0.1078	0.0896	1.24524933350507e+57
0.11	0.0896	1.29044707055544e+57
0	0.0928	-6.9978845513573e+35
0.0022	0.0928	1.05700193885592e+36
0.0044	0.0928	-1.84746542173346e+36
0.0066	0.0928	3.76561143581204e+36
0.0088	0.0928	-8.6251624884566e+36
0.011	0.0928	2.66310565202739e+37
0.0132	0.0928	-1.64473887049201e+37
0.0154	0.0928	1.57946143279149e+38
0.0176	0.0928	-6.56134716453618e+38
0.0198	0.0928	-1.54516314106111e+39
0.022	0.0928	-3.75480440828953e+39
0.0242	0.0928	1.20245725086939e+40
0.0264	0.0928	4.54939146607423e+40
0.0286	0.0928	-7.91409060665522e+40
0.0308	0.0928	1.25224287940391e+42
0.033	0.0928	1.87066170461329e+42
0.0352	0.0928	3.57956944174011e+43
0.0374	0.0928	-2.73200414435685e+44
0.0396	0.0928	4.41798884841691e+42
0.0418	0.0928	-6.44978724204086e+45
0.044	0.0928	9.7680529767273e+45
0.0462	0.0928	-7.64474253972491e+46
0.0484	0.0928	4.09366924797775e+47
0.0506	0.0928	-3.35835490951522e+48
0.0528	0.0928	2.30464126837098e+49
0.055	0.0928	-1.77500115253895e+50
0.0572	0.0928	1.35981351318515e+51
0.0594	0.0928	-1.02582824698035e+52
0.0616	0.0928	7.49820917422703e+52
0.0638	0.0928	-5.12739289242664e+53
0.066	0.0928	2.98227359544888e+54
0.0682	0.0928	-9.14108701567177e+54
0.0704	0.0928	-1.22200088305109e+56
0.0726	0.0928	3.57779496689523e+57
0.0748	0.0928	-6.3230879624148e+58
0.077	0.0928	-6.85579131273991e+58
0.0792	0.0928	-6.90697759736749e+58
0.0814	0.0928	-7.44880260531877e+58
0.0836	0.0928	-7.579769250053e+58
0.0858	0.0928	-8.119524636501e+58
0.088	0.0928	-9.52440197994684e+58
0.0902	0.0928	-1.15893169893883e+59
0.0924	0.0928	-1.83815089165026e+56
0.0946	0.0928	1.11777199880409e+58
0.0968	0.0928	7.01255014433948e+57
0.099	0.0928	-7.88522833589532e+56
0.1012	0.0928	5.20354053917069e+56
0.1034	0.0928	9.5628142671047e+56
0.1056	0.0928	9.95717823105093e+56
0.1078	0.0928	1.37797291866906e+57
0.11	0.0928	1.38162037389251e+57
0	0.096	5.39550151343127e+35
0.0022	0.096	-8.93109685732273e+35
0.0044	0.096	2.09022920224847e+36
0.0066	0.096	-5.31315174002111e+36
0.0088	0.096	1.37275458194604e+37
0.011	0.096	-3.03282703218855e+37
0.0132	0.096	1.36160438262838e+38
0.0154	0.096	-2.33299010329977e+38
0.0176	0.096	3.66530914075314e+38
0.0198	0.096	-4.33580898032954e+39
0.022	0.096	2.70721022728887e+39
0.0242	0.096	-2.8639972240029e+39
0.0264	0.096	7.6573813789662e+40
0.0286	0.096	-1.03952713150874e+41
0.0308	0.096	1.01326419462021e+42
0.033	0.096	4.64509514783627e+42
0.0352	0.096	2.02479499908204e+43
0.0374	0.096	-1.80729930291106e+44
0.0396	0.096	-6.17754709116529e+44
0.0418	0.096	-3.63005085909112e+45
0.044	0.096	-9.40923103018736e+45
0.0462	0.096	2.7970104121063e+46
0.0484	0.096	-2.90433867765373e+47
0.0506	0.096	1.75290677751126e+48
0.0528	0.096	-8.85480721778025e+48
0.055	0.096	5.6349451357522e+49
0.0572	0.096	-3.25686766842148e+50
0.0594	0.096	1.47739860487652e+51
0.0616	0.096	-1.55842145790176e+51
0.0638	0.096	-8.07352744583601e+52
0.066	0.096	1.47913053344338e+54
0.0682	0.096	-1.89896946480065e+55
0.0704	0.096	2.08164416229683e+56
0.0726	0.096	-2.01785178098136e+57
0.0748	0.096	1.67274709377112e+58
0.077	0.096	1.87449562240462e+58
0.0792	0.096	1.91601945801004e+58
0.0814	0.096	2.12650961652767e+58
0.0836	0.096	2.20178192987652e+58
0.0858	0.096	2.4206703011164e+58
0.088	0.096	2.82945857418583e+58
0.0902	0.096	3.4498319379878e+58
0.0924	0.096	6.5214252633242e+57
0.0946	0.096	4.06673847421603e+57
0.0968	0.096	2.7374306642632e+57
0.099	0.096	2.99812203939418e+56
0.1012	0.096	1.29913202342555e+56
0.1034	0.096	7.53372841847615e+56
0.1056	0.096	1.35403030442039e+57
0.1078	0.096	1.64380481602519e+57
0.11	0.096	1.59852430048777e+57
0	0.0992	-4.91495346611564e+35
0.0022	0.0992	9.74021461833437e+35
0.0044	0.0992	-2.049000731183e+36
0.0066	0.0992	4.891419820695e+36
0.0088	0.0992	-1.33782931469868e+37
0.011	0.0992	4.53003745968829e+37
0.0132	0.0992	-7.71519432514245e+37
0.0154	0.0992	4.05365156400818e+38
0.0176	0.0992	-1.52185352789719e+39
0.0198	0.0992	1.14692011922623e+39
0.022	0.0992	-1.43360084625237e+40
0.0242	0.0992	4.79638382900811e+40
0.0264	0.0992	-7.37637727528753e+40
0.0286	0.0992	3.8685536114592e+41
0.0308	0.0992	-4.9348726127964e+41
0.033	0.0992	9.25265126288692e+42
0.0352	0.0992	1.16072400230501e+43
0.0374	0.0992	-1.74090059319284e+44
0.0396	0.0992	-6.13898078724091e+44
0.0418	0.0992	-4.86714621686795e+45
0.044	0.0992	-4.05151618071766e+45
0.0462	0.0992	-2.36770876192138e+46
0.0484	0.0992	9.75028108330949e+46
0.0506	0.0992	-6.12673046468939e+47
0.0528	0.0992	8.85916202134069e+47
0.055	0.0992	2.70094201820971e+48
0.0572	0.0992	-9.56974145020168e+49
0.0594	0.0992	1.33250127297557e+51
0.0616	0.0992	-1.48232658392752e+52
0.0638	0.0992	1.46852291784531e+53
0.066	0.0992	-1.33681300489851e+54
0.0682	0.0992	1.12185137187522e+55
0.0704	0.0992	-8.51546798175166e+55
0.0726	0.0992	5.50865610261543e+56
0.0748	0.0992	-2.45503169221455e+57
0.077	0.0992	-2.92989040415864e+57
0.0792	0.0992	-3.06592874381355e+57
0.0814	0.0992	-3.57717101784225e+57
0.0836	0.0992	-3.81254561814581e+57
0.0858	0.0992	-4.36353587354115e+57
0.088	0.0992	-5.45834692808859e+57
0.0902	0.0992	-7.06546734201028e+57
0.0924	0.0992	-1.36014663453524e+56
0.0946	0.0992	5.91623035519173e+56
0.0968	0.0992	9.33218142312672e+56
0.099	0.0992	1.04898645760403e+57
0.1012	0.0992	1.13106459517186e+57
0.1034	0.0992	1.50376859066441e+57
0.1056	0.0992	1.50606110965312e+57
0.1078	0.0992	1.8371803536451e+57
0.11	0.0992	1.73148193726704e+57
0	0.1024	1.48252692972682e+35
0.0022	0.1024	-7.52804214486245e+35
0.0044	0.1024	2.61052584632835e+36
0.0066	0.1024	-7.97843743177675e+36
0.0088	0.1024	2.31912672495945e+37
0.011	0.1024	-6.15010682298915e+37
0.0132	0.1024	2.47752204724975e+38
0.0154	0.1024	-5.75359799580248e+38
0.0176	0.1024	1.53197613181603e+39
0.0198	0.1024	-8.66735648022002e+39
0.022	0.1024	1.63756040163433e+40
0.0242	0.1024	-5.12330678491829e+40
0.0264	0.1024	2.54361565097931e+41
0.0286	0.1024	-7.62923404895584e+41
0.0308	0.1024	3.5842421317029e+42
0.033	0.1024	-4.6459320015803e+42
0.0352	0.1024	6.13444097358723e+43
0.0374	0.1024	-3.37845728404642e+44
0.0396	0.1024	-2.24956423476104e+44
0.0418	0.1024	-6.27017327614696e+45
0.044	0.1024	-6.17209859414069e+45
0.0462	0.1024	6.3438654352021e+44
0.0484	0.1024	-1.82376403722792e+47
0.0506	0.1024	-6.31763724788152e+46
0.0528	0.1024	1.67287447350536e+48
0.055	0.1024	-1.69594625990663e+49
0.0572	0.1024	1.57642863496735e+50
0.0594	0.1024	-1.38378170473025e+51
0.0616	0.1024	1.15716924526074e+52
0.0638	0.1024	-9.23757173334766e+52
0.066	0.1024	7.02556331154877e+53
0.0682	0.1024	-5.069908923413e+54
0.0704	0.1024	3.46649554379089e+55
0.0726	0.1024	-2.28394177458342e+56
0.0748	0.1024	1.56922331257913e+57
0.077	0.1024	1.78303745550576e+57
0.0792	0.1024	1.84046194405241e+57
0.0814	0.1024	2.06766721475837e+57
0.0836	0.1024	2.16309226219451e+57
0.0858	0.1024	2.40658247283396e+57
0.088	0.1024	2.73421787742857e+57
0.0902	0.1024	3.25900773447285e+57
0.0924	0.1024	1.57240131048389e+57
0.0946	0.1024	1.47386200431467e+57
0.0968	0.1024	1.44106594729201e+57
0.099	0.1024	1.49825148961748e+57
0.1012	0.1024	1.53731975015775e+57
0.1034	0.1024	1.67612625970016e+57
0.1056	0.1024	1.90682830586982e+57
0.1078	0.1024	2.1755978463603e+57
0.11	0.1024	1.97156602913209e+57
0	0.1056	3.85883132050601e+35
0.0022	0.1056	-1.58639317252003e+35
0.0044	0.1056	-2.32506199459057e+35
0.0066	0.1056	1.60356479579724e+36
0.0088	0.1056	-7.73054424534117e+36
0.011	0.1056	3.79749038211815e+37
0.0132	0.1056	-6.91080136127408e+37
0.0154	0.1056	4.72606891793609e+38
0.0176	0.1056	-1.8902045665847e+39
0.0198	0.1056	2.4317405103225e+39
0.022	0.1056	-2.11246374061268e+40
0.0242	0.1056	7.33042803551095e+40
0.0264	0.1056	-1.6358872361028e+41
0.0286	0.1056	7.72910159765042e+41
0.0308	0.1056	-2.04998516602524e+42
0.033	0.1056	1.6442204956332e+43
0.0352	0.1056	-1.34344680972628e+43
0.0374	0.1056	-6.06904403486368e+43
0.0396	0.1056	-1.35210404614405e+45
0.0418	0.1056	-2.85954958958441e+45
0.044	0.1056	-2.17068842280632e+46
0.0462	0.1056	3.92070592881557e+46
0.0484	0.1056	8.68287703966078e+45
0.0506	0.1056	1.91905843774924e+47
0.0528	0.1056	-1.75858255772446e+48
0.055	0.1056	1.42776257720462e+49
0.0572	0.1056	-1.11477539384484e+50
0.0594	0.1056	8.35607779709813e+50
0.0616	0.1056	-5.95744128041432e+51
0.0638	0.1056	3.96106703775038e+52
0.066	0.1056	-2.3467025082955e+53
0.0682	0.1056	1.07464818708e+54
0.0704	0.1056	-9.19522920000988e+53
0.0726	0.1056	-6.64023788043643e+55
0.0748	0.1056	1.26377320810294e+57
0.077	0.1056	1.31920127114459e+57
0.0792	0.1056	1.31994416057182e+57
0.0814	0.1056	1.37143863027669e+57
0.0836	0.1056	1.37024669665548e+57
0.0858	0.1056	1.41755905422525e+57
0.088	0.1056	1.36444943720365e+57
0.0902	0.1056	1.33919892288081e+57
0.0924	0.1056	1.80571790288355e+57
0.0946	0.1056	1.94989360863777e+57
0.0968	0.1056	2.00916382252984e+57
0.099	0.1056	2.11770438423261e+57
0.1012	0.1056	2.16831477103567e+57
0.1034	0.1056	2.2601117531153e+57
0.1056	0.1056	2.27466905184305e+57
0.1078	0.1056	2.4367999425583e+57
0.11	0.1056	2.15530881771942e+57
0	0.1088	-3.79436589430608e+35
0.0022	0.1088	3.77820746024013e+35
0.0044	0.1088	9.64394932792441e+34
0.0066	0.1088	-1.79313676433533e+36
0.0088	0.1088	6.13661119963814e+36
0.011	0.1088	-1.12589223298404e+37
0.0132	0.1088	1.05107995978164e+38
0.0154	0.1088	-1.01074161895631e+38
0.0176	0.1088	6.10700645603393e+37
0.0198	0.1088	-4.39597273418471e+39
0.022	0.1088	1.43993489052374e+39
0.0242	0.1088	-4.2709255324844e+39
0.0264	0.1088	1.08552093589292e+41
0.0286	0.1088	-2.32362359853873e+41
0.0308	0.1088	1.74541659105186e+42
0.033	0.1088	2.54701325406869e+42
0.0352	0.1088	4.1226400413718e+43
0.0374	0.1088	-2.62863524572651e+44
0.0396	0.1088	-7.31352358619219e+44
0.0418	0.1088	-5.77045631712494e+45
0.044	0.1088	5.24562072615562e+45
0.0462	0.1088	-9.27505389387204e+45
0.0484	0.1088	1.59347540311889e+46
0.0506	0.1088	-1.6643264022207e+47
0.0528	0.1088	1.3096063220156e+48
0.055	0.1088	-9.90949176751191e+48
0.0572	0.1088	7.36355000993102e+49
0.0594	0.1088	-5.39129559890523e+50
0.0616	0.1088	3.91126078801863e+51
0.0638	0.1088	-2.84371536887702e+52
0.066	0.1088	2.11512501163374e+53
0.0682	0.1088	-1.66059199187811e+54
0.0704	0.1088	1.42523086000645e+55
0.0726	0.1088	-1.36501252305537e+56
0.0748	0.1088	1.44744400784156e+57
0.077	0.1088	1.55262524905444e+57
0.0792	0.1088	1.5728131283573e+57
0.0814	0.1088	1.67991997026551e+57
0.0836	0.1088	1.71043039799516e+57
0.0858	0.1088	1.82047476805444e+57
0.088	0.1088	1.8741953703182e+57
0.0902	0.1088	2.0059130218679e+57
0.0924	0.1088	1.93679328766217e+57
0.0946	0.1088	2.02653348368625e+57
0.0968	0.1088	2.07024132543109e+57
0.099	0.1088	2.17300252511499e+57
0.1012	0.1088	2.22878215457766e+57
0.1034	0.1088	2.34070556280899e+57
0.1056	0.1088	2.41604510230433e+57
0.1078	0.1088	2.5158833563334e+57
0.11	0.1088	2.60777822373752e+57
0	0.112	4.21197385994962e+35
0.0022	0.112	-5.47163673493969e+35
0.0044	0.112	1.06019749603644e+36
0.0066	0.112	-2.11426774135664e+36
0.0088	0.112	2.43604866265194e+36
0.011	0.112	9.64226239856119e+36
0.0132	0.112	2.40845970358158e+37
0.0154	0.112	2.23540372379206e+38
0.0176	0.112	-1.08237440629977e+39
0.0198	0.112	-6.08857145241032e+38
0.022	0.112	-1.23949211085742e+40
0.0242	0.112	4.24643004040925e+40
0.0264	0.112	-4.85505136016073e+40
0.0286	0.112	3.60462413230147e+41
0.0308	0.112	-4.43523876201691e+41
0.033	0.112	1.10340125288659e+43
0.0352	0.112	1.30041620504729e+43
0.0374	0.112	-1.56150609506344e+44
0.0396	0.112	-1.24179793018345e+45
0.0418	0.112	1.27448319277484e+45
0.044	0.112	-1.33609723297883e+45
0.0462	0.112	3.22988771448593e+45
0.0484	0.112	-1.4391534731438e+46
0.0506	0.112	1.14420913764883e+47
0.0528	0.112	-8.51751604801822e+47
0.055	0.112	6.24118358915122e+48
0.0572	0.112	-4.53679414195326e+49
0.0594	0.112	3.28206081603632e+50
0.0616	0.112	-2.37222106607427e+51
0.0638	0.112	1.7205387691084e+52
0.066	0.112	-1.25623046739924e+53
0.0682	0.112	9.22171260180227e+53
0.0704	0.112	-6.7259571103298e+54
0.0726	0.112	4.70864528608031e+55
0.0748	0.112	-2.87301909557035e+56
0.077	0.112	-3.17065201055088e+56
0.0792	0.112	-3.24518908709534e+56
0.0814	0.112	-3.5530415639443e+56
0.0836	0.112	-3.66218927006771e+56
0.0858	0.112	-3.98402626472831e+56
0.088	0.112	-4.16185843840103e+56
0.0902	0.112	-4.54781191497085e+56
0.0924	0.112	-4.42021334083049e+56
0.0946	0.112	-4.70182266886373e+56
0.0968	0.112	-4.87121740753714e+56
0.099	0.112	-5.19497426621473e+56
0.1012	0.112	-5.40586311910836e+56
0.1034	0.112	-5.76350685982918e+56
0.1056	0.112	-6.03669647189103e+56
0.1078	0.112	-6.37552960609353e+56
0.11	0.112	-6.7041245656612e+56
0	0.1152	-2.64166349427899e+35
0.0022	0.1152	5.14175125766674e+35
0.0044	0.1152	-5.19859597551806e+35
0.0066	0.1152	9.97794252031995e+34
0.0088	0.1152	-8.17085900248299e+34
0.011	0.1152	9.16870718012207e+36
0.0132	0.1152	5.04572111960329e+37
0.0154	0.1152	1.12468903887709e+38
0.0176	0.1152	-5.90448347260256e+38
0.0198	0.1152	-2.76696308775509e+39
0.022	0.1152	-5.1050191820688e+39
0.0242	0.1152	1.50824238968993e+40
0.0264	0.1152	5.51470010297934e+40
0.0286	0.1152	-3.09405271941472e+40
0.0308	0.1152	1.09427855291004e+42
0.033	0.1152	5.52032194193644e+42
0.0352	0.1152	3.67296411428678e+43
0.0374	0.1152	-2.40926823379557e+44
0.0396	0.1152	2.70715582837306e+44
0.0418	0.1152	-2.86288297385499e+44
0.044	0.1152	4.07966379868243e+44
0.0462	0.1152	-1.53362931663793e+45
0.0484	0.1152	9.40408406719547e+45
0.0506	0.1152	-6.91522498627963e+46
0.0528	0.1152	4.97064161008055e+47
0.055	0.1152	-3.53799649313829e+48
0.0572	0.1152	2.49960475537906e+49
0.0594	0.1152	-1.75339408358653e+50
0.0616	0.1152	1.22039856491237e+51
0.0638	0.1152	-8.40744329660012e+51
0.066	0.1152	5.6986347390254e+52
0.0682	0.1152	-3.75351652847576e+53
0.0704	0.1152	2.34416009338247e+54
0.0726	0.1152	-1.31846428314152e+55
0.0748	0.1152	5.84506260333152e+55
0.077	0.1152	6.67029721206014e+55
0.0792	0.1152	6.91079974379391e+55
0.0814	0.1152	7.77589140281894e+55
0.0836	0.1152	8.12606965406045e+55
0.0858	0.1152	9.04396151234928e+55
0.088	0.1152	9.59443079887568e+55
0.0902	0.1152	1.06996769814078e+56
0.0924	0.1152	1.04892570470562e+56
0.0946	0.1152	1.13363978035666e+56
0.0968	0.1152	1.19113237848869e+56
0.099	0.1152	1.28909530605362e+56
0.1012	0.1152	1.36012191168042e+56
0.1034	0.1152	1.46967450473497e+56
0.1056	0.1152	1.56005574765341e+56
0.1078	0.1152	1.66815465511121e+56
0.11	0.1152	1.77640644529439e+56
0	0.1184	2.10755638032719e+35
0.0022	0.1184	-4.38139378082713e+35
0.0044	0.1184	1.40522626615391e+36
0.0066	0.1184	-3.70982589437559e+36
0.0088	0.1184	7.26083772283224e+36
0.011	0.1184	-4.49370246951e+36
0.0132	0.1184	7.90118094974849e+37
0.0154	0.1184	9.10002109800332e+37
0.0176	0.1184	-6.14100150553343e+38
0.0198	0.1184	-2.64873223928622e+39
0.022	0.1184	-6.94799561151482e+39
0.0242	0.1184	2.19386021618547e+40
0.0264	0.1184	3.28810427008672e+40
0.0286	0.1184	7.23413191206058e+40
0.0308	0.1184	7.02921161297889e+41
0.033	0.1184	7.41823440415796e+42
0.0352	0.1184	-1.11751850448194e+43
0.0374	0.1184	4.90777635473492e+43
0.0396	0.1184	-5.83334094494634e+43
0.0418	0.1184	7.02547672031905e+43
0.044	0.1184	-1.55406234638264e+44
0.0462	0.1184	8.01882742361504e+44
0.0484	0.1184	-5.34834249827394e+45
0.0506	0.1184	3.76917215409267e+46
0.0528	0.1184	-2.62111340891417e+47
0.055	0.1184	1.80370692775771e+48
0.0572	0.1184	-1.22750578768803e+49
0.0594	0.1184	8.24360153988848e+49
0.0616	0.1184	-5.44281623112432e+50
0.0638	0.1184	3.51108621593495e+51
0.066	0.1184	-2.19030737058625e+52
0.0682	0.1184	1.29881367331905e+53
0.0704	0.1184	-7.10404381536403e+53
0.0726	0.1184	3.38138595874715e+54
0.0748	0.1184	-1.21794093988097e+55
0.077	0.1184	-1.44375202478542e+55
0.0792	0.1184	-1.51649894886566e+55
0.0814	0.1184	-1.75606794413108e+55
0.0836	0.1184	-1.86234068137573e+55
0.0858	0.1184	-2.11990054573985e+55
0.088	0.1184	-2.28390780012405e+55
0.0902	0.1184	-2.59565724155301e+55
0.0924	0.1184	-2.56982541316546e+55
0.0946	0.1184	-2.81804808536912e+55
0.0968	0.1184	-3.00063405520213e+55
0.099	0.1184	-3.28956790915145e+55
0.1012	0.1184	-3.51475988568392e+55
0.1034	0.1184	-3.84143418511698e+55
0.1056	0.1184	-4.12558465777567e+55
0.1078	0.1184	-4.45780529988046e+55
0.11	0.1184	-4.79802562773023e+55
0	0.1216	-3.26997436209137e+34
0.0022	0.1216	2.44809803126754e+35
0.0044	0.1216	-1.52128490559584e+35
0.0066	0.1216	-3.26066713507682e+35
0.0088	0.1216	-4.53036884491194e+35
0.011	0.1216	1.36035833067271e+37
0.0132	0.1216	4.29643092026854e+37
0.0154	0.1216	1.92884990979419e+38
0.0176	0.1216	-8.29747422792025e+38
0.0198	0.1216	-2.44921694189614e+39
0.022	0.1216	-7.70986512985865e+39
0.0242	0.1216	2.18186169070736e+40
0.0264	0.1216	4.25434611971978e+40
0.0286	0.1216	3.39168521114283e+40
0.0308	0.1216	9.04145968767058e+41
0.033	0.1216	-1.67389053511501e+42
0.0352	0.1216	2.9393922848035e+42
0.0374	0.1216	-1.0145386886352e+43
0.0396	0.1216	1.30118288543224e+43
0.0418	0.1216	-2.00422672922016e+43
0.044	0.1216	6.85104082750613e+43
0.0462	0.1216	-4.10963295927392e+44
0.0484	0.1216	2.75994004783089e+45
0.0506	0.1216	-1.87743122611088e+46
0.0528	0.1216	1.26090771069054e+47
0.055	0.1216	-8.35491359950962e+47
0.0572	0.1216	5.44892506949234e+48
0.0594	0.1216	-3.48446412556989e+49
0.0616	0.1216	2.17261477145279e+50
0.0638	0.1216	-1.30991322106138e+51
0.066	0.1216	7.54160137740495e+51
0.0682	0.1216	-4.06557707384523e+52
0.0704	0.1216	1.98648388827187e+53
0.0726	0.1216	-8.28853844339101e+53
0.0748	0.1216	2.59471914028846e+54
0.077	0.1216	3.20709234490638e+54
0.0792	0.1216	3.41923024646149e+54
0.0814	0.1216	4.0760741761527e+54
0.0836	0.1216	4.38818250491212e+54
0.0858	0.1216	5.10287232419319e+54
0.088	0.1216	5.57985968219169e+54
0.0902	0.1216	6.44995173464167e+54
0.0924	0.1216	6.4527479891616e+54
0.0946	0.1216	7.16731527244393e+54
0.0968	0.1216	7.72479182991538e+54
0.099	0.1216	8.56223002643236e+54
0.1012	0.1216	9.2504540684821e+54
0.1034	0.1216	1.02067230778084e+55
0.1056	0.1216	1.10717459691913e+55
0.1078	0.1216	1.20676664867256e+55
0.11	0.1216	1.31049053565533e+55
0	0.1248	7.80541295574655e+34
0.0022	0.1248	-2.27892884747637e+35
0.0044	0.1248	1.25481887734496e+36
0.0066	0.1248	-3.64399320569269e+36
0.0088	0.1248	6.9901883591865e+36
0.011	0.1248	-3.29985903435366e+36
0.0132	0.1248	8.80981800953517e+37
0.0154	0.1248	1.10340820677785e+38
0.0176	0.1248	-6.24706684141732e+38
0.0198	0.1248	-3.1618078830791e+39
0.022	0.1248	-6.74632319138335e+39
0.0242	0.1248	1.88440874148084e+40
0.0264	0.1248	5.47662681510258e+40
0.0286	0.1248	4.07538116209763e+39
0.0308	0.1248	-1.94385020795306e+41
0.033	0.1248	3.77055139725629e+41
0.0352	0.1248	-7.28842272083983e+41
0.0374	0.1248	2.14568167051793e+42
0.0396	0.1248	-3.11641653007261e+42
0.0418	0.1248	6.80584106889684e+42
0.044	0.1248	-3.15944221519131e+43
0.0462	0.1248	1.99384805719986e+44
0.0484	0.1248	-1.31491091012806e+45
0.0506	0.1248	8.64249790536901e+45
0.0528	0.1248	-5.59720821227855e+46
0.055	0.1248	3.56367474932038e+47
0.0572	0.1248	-2.22286990575478e+48
0.0594	0.1248	1.35176901001896e+49
0.0616	0.1248	-7.96024114105742e+49
0.0638	0.1248	4.49614382426774e+50
0.066	0.1248	-2.40235814996613e+51
0.0682	0.1248	1.18924433625235e+52
0.0704	0.1248	-5.27618086332599e+52
0.0726	0.1248	1.98089903541088e+53
0.0748	0.1248	-5.63712475412061e+53
0.077	0.1248	-7.28729588354193e+53
0.0792	0.1248	-7.89192882051772e+53
0.0814	0.1248	-9.68008368578661e+53
0.0836	0.1248	-1.0577485900147e+54
0.0858	0.1248	-1.25448370030828e+54
0.088	0.1248	-1.39095321972614e+54
0.0902	0.1248	-1.63193453759449e+54
0.0924	0.1248	-1.64985618321421e+54
0.0946	0.1248	-1.85298638576474e+54
0.0968	0.1248	-2.01886397086275e+54
0.099	0.1248	-2.25854634110351e+54
0.1012	0.1248	-2.4637842106763e+54
0.1034	0.1248	-2.73997672906004e+54
0.1056	0.1248	-2.99755774291101e+54
0.1078	0.1248	-3.29087295552172e+54
0.11	0.1248	-3.6004667519899e+54
0	0.128	8.8561291595707e+34
0.0022	0.128	3.16344020180794e+34
0.0044	0.128	2.43739833125584e+35
0.0066	0.128	-8.41141618839358e+35
0.0088	0.128	-4.54445402554554e+35
0.011	0.128	1.62452578756322e+37
0.0132	0.128	4.38965491204797e+37
0.0154	0.128	2.51337789903732e+38
0.0176	0.128	-9.79828994908678e+38
0.0198	0.128	-2.48386318585783e+39
0.022	0.128	-9.28844923450918e+39
0.0242	0.128	2.48100489672838e+40
0.0264	0.128	-1.19594831866826e+40
0.0286	0.128	-3.2398901918567e+39
0.0308	0.128	4.23565146024029e+40
0.033	0.128	-8.57208069302917e+40
0.0352	0.128	1.75927493288856e+41
0.0374	0.128	-4.72146116447814e+41
0.0396	0.128	8.3746000825941e+41
0.0418	0.128	-2.62916683397609e+42
0.044	0.128	1.43677455740024e+43
0.0462	0.128	-9.11068578916914e+43
0.0484	0.128	5.84944812636151e+44
0.0506	0.128	-3.71469074619149e+45
0.0528	0.128	2.31832503881932e+46
0.055	0.128	-1.41746802714017e+47
0.0572	0.128	8.45521971984729e+47
0.0594	0.128	-4.89311567181276e+48
0.0616	0.128	2.72669640954632e+49
0.0638	0.128	-1.44813286397869e+50
0.066	0.128	7.22427538160186e+50
0.0682	0.128	-3.31410692400219e+51
0.0704	0.128	1.35322166513126e+52
0.0726	0.128	-4.66536813249377e+52
0.0748	0.128	1.24492013733944e+53
0.077	0.128	1.6875317944346e+53
0.0792	0.128	1.85725171867938e+53
0.0814	0.128	2.34150236590492e+53
0.0836	0.128	2.59579894747798e+53
0.0858	0.128	3.1341462873121e+53
0.088	0.128	3.5200477589997e+53
0.0902	0.128	4.18360715058243e+53
0.0924	0.128	4.27296345544296e+53
0.0946	0.128	4.84501935229535e+53
0.0968	0.128	5.32974793016022e+53
0.099	0.128	6.00926589396746e+53
0.1012	0.128	6.61072904851468e+53
0.1034	0.128	7.4003558232733e+53
0.1056	0.128	8.15516034850237e+53
0.1078	0.128	9.00768200819633e+53
0.11	0.128	9.91745821742403e+53
0	0.1312	5.64935829190744e+34
0.0022	0.1312	-9.39845563969258e+34
0.0044	0.1312	1.03565440243209e+36
0.0066	0.1312	-3.01482049671381e+36
0.0088	0.1312	5.01219793587321e+36
0.011	0.1312	2.29545511318274e+36
0.0132	0.1312	8.68205628038087e+37
0.0154	0.1312	1.66681796139571e+38
0.0176	0.1312	-7.31435367118887e+38
0.0198	0.1312	-3.43434144985988e+39
0.022	0.1312	2.38385435183526e+39
0.0242	0.1312	-4.85616356994868e+39
0.0264	0.1312	2.40514206950768e+39
0.0286	0.1312	1.16214372616917e+39
0.0308	0.1312	-9.34592070934917e+39
0.033	0.1312	1.96631023092962e+40
0.0352	0.1312	-4.23478749611411e+40
0.0374	0.1312	1.11103714939679e+41
0.0396	0.1312	-2.5827941093956e+41
0.0418	0.1312	1.07618129960032e+42
0.044	0.1312	-6.29617659059535e+42
0.0462	0.1312	3.93416025911342e+43
0.0484	0.1312	-2.45155556613786e+44
0.0506	0.1312	1.50435077178561e+45
0.0528	0.1312	-9.04784114592477e+45
0.055	0.1312	5.31436615383548e+46
0.0572	0.1312	-3.03420376377621e+47
0.0594	0.1312	1.67376369069748e+48
0.0616	0.1312	-8.84983373960674e+48
0.0638	0.1312	4.43719662008396e+49
0.066	0.1312	-2.07866388569545e+50
0.0682	0.1312	8.90849974339634e+50
0.0704	0.1312	-3.38598680501e+51
0.0726	0.1312	1.08942654947784e+52
0.0748	0.1312	-2.7848210831128e+52
0.077	0.1312	-3.96784734699636e+52
0.0792	0.1312	-4.43917041961588e+52
0.0814	0.1312	-5.74535418621573e+52
0.0836	0.1312	-6.45842033405756e+52
0.0858	0.1312	-7.92485621462247e+52
0.088	0.1312	-9.00660614784095e+52
0.0902	0.1312	-1.08255361587952e+53
0.0924	0.1312	-1.11652250748045e+53
0.0946	0.1312	-1.27646792481513e+53
0.0968	0.1312	-1.41624231627933e+53
0.099	0.1312	-1.60747407104593e+53
0.1012	0.1312	-1.78145959302686e+53
0.1034	0.1312	-2.00541805409339e+53
0.1056	0.1312	-2.22393129468164e+53
0.1078	0.1312	-2.46919459317813e+53
0.11	0.1312	-2.73336997592937e+53
0	0.1344	1.73082431583583e+35
0.0022	0.1344	-8.06481479120105e+34
0.0044	0.1344	4.58488584470315e+35
0.0066	0.1344	-9.30963369513453e+35
0.0088	0.1344	-1.09034831352951e+36
0.011	0.1344	1.90679085962089e+37
0.0132	0.1344	4.87205910084184e+37
0.0154	0.1344	3.01325155413793e+38
0.0176	0.1344	-1.07867015102915e+39
0.0198	0.1344	7.68955772316318e+38
0.022	0.1344	-5.62466219468054e+38
0.0242	0.1344	9.57182860481815e+38
0.0264	0.1344	-4.73555373797464e+38
0.0286	0.1344	-3.44447873923161e+38
0.0308	0.1344	2.0888045276194e+39
0.033	0.1344	-4.57058397003613e+39
0.0352	0.1344	1.04187853773391e+40
0.0374	0.1344	-2.88538015932464e+40
0.0396	0.1344	8.94765683711182e+40
0.0418	0.1344	-4.43520476799579e+41
0.044	0.1344	2.64287532136648e+42
0.0462	0.1344	-1.61409344513138e+43
0.0484	0.1344	9.75281792660754e+43
0.0506	0.1344	-5.78495703261189e+44
0.0528	0.1344	3.35490919572967e+45
0.055	0.1344	-1.89472714397442e+46
0.0572	0.1344	1.03688187600754e+47
0.0594	0.1344	-5.46334670650303e+47
0.0616	0.1344	2.7488019758504e+48
0.0638	0.1344	-1.30627238739127e+49
0.066	0.1344	5.77704132641036e+49
0.0682	0.1344	-2.32950369218589e+50
0.0704	0.1344	8.32128427794629e+50
0.0726	0.1344	-2.53109834462187e+51
0.0748	0.1344	6.28643302104755e+51
0.077	0.1344	9.43989016503455e+51
0.0792	0.1344	1.07385826536873e+52
0.0814	0.1344	1.42508532556057e+52
0.0836	0.1344	1.62346688236944e+52
0.0858	0.1344	2.02148775968844e+52
0.088	0.1344	2.32269076872623e+52
0.0902	0.1344	2.81950027677617e+52
0.0924	0.1344	2.93499008493835e+52
0.0946	0.1344	3.37964887035101e+52
0.0968	0.1344	3.77861352262968e+52
0.099	0.1344	4.31361557051918e+52
0.1012	0.1344	4.81187373844993e+52
0.1034	0.1344	5.44301472287171e+52
0.1056	0.1344	6.06961362203159e+52
0.1078	0.1344	6.76948624711657e+52
0.11	0.1344	7.5293848673005e+52
0	0.1376	1.51256865750492e+34
0.0022	0.1376	5.64306261920507e+34
0.0044	0.1376	6.8693527535655e+35
0.0066	0.1376	-1.94755260047674e+36
0.0088	0.1376	2.2294262003511e+36
0.011	0.1376	9.06949106566479e+36
0.0132	0.1376	8.47243822004025e+37
0.0154	0.1376	-7.96869234599138e+37
0.0176	0.1376	2.14675243707069e+38
0.0198	0.1376	-1.64783032176479e+38
0.022	0.1376	1.28557105294832e+38
0.0242	0.1376	-1.8969965989039e+38
0.0264	0.1376	9.12069818913846e+37
0.0286	0.1376	9.415712031411e+37
0.0308	0.1376	-4.74015400994035e+38
0.033	0.1376	1.08683535280584e+39
0.0352	0.1376	-2.6901684307358e+39
0.0374	0.1376	8.41062703911736e+39
0.0396	0.1376	-3.31754548626563e+40
0.0418	0.1376	1.79406922136286e+41
0.044	0.1376	-1.06328360236055e+42
0.0462	0.1376	6.32613380541042e+42
0.0484	0.1376	-3.70624585189215e+43
0.0506	0.1376	2.12636898739119e+44
0.0528	0.1376	-1.19008330510553e+45
0.055	0.1376	6.47026658445321e+45
0.0572	0.1376	-3.39941632029702e+46
0.0594	0.1376	1.71460389742765e+47
0.0616	0.1376	-8.23266691976235e+47
0.0638	0.1376	3.72193856256664e+48
0.066	0.1376	-1.56147072632016e+49
0.0682	0.1376	5.96137723856555e+49
0.0704	0.1376	-2.0176765737731e+50
0.0726	0.1376	5.86136383172197e+50
0.0748	0.1376	-1.42660001422564e+51
0.077	0.1376	-2.26537170975339e+51
0.0792	0.1376	-2.62111127057488e+51
0.0814	0.1376	-3.56320366970708e+51
0.0836	0.1376	-4.11177581321122e+51
0.0858	0.1376	-5.18897361545562e+51
0.088	0.1376	-6.0231998751531e+51
0.0902	0.1376	-7.37618217126907e+51
0.0924	0.1376	-7.74567069395502e+51
0.0946	0.1376	-8.97615014539573e+51
0.0968	0.1376	-1.01058348204588e+52
0.099	0.1376	-1.15953854892495e+52
0.1012	0.1376	-1.3010949610483e+52
0.1034	0.1376	-1.47802258419043e+52
0.1056	0.1376	-1.65633541496196e+52
0.1078	0.1376	-1.85472510545526e+52
0.11	0.1376	-2.0716479021395e+52
0	0.1408	1.53023736425121e+35
0.0022	0.1408	-1.66856220095341e+35
0.0044	0.1408	5.84994058309838e+35
0.0066	0.1408	-8.31299366422813e+35
0.0088	0.1408	-1.38041077929345e+36
0.011	0.1408	1.85695190962891e+37
0.0132	0.1408	-1.8455217724237e+37
0.0154	0.1408	1.91985770085228e+37
0.0176	0.1408	-4.30997748313055e+37
0.0198	0.1408	3.52076990835444e+37
0.022	0.1408	-2.87651694831012e+37
0.0242	0.1408	3.77401353787191e+37
0.0264	0.1408	-1.71078598285772e+37
0.0286	0.1408	-2.47665869873465e+37
0.0308	0.1408	1.09824208076761e+38
0.033	0.1408	-2.68228247812096e+38
0.0352	0.1408	7.45591433781574e+38
0.0374	0.1408	-2.71641204263406e+39
0.0396	0.1408	1.26015125533528e+40
0.0418	0.1408	-7.05224558271004e+40
0.044	0.1408	4.11167937092483e+41
0.0462	0.1408	-2.3802794189608e+42
0.0484	0.1408	1.35266711573259e+43
0.0506	0.1408	-7.51234652401042e+43
0.0528	0.1408	4.06182499726335e+44
0.055	0.1408	-2.12876010775787e+45
0.0572	0.1408	1.07561283697438e+46
0.0594	0.1408	-5.20470207853461e+46
0.0616	0.1408	2.39146402430227e+47
0.0638	0.1408	-1.03213802141642e+48
0.066	0.1408	4.12561686806192e+48
0.0682	0.1408	-1.4994766202844e+49
0.0704	0.1408	4.84161648853868e+49
0.0726	0.1408	-1.35372860890285e+50
0.0748	0.1408	3.2418232647645e+50
0.077	0.1408	5.4689282935517e+50
0.0792	0.1408	6.43892882392302e+50
0.0814	0.1408	8.96078240502591e+50
0.0836	0.1408	1.04704292737969e+51
0.0858	0.1408	1.33788488034536e+51
0.088	0.1408	1.56794502570736e+51
0.0902	0.1408	1.93551480509135e+51
0.0924	0.1408	2.04931091872854e+51
0.0946	0.1408	2.38851707494354e+51
0.0968	0.1408	2.70632838253103e+51
0.099	0.1408	3.11938587879697e+51
0.1012	0.1408	3.5189511953512e+51
0.1034	0.1408	4.01274954734226e+51
0.1056	0.1408	4.51700786962877e+51
0.1078	0.1408	5.07627796904525e+51
0.11	0.1408	5.69162352630652e+51
0	0.144	6.70674217601276e+34
0.0022	0.144	1.20676379716519e+35
0.0044	0.144	3.64868129184878e+34
0.0066	0.144	-2.25323288159931e+35
0.0088	0.144	5.24413180435125e+35
0.011	0.144	-3.70625543402753e+36
0.0132	0.144	3.96948650013472e+36
0.0154	0.144	-4.46011583380385e+36
0.0176	0.144	8.72889887095078e+36
0.0198	0.144	-7.50364238871689e+36
0.022	0.144	6.3369041229908e+36
0.0242	0.144	-7.52415683208447e+36
0.0264	0.144	3.09207015565921e+36
0.0286	0.144	6.41983787510166e+36
0.0308	0.144	-2.62194580322744e+37
0.033	0.144	6.98610304938939e+37
0.0352	0.144	-2.23707997577396e+38
0.0374	0.144	9.39076255236098e+38
0.0396	0.144	-4.77305804443793e+39
0.0418	0.144	2.68682127421124e+40
0.044	0.144	-1.53339664802764e+41
0.0462	0.144	8.63552715128962e+41
0.0484	0.144	-4.76308694693608e+42
0.0506	0.144	2.56297115739862e+43
0.0528	0.144	-1.34024074318331e+44
0.055	0.144	6.78038218255521e+44
0.0572	0.144	-3.30049629191811e+45
0.0594	0.144	1.53539938797076e+46
0.0616	0.144	-6.7688006979503e+46
0.0638	0.144	2.79780644048864e+47
0.066	0.144	-1.06968391743107e+48
0.0682	0.144	3.71893236319609e+48
0.0704	0.144	-1.15200896812221e+49
0.0726	0.144	3.1172628624323e+49
0.0748	0.144	-7.34634241988651e+49
0.077	0.144	-1.32511842035345e+50
0.0792	0.144	-1.58865269349006e+50
0.0814	0.144	-2.26258703420991e+50
0.0836	0.144	-2.67642176232749e+50
0.0858	0.144	-3.46014083121144e+50
0.088	0.144	-4.09234978395556e+50
0.0902	0.144	-5.08890078148278e+50
0.0924	0.144	-5.43039355744591e+50
0.0946	0.144	-6.36248980104769e+50
0.0968	0.144	-7.25182848349991e+50
0.099	0.144	-8.39336630160093e+50
0.1012	0.144	-9.51516190620633e+50
0.1034	0.144	-1.08881874580881e+51
0.1056	0.144	-1.23067610737641e+51
0.1078	0.144	-1.38760490710836e+51
0.11	0.144	-1.56124069371822e+51
0	0.1472	1.54461065288692e+35
0.0022	0.1472	-1.41559740735748e+35
0.0044	0.1472	3.42693456161682e+35
0.0066	0.1472	2.95736251541044e+34
0.0088	0.1472	-1.56688813193457e+35
0.011	0.1472	7.50184925343445e+35
0.0132	0.1472	-8.54258450646466e+35
0.0154	0.1472	1.01146106005997e+36
0.0176	0.1472	-1.78146140098138e+36
0.0198	0.1472	1.59588709082633e+36
0.022	0.1472	-1.37940323344352e+36
0.0242	0.1472	1.50017892836958e+36
0.0264	0.1472	-5.25292902614226e+35
0.0286	0.1472	-1.66946501886311e+36
0.0308	0.1472	6.53004673520017e+36
0.033	0.1472	-1.9448358999898e+37
0.0352	0.1472	7.1941077316541e+37
0.0374	0.1472	-3.35363364700097e+38
0.0396	0.1472	1.77888543481809e+39
0.0418	0.1472	-9.92717362322621e+39
0.044	0.1472	5.53386755320764e+40
0.0462	0.1472	-3.03244903391963e+41
0.0484	0.1472	1.62459469251657e+42
0.0506	0.1472	-8.47774059312035e+42
0.0528	0.1472	4.29250004225924e+43
0.055	0.1472	-2.0991832935431e+44
0.0572	0.1472	9.86050644505573e+44
0.0594	0.1472	-4.41896051158188e+45
0.0616	0.1472	1.87364224740187e+46
0.0638	0.1472	-7.43857947490809e+46
0.066	0.1472	2.72977989631426e+47
0.0682	0.1472	-9.11543100238067e+47
0.0704	0.1472	2.72096512057083e+48
0.0726	0.1472	-7.14866200269652e+48
0.0748	0.1472	1.65200566263435e+49
0.077	0.1472	3.21570857144445e+49
0.0792	0.1472	3.92965644176012e+49
0.0814	0.1472	5.72813941114089e+49
0.0836	0.1472	6.85896539120408e+49
0.0858	0.1472	8.96735945464696e+49
0.088	0.1472	1.06995868189933e+50
0.0902	0.1472	1.33967802017624e+50
0.0924	0.1472	1.44025767343372e+50
0.0946	0.1472	1.6956955746474e+50
0.0968	0.1472	1.94346458389274e+50
0.099	0.1472	2.25803644904411e+50
0.1012	0.1472	2.57157868320344e+50
0.1034	0.1472	2.95214209010566e+50
0.1056	0.1472	3.3494674393995e+50
0.1078	0.1472	3.78807285555808e+50
0.11	0.1472	4.27585646107216e+50
0	0.1504	-1.263548768675e+35
0.0022	0.1504	5.6886799643391e+34
0.0044	0.1504	-6.49734981925519e+34
0.0066	0.1504	-5.23770937750207e+33
0.0088	0.1504	4.20519383380715e+34
0.011	0.1504	-1.53577354198692e+35
0.0132	0.1504	1.83945757113971e+35
0.0154	0.1504	-2.25673915812954e+35
0.0176	0.1504	3.6599510881955e+35
0.0198	0.1504	-3.38836107788606e+35
0.022	0.1504	2.97392378246823e+35
0.0242	0.1504	-2.98315807955254e+35
0.0264	0.1504	7.84598241890322e+34
0.0286	0.1504	4.42503019767326e+35
0.0308	0.1504	-1.7184853161872e+36
0.033	0.1504	5.80245910872108e+36
0.0352	0.1504	-2.42817106997601e+37
0.0374	0.1504	1.2076547345581e+38
0.0396	0.1504	-6.49358136558335e+38
0.0418	0.1504	3.56624639973903e+39
0.044	0.1504	-1.94004625784649e+40
0.0462	0.1504	1.03483560329183e+41
0.0484	0.1504	-5.38860592623718e+41
0.0506	0.1504	2.72944501864426e+42
0.0528	0.1504	-1.33955716899776e+43
0.055	0.1504	6.34062025166144e+43
0.0572	0.1504	-2.87857758309902e+44
0.0594	0.1504	1.24503426631236e+45
0.0616	0.1504	-5.08837240359535e+45
0.0638	0.1504	1.94539117298202e+46
0.066	0.1504	-6.87312980452635e+46
0.0682	0.1504	2.21177570080853e+47
0.0704	0.1504	-6.381762630957e+47
0.0726	0.1504	1.62908123429354e+48
0.0748	0.1504	-3.66208765909852e+48
0.077	0.1504	-7.80018761810607e+48
0.0792	0.1504	-9.73043753337727e+48
0.0814	0.1504	-1.45257169993665e+49
0.0836	0.1504	-1.76088240659695e+49
0.0858	0.1504	-2.32748388386609e+49
0.088	0.1504	-2.801112251146e+49
0.0902	0.1504	-3.53030844649702e+49
0.0924	0.1504	-3.8225444421946e+49
0.0946	0.1504	-4.52121714083533e+49
0.0968	0.1504	-5.20921043090928e+49
0.099	0.1504	-6.07426902737385e+49
0.1012	0.1504	-6.94768840398999e+49
0.1034	0.1504	-8.00008132440612e+49
0.1056	0.1504	-9.10932140935763e+49
0.1078	0.1504	-1.03316261015626e+50
0.11	0.1504	-1.1697326057768e+50
0	0.1536	2.68256287089578e+34
0.0022	0.1536	-1.15814580417492e+34
0.0044	0.1536	1.1206711152208e+34
0.0066	0.1536	9.85825326514561e+32
0.0088	0.1536	-1.05008043881492e+34
0.011	0.1536	3.17890838555084e+34
0.0132	0.1536	-3.96877100975675e+34
0.0154	0.1536	4.98646248401835e+34
0.0176	0.1536	-7.57380660801801e+34
0.0198	0.1536	7.19541189383198e+34
0.022	0.1536	-6.36919065652797e+34
0.0242	0.1536	5.89825324240511e+34
0.0264	0.1536	-7.77932583527502e+33
0.0286	0.1536	-1.21784469127961e+35
0.0308	0.1536	4.84616032658485e+35
0.033	0.1536	-1.85168835194809e+36
0.0352	0.1536	8.48589894265496e+36
0.0374	0.1536	-4.36248810852588e+37
0.0396	0.1536	2.33847671350341e+38
0.0418	0.1536	-1.25856727431021e+39
0.044	0.1536	6.67599937594315e+39
0.0462	0.1536	-3.4659982065781e+40
0.0484	0.1536	1.75448674000086e+41
0.0506	0.1536	-8.62885952334704e+41
0.0528	0.1536	4.10699633026144e+42
0.055	0.1536	-1.8829946778074e+43
0.0572	0.1536	8.27039832685775e+43
0.0594	0.1536	-3.45677180121451e+44
0.0616	0.1536	1.36394546800165e+45
0.0638	0.1536	-5.03147514966294e+45
0.066	0.1536	1.71525879372357e+46
0.0682	0.1536	-5.33158803962668e+46
0.0704	0.1536	1.48919494753585e+47
0.0726	0.1536	-3.68532290143399e+47
0.0748	0.1536	7.94052872852137e+47
0.077	0.1536	1.89305144503749e+48
0.0792	0.1536	2.4163711132431e+48
0.0814	0.1536	3.69967570394211e+48
0.0836	0.1536	4.54252205617314e+48
0.0858	0.1536	6.07081492787672e+48
0.088	0.1536	7.3696072694876e+48
0.0902	0.1536	9.34854695186516e+48
0.0924	0.1536	1.01934415597447e+49
0.0946	0.1536	1.21107472019772e+49
0.0968	0.1536	1.40258847316117e+49
0.099	0.1536	1.64123895644422e+49
0.1012	0.1536	1.8851065712803e+49
0.1034	0.1536	2.17706206234646e+49
0.1056	0.1536	2.48749484466178e+49
0.1078	0.1536	2.82909450428062e+49
0.11	0.1536	3.21238368358626e+49
0	0.1568	-5.61948470658025e+33
0.0022	0.1568	2.56542853246031e+33
0.0044	0.1568	-1.59866185542596e+33
0.0066	0.1568	-3.56634168035872e+32
0.0088	0.1568	2.67296137728426e+33
0.011	0.1568	-6.91772125971773e+33
0.0132	0.1568	8.92636926330821e+33
0.0154	0.1568	-1.13798228780811e+34
0.0176	0.1568	1.63641388136019e+34
0.0198	0.1568	-1.58715673230053e+34
0.022	0.1568	1.40737142020513e+34
0.0242	0.1568	-1.18828535439489e+34
0.0264	0.1568	-1.15016934868221e+33
0.0286	0.1568	3.73973954237174e+34
0.0308	0.1568	-1.56530475538543e+35
0.033	0.1568	6.68360158171027e+35
0.0352	0.1568	-3.25256262061848e+36
0.0374	0.1568	1.69087443153036e+37
0.0396	0.1568	-8.94039465451084e+37
0.0418	0.1568	4.69651877628994e+38
0.044	0.1568	-2.42351535686889e+39
0.0462	0.1568	1.22220791076115e+40
0.0484	0.1568	-6.00285480388719e+40
0.0506	0.1568	2.86137100922869e+41
0.0528	0.1568	-1.31850220731095e+42
0.055	0.1568	5.84616732927301e+42
0.0572	0.1568	-2.48066719941618e+43
0.0594	0.1568	1.00078256660365e+44
0.0616	0.1568	-3.80888105352199e+44
0.0638	0.1568	1.35486387167832e+45
0.066	0.1568	-4.45496121306324e+45
0.0682	0.1568	1.33679345091251e+46
0.0704	0.1568	-3.60628219287543e+46
0.0726	0.1568	8.56628013795229e+46
0.0748	0.1568	-1.69195032949973e+47
0.077	0.1568	-4.79247273631655e+47
0.0792	0.1568	-6.30268080770707e+47
0.0814	0.1568	-9.95898791367801e+47
0.0836	0.1568	-1.24135214280864e+48
0.0858	0.1568	-1.68026733983067e+48
0.088	0.1568	-2.05962549207612e+48
0.0902	0.1568	-2.63223791454115e+48
0.0924	0.1568	-2.89230022435291e+48
0.0946	0.1568	-3.45365880319375e+48
0.0968	0.1568	-4.02203615073748e+48
0.099	0.1568	-4.7246003527121e+48
0.1012	0.1568	-5.4507319074569e+48
0.1034	0.1568	-6.31540565662312e+48
0.1056	0.1568	-7.24229995443121e+48
0.1078	0.1568	-8.26104902778164e+48
0.11	0.1568	-9.40885607563766e+48
0	0.16	2.00809907330973e+33
0.0022	0.16	-1.17467708261416e+33
0.0044	0.16	4.95079453744196e+32
0.0066	0.16	9.37070769803924e+31
0.0088	0.16	-1.20941681621821e+33
0.011	0.16	2.80956150056084e+33
0.0132	0.16	-3.69797036933372e+33
0.0154	0.16	4.72577001726149e+33
0.0176	0.16	-6.52497643141385e+33
0.0198	0.16	6.41584811097906e+33
0.022	0.16	-5.67243853939392e+33
0.0242	0.16	4.37931976562109e+33
0.0264	0.16	1.71978556956005e+33
0.0286	0.16	-2.02337845192706e+34
0.0308	0.16	8.85338153493458e+34
0.033	0.16	-4.0282231154449e+35
0.0352	0.16	2.01223765571013e+36
0.0374	0.16	-1.04590297407651e+37
0.0396	0.16	5.4630007201371e+37
0.0418	0.16	-2.82066947342881e+38
0.044	0.16	1.42785293299042e+39
0.0462	0.16	-7.05574831980423e+39
0.0484	0.16	3.39210855107847e+40
0.0506	0.16	-1.58107903920334e+41
0.0528	0.16	7.11664459588377e+41
0.055	0.16	-3.07913730546232e+42
0.0572	0.16	1.27366042079018e+43
0.0594	0.16	-5.00443499740498e+43
0.0616	0.16	1.85362352379219e+44
0.0638	0.16	-6.41415574047572e+44
0.066	0.16	2.05179840149497e+45
0.0682	0.16	-5.99494295536785e+45
0.0704	0.16	1.57906237726835e+46
0.0726	0.16	-3.70360986768979e+46
0.0748	0.16	7.77450945931725e+46
0.077	0.16	2.33416447411724e+47
0.0792	0.16	3.10212160079617e+47
0.0814	0.16	4.94540631783519e+47
0.0836	0.16	6.20452297060197e+47
0.0858	0.16	8.43236398854619e+47
0.088	0.16	1.03844044136388e+48
0.0902	0.16	1.33059920319347e+48
0.0924	0.16	1.46890963701151e+48
0.0946	0.16	1.75746844441619e+48
0.0968	0.16	2.05282154559107e+48
0.099	0.16	2.41564673977775e+48
0.1012	0.16	2.79458179760803e+48
0.1034	0.16	3.24321095603285e+48
0.1056	0.16	3.72791862948869e+48
0.1078	0.16	4.25993478221526e+48
0.11	0.16	4.86170042004555e+48
