0	0	2.66006646636767e+26
0.0022	0	-1.36405818313334e+25
0.0044	0	1.16296629203096e+26
0.0066	0	-6.15940076643572e+26
0.0088	0	1.57109698654149e+27
0.011	0	-8.64471722244256e+26
0.0132	0	5.95199301031107e+26
0.0154	0	-8.09835964103817e+26
0.0176	0	6.44515239160147e+27
0.0198	0	-5.76878986402311e+27
0.022	0	4.24644939362648e+27
0.0242	0	-4.70893824306162e+27
0.0264	0	-6.86908977326916e+26
0.0286	0	1.67792330052759e+28
0.0308	0	-3.95116658515489e+28
0.033	0	5.47826545614114e+28
0.0352	0	-7.71176862505313e+28
0.0374	0	1.15054257985931e+29
0.0396	0	-9.91272633822981e+28
0.0418	0	-5.89616362822617e+27
0.044	0	3.04678393715915e+29
0.0462	0	-1.25187278975603e+30
0.0484	0	4.32071479613297e+30
0.0506	0	-1.28491824401952e+31
0.0528	0	2.82176251379145e+31
0.055	0	-5.26335586776671e+30
0.0572	0	-4.31112911084117e+32
0.0594	0	3.44899755390707e+33
0.0616	0	-1.97167547020563e+34
0.0638	0	9.67669959271837e+34
0.066	0	-4.32157094950776e+35
0.0682	0	1.80595827316276e+36
0.0704	0	-7.18669884941079e+36
0.0726	0	2.76971370361483e+37
0.0748	0	-1.0681201732427e+38
0.077	0	-9.73927791640308e+37
0.0792	0	-7.96151588293338e+37
0.0814	0	1.30447653548359e+38
0.0836	0	8.71486713556945e+36
0.0858	0	7.27118705420238e+37
0.088	0	6.88815641832428e+38
0.0902	0	1.50606234033481e+38
0.0924	0	-4.73190354719393e+38
0.0946	0	-4.12359683608242e+38
0.0968	0	-2.86401926091617e+38
0.099	0	-2.01420740147942e+38
0.1012	0	-1.32299199776892e+38
0.1034	0	-8.8762633422925e+37
0.1056	0	-5.92163716399763e+37
0.1078	0	-3.56235407329524e+37
0.11	0	-2.13942129347067e+37
0	0.0032	1.15008310522801e+26
0.0022	0.0032	4.97463519157084e+26
0.0044	0.0032	-1.83988329058845e+26
0.0066	0.0032	1.37604457706958e+27
0.0088	0.0032	-4.19104351229455e+27
0.011	0.0032	2.05564336287251e+27
0.0132	0.0032	-1.35414318060892e+27
0.0154	0.0032	8.14128266373478e+26
0.0176	0.0032	-1.70073708547435e+28
0.0198	0.0032	1.43388346925332e+28
0.022	0.0032	-1.00415021944065e+28
0.0242	0.0032	1.28128510023288e+28
0.0264	0.0032	-7.574187481588e+26
0.0286	0.0032	-3.94122146171435e+28
0.0308	0.0032	9.79333662009985e+28
0.033	0.0032	-1.32428279037015e+29
0.0352	0.0032	1.85555355037896e+29
0.0374	0.0032	-2.93012956451694e+29
0.0396	0.0032	2.62934356079002e+29
0.0418	0.0032	-3.12432655641969e+28
0.044	0.0032	-5.95207536987242e+29
0.0462	0.0032	2.58220242301857e+30
0.0484	0.0032	-9.37439522370238e+30
0.0506	0.0032	3.01806994381106e+31
0.0528	0.0032	-7.92715874947023e+31
0.055	0.0032	1.13488886485232e+32
0.0572	0.0032	4.42382390699799e+32
0.0594	0.0032	-5.33945903179824e+33
0.0616	0.0032	3.41796192003452e+34
0.0638	0.0032	-1.77737949349664e+35
0.066	0.0032	8.24969627774808e+35
0.0682	0.0032	-3.56173611139331e+36
0.0704	0.0032	1.46985219706502e+37
0.0726	0.0032	-5.94795493826466e+37
0.0748	0.0032	2.44262596165609e+38
0.077	0.0032	2.24522941933549e+38
0.0792	0.0032	1.91827659251163e+38
0.0814	0.0032	-2.28717507528434e+38
0.0836	0.0032	1.78879215361869e+37
0.0858	0.0032	-1.14164519634661e+38
0.088	0.0032	-1.35298146967828e+39
0.0902	0.0032	-2.9009611799956e+38
0.0924	0.0032	9.5855577722021e+38
0.0946	0.0032	8.40535244531582e+38
0.0968	0.0032	5.89149357334487e+38
0.099	0.0032	4.17425934300642e+38
0.1012	0.0032	2.77937451376024e+38
0.1034	0.0032	1.84831823049908e+38
0.1056	0.0032	1.25727007085326e+38
0.1078	0.0032	7.71893500839319e+37
0.11	0.0032	4.25178769677983e+37
0	0.0064	-5.19635566799933e+26
0.0022	0.0064	1.29376052532277e+27
0.0044	0.0064	-7.01359312009955e+26
0.0066	0.0064	-5.24697429297962e+27
0.0088	0.0064	2.10715033303658e+28
0.011	0.0064	-8.80127558052766e+27
0.0132	0.0064	5.9471007189178e+27
0.0154	0.0064	3.97412965371007e+27
0.0176	0.0064	8.41666776633999e+28
0.0198	0.0064	-6.53388980338606e+28
0.022	0.0064	4.22696440007688e+28
0.0242	0.0064	-6.44493074448167e+28
0.0264	0.0064	1.71504103819216e+28
0.0286	0.0064	1.67166237031811e+29
0.0308	0.0064	-4.4819673841505e+29
0.033	0.0064	5.84767553250425e+29
0.0352	0.0064	-8.08846517165791e+29
0.0374	0.0064	1.37685718152714e+30
0.0396	0.0064	-1.27954408367691e+30
0.0418	0.0064	3.4618441852477e+29
0.044	0.0064	1.97310629543152e+30
0.0462	0.0064	-9.18970253018087e+30
0.0484	0.0064	3.52987910871401e+31
0.0506	0.0064	-1.22982179377918e+32
0.0528	0.0064	3.72052224244549e+32
0.055	0.0064	-8.44178280496677e+32
0.0572	0.0064	3.4457246079504e+32
0.0594	0.0064	1.14098856901931e+34
0.0616	0.0064	-9.40496796852594e+34
0.0638	0.0064	5.3903682639497e+35
0.066	0.0064	-2.62997564698323e+36
0.0682	0.0064	1.16228717898649e+37
0.0704	0.0064	-4.78150293197468e+37
0.0726	0.0064	1.84635726543816e+38
0.0748	0.0064	-6.58686768586549e+38
0.077	0.0064	-6.0422502268636e+38
0.0792	0.0064	-4.96510823369807e+38
0.0814	0.0064	9.50201884330152e+38
0.0836	0.0064	7.917463361049e+37
0.0858	0.0064	5.08554483174458e+38
0.088	0.0064	4.86177621020086e+39
0.0902	0.0064	1.1562510572008e+39
0.0924	0.0064	-3.22211312225611e+39
0.0946	0.0064	-2.84588768856748e+39
0.0968	0.0064	-1.98654429628096e+39
0.099	0.0064	-1.41246887970636e+39
0.1012	0.0064	-9.43985364964032e+38
0.1034	0.0064	-6.44422738998179e+38
0.1056	0.0064	-4.62132606614269e+38
0.1078	0.0064	-3.14201403362955e+38
0.11	0.0064	-2.10340577185509e+38
0	0.0096	-4.2564724732936e+26
0.0022	0.0096	4.31927336970946e+26
0.0044	0.0096	2.21674456640373e+27
0.0066	0.0096	-1.35500689603937e+28
0.0088	0.0096	3.97623602656719e+28
0.011	0.0096	3.40818059767359e+28
0.0132	0.0096	-3.08184120341769e+28
0.0154	0.0096	-6.15531792036994e+28
0.0176	0.0096	-4.36303727087205e+29
0.0198	0.0096	3.08691800198185e+29
0.022	0.0096	-1.79498098008926e+29
0.0242	0.0096	3.32461752150741e+29
0.0264	0.0096	-1.44961469934232e+29
0.0286	0.0096	-7.32601170133614e+29
0.0308	0.0096	2.14802118467417e+30
0.033	0.0096	-2.68916054980476e+30
0.0352	0.0096	3.63218295163038e+30
0.0374	0.0096	-6.72170632011293e+30
0.0396	0.0096	6.37833140572809e+30
0.0418	0.0096	-2.32750847129162e+30
0.044	0.0096	-6.75414766820055e+30
0.0462	0.0096	3.3694598662885e+31
0.0484	0.0096	-1.35510899545427e+32
0.0506	0.0096	5.00883293969541e+32
0.0528	0.0096	-1.65723331898374e+33
0.055	0.0096	4.54622624860627e+33
0.0572	0.0096	-7.61781120368359e+33
0.0594	0.0096	-1.68694861519756e+34
0.0616	0.0096	2.56759170445584e+35
0.0638	0.0096	-1.70013856279566e+36
0.066	0.0096	8.90067361300001e+36
0.0682	0.0096	-4.11861713426618e+37
0.0704	0.0096	1.76352130413505e+38
0.0726	0.0096	-7.15763991581314e+38
0.0748	0.0096	2.78426975937356e+39
0.077	0.0096	2.59591453272376e+39
0.0792	0.0096	2.2005287335617e+39
0.0814	0.0096	-3.17753071355836e+39
0.0836	0.0096	7.34332539744136e+36
0.0858	0.0096	-1.58714875146679e+39
0.088	0.0096	-1.78414675445692e+40
0.0902	0.0096	-4.18238659135899e+39
0.0924	0.0096	1.21159445193103e+40
0.0946	0.0096	1.07721585136301e+40
0.0968	0.0096	7.61275053463978e+39
0.099	0.0096	5.4983911406767e+39
0.1012	0.0096	3.76123676312295e+39
0.1034	0.0096	2.64542998670079e+39
0.1056	0.0096	1.96568032256703e+39
0.1078	0.0096	1.40877900607909e+39
0.11	0.0096	1.0073818589371e+39
0	0.0128	-3.51180609524383e+26
0.0022	0.0128	-2.87464208764625e+26
0.0044	0.0128	4.41856312282638e+27
0.0066	0.0128	-1.66507270714434e+28
0.0088	0.0128	4.08128182969173e+28
0.011	0.0128	5.35781773215915e+28
0.0132	0.0128	1.73605864536415e+29
0.0154	0.0128	5.45384359604129e+29
0.0176	0.0128	2.29315068888647e+30
0.0198	0.0128	-1.45570948833664e+30
0.022	0.0128	7.26288378630831e+29
0.0242	0.0128	-1.70736961377197e+30
0.0264	0.0128	1.00196873988953e+30
0.0286	0.0128	3.16722253670117e+30
0.0308	0.0128	-1.03895990593677e+31
0.033	0.0128	1.23895332222357e+31
0.0352	0.0128	-1.60880820495367e+31
0.0374	0.0128	3.29293020261994e+31
0.0396	0.0128	-3.16101395012445e+31
0.0418	0.0128	1.34852108813369e+31
0.044	0.0128	2.2582076314336e+31
0.0462	0.0128	-1.21038460817465e+32
0.0484	0.0128	5.07577708668665e+32
0.0506	0.0128	-1.97469277894854e+33
0.0528	0.0128	7.00332550495953e+33
0.055	0.0128	-2.16197311866763e+34
0.0572	0.0128	5.08458742280903e+34
0.0594	0.0128	-3.23837965990235e+34
0.0616	0.0128	-5.94706279313342e+35
0.0638	0.0128	5.09230828238988e+36
0.066	0.0128	-2.9282310756289e+37
0.0682	0.0128	1.42339671914603e+38
0.0704	0.0128	-6.28494586541194e+38
0.0726	0.0128	2.60997929919079e+39
0.0748	0.0128	-1.03296212114882e+40
0.077	0.0128	-9.74472686429026e+39
0.0792	0.0128	-8.28621283859543e+39
0.0814	0.0128	1.17309383356138e+40
0.0836	0.0128	-9.43593954325862e+36
0.0858	0.0128	5.84524285593593e+39
0.088	0.0128	6.67680462729695e+40
0.0902	0.0128	1.61223457778562e+40
0.0924	0.0128	-4.48369083275038e+40
0.0946	0.0128	-4.01091435922664e+40
0.0968	0.0128	-2.85151549201573e+40
0.099	0.0128	-2.07704675276393e+40
0.1012	0.0128	-1.43861786468731e+40
0.1034	0.0128	-1.0289986835665e+40
0.1056	0.0128	-7.78915196248714e+39
0.1078	0.0128	-5.75340991916869e+39
0.11	0.0128	-4.26512271150407e+39
0	0.016	3.45119768153716e+26
0.0022	0.016	-1.6225577127738e+27
0.0044	0.016	6.89856368189139e+27
0.0066	0.016	-2.04753365962347e+28
0.0088	0.016	4.12159845939782e+28
0.011	0.016	7.86159322718325e+28
0.0132	0.016	1.23442169495594e+29
0.0154	0.016	8.32421878704148e+29
0.0176	0.016	-1.23102746205805e+31
0.0198	0.016	6.83407962510105e+30
0.022	0.016	-2.69737233914051e+30
0.0242	0.016	8.73497684582102e+30
0.0264	0.016	-6.3084806144712e+30
0.0286	0.016	-1.33729036035509e+31
0.0308	0.016	5.0677416532538e+31
0.033	0.016	-5.71418206619197e+31
0.0352	0.016	6.97261643371313e+31
0.0374	0.016	-1.61822655292449e+32
0.0396	0.016	1.55884274102699e+32
0.0418	0.016	-7.25045306227186e+31
0.044	0.016	-7.36540986997852e+31
0.0462	0.016	4.24570045666182e+32
0.0484	0.016	-1.85194660050345e+33
0.0506	0.016	7.55215639410007e+33
0.0528	0.016	-2.8406003372913e+34
0.055	0.016	9.55956274913505e+34
0.0572	0.016	-2.67784307675948e+35
0.0594	0.016	4.72756904347975e+35
0.0616	0.016	8.16182809040481e+35
0.0638	0.016	-1.39997220322432e+37
0.066	0.016	9.3125672715156e+37
0.0682	0.016	-4.83125554265947e+38
0.0704	0.016	2.21342577888373e+39
0.0726	0.016	-9.44951637620647e+39
0.0748	0.016	3.84801866596732e+40
0.077	0.016	3.67355550360815e+40
0.0792	0.016	3.13754102581897e+40
0.0814	0.016	-4.31511984903408e+40
0.0836	0.016	1.62510909037257e+38
0.0858	0.016	-2.13394135426838e+40
0.088	0.016	-2.49755364380205e+41
0.0902	0.016	-6.19725542242314e+40
0.0924	0.016	1.66067943615104e+41
0.0946	0.016	1.49402986471986e+41
0.0968	0.016	1.06848519431131e+41
0.099	0.016	7.84541259863571e+40
0.1012	0.016	5.49603839765391e+40
0.1034	0.016	3.99001550223064e+40
0.1056	0.016	3.07197885977417e+40
0.1078	0.016	2.32246448652574e+40
0.11	0.016	1.7723608917879e+40
0	0.0192	1.73891568238755e+26
0.0022	0.0192	-1.17938470893017e+27
0.0044	0.0192	4.67892031999576e+27
0.0066	0.0192	-9.48213008292122e+27
0.0088	0.0192	3.71459312649001e+25
0.011	0.0192	2.20697965970615e+29
0.0132	0.0192	-2.64992886210586e+29
0.0154	0.0192	2.03449213089684e+30
0.0176	0.0192	-1.66021043872864e+31
0.0198	0.0192	-2.99144177991946e+31
0.022	0.0192	8.3702609834197e+30
0.0242	0.0192	-4.45530440673123e+31
0.0264	0.0192	3.75629903476893e+31
0.0286	0.0192	5.43890418474371e+31
0.0308	0.0192	-2.49472365448647e+32
0.033	0.0192	2.64224755522044e+32
0.0352	0.0192	-2.92677317175419e+32
0.0374	0.0192	7.98594232413314e+32
0.0396	0.0192	-7.66075837470044e+32
0.0418	0.0192	3.72880286824792e+32
0.044	0.0192	2.3689748287607e+32
0.0462	0.0192	-1.45331514721269e+33
0.0484	0.0192	6.58076407034894e+33
0.0506	0.0192	-2.80722006191861e+34
0.0528	0.0192	1.1130281142843e+35
0.055	0.0192	-4.01544433527645e+35
0.0572	0.0192	1.2617377000919e+36
0.0594	0.0192	-3.03676206990183e+36
0.0616	0.0192	2.30579995359529e+36
0.0638	0.0192	3.23866608766176e+37
0.066	0.0192	-2.81536389646006e+38
0.0682	0.0192	1.60036887212733e+39
0.0704	0.0192	-7.66113819722574e+39
0.0726	0.0192	3.36360734320674e+40
0.0748	0.0192	-1.41100904963941e+41
0.077	0.0192	-1.36290490834181e+41
0.0792	0.0192	-1.16601498636915e+41
0.0814	0.0192	1.60814405511257e+41
0.0836	0.0192	1.0513832021942e+39
0.0858	0.0192	7.99819849338527e+40
0.088	0.0192	9.36356821796728e+41
0.0902	0.0192	2.40058177487189e+41
0.0924	0.0192	-6.13033921693089e+41
0.0946	0.0192	-5.54569461822198e+41
0.0968	0.0192	-3.98510461781756e+41
0.099	0.0192	-2.94515258558665e+41
0.1012	0.0192	-2.08178999080647e+41
0.1034	0.0192	-1.52900376744729e+41
0.1056	0.0192	-1.19288568830618e+41
0.1078	0.0192	-9.17969629774057e+40
0.11	0.0192	-7.15822350092756e+40
0	0.0224	5.0532321969556e+26
0.0022	0.0224	-1.8794795209814e+27
0.0044	0.0224	5.87092585563119e+27
0.0066	0.0224	-1.08981532190862e+28
0.0088	0.0224	-1.36105158620526e+27
0.011	0.0224	2.33847477626079e+29
0.0132	0.0224	-2.1104253624712e+29
0.0154	0.0224	1.84113254571486e+30
0.0176	0.0224	-1.52192059501396e+31
0.0198	0.0224	-3.89263954022164e+31
0.022	0.0224	-1.0942193599674e+31
0.0242	0.0224	2.26817663525316e+32
0.0264	0.0224	-2.15415245148158e+32
0.0286	0.0224	-2.0743374368653e+32
0.0308	0.0224	1.24023825015372e+33
0.033	0.0224	-1.22771614779928e+33
0.0352	0.0224	1.16802257289972e+33
0.0374	0.0224	-3.96234216392202e+33
0.0396	0.0224	3.7554495482453e+33
0.0418	0.0224	-1.86396232918227e+33
0.044	0.0224	-7.74170023610908e+32
0.0462	0.0224	4.85030819902758e+33
0.0484	0.0224	-2.27507453413315e+34
0.0506	0.0224	1.01473160483453e+35
0.0528	0.0224	-4.2270746554751e+35
0.055	0.0224	1.61923782479777e+36
0.0572	0.0224	-5.54813623875268e+36
0.0594	0.0224	1.58045008471893e+37
0.0616	0.0224	-2.86612870256791e+37
0.0638	0.0224	-4.29844824464015e+37
0.066	0.0224	7.84703096360393e+38
0.0682	0.0224	-5.14454949628118e+39
0.0704	0.0224	2.60523239861708e+40
0.0726	0.0224	-1.17665788503039e+41
0.0748	0.0224	5.09213017597005e+41
0.077	0.0224	4.97676818315887e+41
0.0792	0.0224	4.25373451160634e+41
0.0814	0.0224	-6.07116833704474e+41
0.0836	0.0224	-1.78396933761311e+40
0.0858	0.0224	-3.0745060859275e+41
0.088	0.0224	-3.51808670499599e+42
0.0902	0.0224	-9.36427316538441e+41
0.0924	0.0224	2.2548325705624e+42
0.0946	0.0224	2.05048901564553e+42
0.0968	0.0224	1.47832015965197e+42
0.099	0.0224	1.09767983971492e+42
0.1012	0.0224	7.80596138523863e+41
0.1034	0.0224	5.77949807781073e+41
0.1056	0.0224	4.55109782757932e+41
0.1078	0.0224	3.54568207142691e+41
0.11	0.0224	2.8054760139132e+41
0	0.0256	1.27615439228718e+27
0.0022	0.0256	-2.02041506069732e+27
0.0044	0.0256	4.14039957064785e+27
0.0066	0.0256	-1.12803736900237e+27
0.0088	0.0256	-3.70619255631421e+28
0.011	0.0256	3.50048748523921e+29
0.0132	0.0256	-4.81098835973794e+29
0.0154	0.0256	2.62461443799204e+30
0.0176	0.0256	-1.80450683027111e+31
0.0198	0.0256	-3.58661917554293e+31
0.022	0.0256	-2.59867117704859e+31
0.0242	0.0256	2.80713159175196e+32
0.0264	0.0256	1.16798848728756e+33
0.0286	0.0256	6.97123628815218e+32
0.0308	0.0256	-6.22934670634719e+33
0.033	0.0256	5.75012266808046e+33
0.0352	0.0256	-4.2628275452222e+33
0.0374	0.0256	1.97896390223355e+34
0.0396	0.0256	-1.83737373765721e+34
0.0418	0.0256	9.14621983331883e+33
0.044	0.0256	2.73413360271671e+33
0.0462	0.0256	-1.57612444015324e+34
0.0484	0.0256	7.63603230737792e+34
0.0506	0.0256	-3.56473525796552e+35
0.0528	0.0256	1.55823156658916e+36
0.055	0.0256	-6.30245603139054e+36
0.0572	0.0256	2.31965288365699e+37
0.0594	0.0256	-7.41105010980682e+37
0.0616	0.0256	1.80583768421104e+38
0.0638	0.0256	-1.41910203710109e+38
0.066	0.0256	-1.86302848805943e+39
0.0682	0.0256	1.58720683846402e+40
0.0704	0.0256	-8.69647411848093e+40
0.0726	0.0256	4.03661088475878e+41
0.0748	0.0256	-1.79618023849735e+42
0.077	0.0256	-1.77721891846495e+42
0.0792	0.0256	-1.51180249164711e+42
0.0814	0.0256	2.33073362055927e+42
0.0836	0.0256	1.57454300800842e+41
0.0858	0.0256	1.21975350635617e+42
0.088	0.0256	1.32565106181608e+43
0.0902	0.0256	3.68547782649226e+42
0.0924	0.0256	-8.25185860694797e+42
0.0946	0.0256	-7.54066202032674e+42
0.0968	0.0256	-5.44359013720037e+42
0.099	0.0256	-4.05106058950213e+42
0.1012	0.0256	-2.88710847149067e+42
0.1034	0.0256	-2.14475232595624e+42
0.1056	0.0256	-1.69639161318202e+42
0.1078	0.0256	-1.32919880994469e+42
0.11	0.0256	-1.05868042665298e+42
0	0.0288	-3.6797005105958e+26
0.0022	0.0288	-1.36669397271436e+24
0.0044	0.0288	2.51824383894007e+26
0.0066	0.0288	8.6283458361653e+27
0.0088	0.0288	-6.13901545520963e+28
0.011	0.0288	4.08780800452525e+29
0.0132	0.0288	-5.02386099525447e+29
0.0154	0.0288	2.55776170591935e+30
0.0176	0.0288	-1.6842109317925e+31
0.0198	0.0288	-4.5184965360451e+31
0.022	0.0288	-7.85671114551072e+30
0.0242	0.0288	2.19404676264215e+32
0.0264	0.0288	1.45137031136802e+33
0.0286	0.0288	-1.81812407925641e+33
0.0308	0.0288	3.16177391043544e+34
0.033	0.0288	-2.7257514409914e+34
0.0352	0.0288	1.27894816022849e+34
0.0374	0.0288	-9.96125890787099e+34
0.0396	0.0288	8.97246376550804e+34
0.0418	0.0288	-4.43517650907812e+34
0.044	0.0288	-1.13159895787545e+34
0.0462	0.0288	4.97616281093146e+34
0.0484	0.0288	-2.47950858556161e+35
0.0506	0.0288	1.21488054913193e+36
0.0528	0.0288	-5.57598537730044e+36
0.055	0.0288	2.37355646853597e+37
0.0572	0.0288	-9.30514870613511e+37
0.0594	0.0288	3.2504638653808e+38
0.0616	0.0288	-9.36865417297985e+38
0.0638	0.0288	1.69001533017962e+39
0.066	0.0288	2.68738462863181e+39
0.0682	0.0288	-4.59327638832594e+40
0.0704	0.0288	2.84865204861939e+41
0.0726	0.0288	-1.35612607099736e+42
0.0748	0.0288	6.09344729087613e+42
0.077	0.0288	6.11300156723706e+42
0.0792	0.0288	5.13882309714504e+42
0.0814	0.0288	-9.16065888855569e+42
0.0836	0.0288	-1.14665189083506e+42
0.0858	0.0288	-5.04183902009912e+42
0.088	0.0288	-5.01670895027562e+43
0.0902	0.0288	-1.46876452172471e+43
0.0924	0.0288	2.99631984768717e+43
0.0946	0.0288	2.74998731768329e+43
0.0968	0.0288	1.98163558293984e+43
0.099	0.0288	1.4724709834381e+43
0.1012	0.0288	1.0454402235574e+43
0.1034	0.0288	7.73737407013051e+42
0.1056	0.0288	6.10330690734066e+42
0.1078	0.0288	4.76468763446768e+42
0.11	0.0288	3.77832743491827e+42
0	0.032	1.25587758391197e+27
0.0022	0.032	-2.12002968906404e+27
0.0044	0.032	4.05402533152218e+27
0.0066	0.032	1.35703961666426e+27
0.0088	0.032	-4.42868171436649e+28
0.011	0.032	3.51147214302711e+29
0.0132	0.032	-1.87548433130316e+29
0.0154	0.032	1.45160449791862e+30
0.0176	0.032	-1.35141115845136e+31
0.0198	0.032	-6.23917969903418e+31
0.022	0.032	4.1324892966517e+31
0.0242	0.032	6.23960542299317e+31
0.0264	0.032	2.05883470493629e+33
0.0286	0.032	-3.96813657682025e+33
0.0308	0.032	4.00724732540753e+34
0.033	0.032	1.26778515783957e+35
0.0352	0.032	-1.72042447718425e+34
0.0374	0.032	5.05954054979638e+35
0.0396	0.032	-4.37164592884116e+35
0.0418	0.032	2.13632057063144e+35
0.044	0.032	5.67578616812414e+34
0.0462	0.032	-1.52019887152467e+35
0.0484	0.032	7.74557426437526e+35
0.0506	0.032	-4.00384612583399e+36
0.0528	0.032	1.9350483225432e+37
0.055	0.032	-8.65401589724506e+37
0.0572	0.032	3.59632657699872e+38
0.0594	0.032	-1.35537896341907e+39
0.0616	0.032	4.39896562520988e+39
0.0638	0.032	-1.06905311766892e+40
0.066	0.032	7.08184150142596e+39
0.0682	0.032	1.17871533532215e+41
0.0704	0.032	-9.17493248365837e+41
0.0726	0.032	4.49226339961058e+42
0.0748	0.032	-1.92690181657518e+43
0.077	0.032	-1.96783198284025e+43
0.0792	0.032	-1.61011206892035e+43
0.0814	0.032	3.71111167258371e+43
0.0836	0.032	7.56539776200741e+42
0.0858	0.032	2.18449067774888e+43
0.088	0.032	1.91015830562876e+44
0.0902	0.032	5.95098704906092e+43
0.0924	0.032	-1.07493186339472e+44
0.0946	0.032	-9.90065961237061e+43
0.0968	0.032	-7.08626015874025e+43
0.099	0.032	-5.22541320423639e+43
0.1012	0.032	-3.65944452931455e+43
0.1034	0.032	-2.66576556205272e+43
0.1056	0.032	-2.07102237148483e+43
0.1078	0.032	-1.58379725963531e+43
0.11	0.032	-1.22490477225313e+43
0	0.0352	-6.43713590875801e+26
0.0022	0.0352	8.50801959096212e+26
0.0044	0.0352	-2.96352995225322e+27
0.0066	0.0352	2.02734100013322e+28
0.0088	0.0352	-9.39543630409506e+28
0.011	0.0352	4.85153714693783e+29
0.0132	0.0352	-4.37465651502426e+29
0.0154	0.0352	2.19929700986215e+30
0.0176	0.0352	-1.52792809628806e+31
0.0198	0.0352	-6.11861955069034e+31
0.022	0.0352	1.88936303541751e+31
0.0242	0.0352	1.50796214517293e+32
0.0264	0.0352	1.793244268702e+33
0.0286	0.0352	-2.32740789439918e+33
0.0308	0.0352	3.31698868103973e+34
0.033	0.0352	1.65916870219867e+35
0.0352	0.0352	-1.88651563973755e+35
0.0374	0.0352	-2.59594439377847e+36
0.0396	0.0352	2.12337771359488e+36
0.0418	0.0352	-1.02655332408979e+36
0.044	0.0352	-3.27492937406142e+35
0.0462	0.0352	4.44888499678061e+35
0.0484	0.0352	-2.30656693526038e+36
0.0506	0.0352	1.26916401288864e+37
0.0528	0.0352	-6.50023644692039e+37
0.055	0.0352	3.05203605278963e+38
0.0572	0.0352	-1.34084692263542e+39
0.0594	0.0352	5.41258555429343e+39
0.0616	0.0352	-1.93311447801271e+40
0.0638	0.0352	5.60472388935025e+40
0.066	0.0352	-9.52441646861097e+40
0.0682	0.0352	-2.18508115221432e+41
0.0704	0.0352	2.91202595172585e+42
0.0726	0.0352	-1.50852740004065e+43
0.0748	0.0352	5.23606257301349e+43
0.077	0.0352	5.51308273614564e+43
0.0792	0.0352	4.19796647162091e+43
0.0814	0.0352	-1.56041152063233e+44
0.0836	0.0352	-4.71448661065451e+43
0.0858	0.0352	-9.94890471319213e+43
0.088	0.0352	-7.33699328003791e+44
0.0902	0.0352	-2.46331584798343e+44
0.0924	0.0352	3.7824602944178e+44
0.0946	0.0352	3.49181792558842e+44
0.0968	0.0352	2.46115125947737e+44
0.099	0.0352	1.78132435878846e+44
0.1012	0.0352	1.2072729893202e+44
0.1034	0.0352	8.44084934649138e+43
0.1056	0.0352	6.2786570353441e+43
0.1078	0.0352	4.50768597224937e+43
0.11	0.0352	3.20417806852555e+43
0	0.0384	-1.01496870921064e+26
0.0022	0.0384	-1.54989696266957e+27
0.0044	0.0384	3.72920036629441e+27
0.0066	0.0384	1.23872114360122e+27
0.0088	0.0384	-3.50965977241592e+28
0.011	0.0384	2.84100740290472e+29
0.0132	0.0384	3.65466093674927e+29
0.0154	0.0384	-4.64835350033452e+29
0.0176	0.0384	-6.90252423486705e+30
0.0198	0.0384	-9.50090830934431e+31
0.022	0.0384	1.20232579136772e+32
0.0242	0.0384	-1.78570576183064e+32
0.0264	0.0384	2.98973583179048e+33
0.0286	0.0384	-6.60784738612277e+33
0.0308	0.0384	4.96427747006839e+34
0.033	0.0384	1.19490125394592e+35
0.0352	0.0384	7.0631743193653e+33
0.0374	0.0384	-3.62029886325493e+36
0.0396	0.0384	-9.8720592179916e+36
0.0418	0.0384	4.93187048747069e+36
0.044	0.0384	2.01236826145606e+36
0.0462	0.0384	-1.21068396012675e+36
0.0484	0.0384	6.44555867235056e+36
0.0506	0.0384	-3.83321537386286e+37
0.0528	0.0384	2.10786574368138e+38
0.055	0.0384	-1.03904126880081e+39
0.0572	0.0384	4.8190175681411e+39
0.0594	0.0384	-2.07526078065281e+40
0.0616	0.0384	8.06105848281137e+40
0.0638	0.0384	-2.66223674056313e+41
0.066	0.0384	6.31243019383414e+41
0.0682	0.0384	-1.42655827490274e+41
0.0704	0.0384	-9.02940199907947e+42
0.0726	0.0384	5.51374298972286e+43
0.0748	0.0384	-8.5736568706594e+43
0.077	0.0384	-1.00615253653716e+44
0.0792	0.0384	-5.21572374224489e+43
0.0814	0.0384	6.84807433421801e+44
0.0836	0.0384	2.8361593571115e+44
0.0858	0.0384	4.75525666922164e+44
0.088	0.0384	2.85318782716917e+45
0.0902	0.0384	1.04726391321599e+45
0.0924	0.0384	-1.28838736802645e+45
0.0946	0.0384	-1.18950105606994e+45
0.0968	0.0384	-8.12100945081078e+44
0.099	0.0384	-5.63796042323952e+44
0.1012	0.0384	-3.53400822863896e+44
0.1034	0.0384	-2.20703725288131e+44
0.1056	0.0384	-1.42156231176484e+44
0.1078	0.0384	-7.78428715500558e+43
0.11	0.0384	-3.05563488688654e+43
0	0.0416	1.91220663659744e+27
0.0022	0.0416	-3.19838520094084e+27
0.0044	0.0416	3.56133190399171e+27
0.0066	0.0416	7.40326945065995e+27
0.0088	0.0416	-5.68309582771083e+28
0.011	0.0416	3.5610572460304e+29
0.0132	0.0416	2.51794498039128e+29
0.0154	0.0416	1.14414432822275e+29
0.0176	0.0416	-8.91298030547515e+30
0.0198	0.0416	-9.10121641485824e+31
0.022	0.0416	7.9395582504258e+31
0.0242	0.0416	-6.0304109021011e+30
0.0264	0.0416	2.37500815112545e+33
0.0286	0.0416	-3.42394358947951e+33
0.0308	0.0416	3.61038880407959e+34
0.033	0.0416	1.88003746158803e+35
0.0352	0.0416	-1.89037316190474e+35
0.0374	0.0416	-2.86188942390221e+36
0.0396	0.0416	-1.46801742686555e+37
0.0418	0.0416	-2.25888919867504e+37
0.044	0.0416	-1.25607238843981e+37
0.0462	0.0416	2.74658907460301e+36
0.0484	0.0416	-1.64049858513014e+37
0.0506	0.0416	1.08308682790231e+38
0.0528	0.0416	-6.57447470729519e+38
0.055	0.0416	3.40405412565819e+39
0.0572	0.0416	-1.66565418056689e+40
0.0594	0.0416	7.63544769785032e+40
0.0616	0.0416	-3.20530595165801e+41
0.0638	0.0416	1.18057986730745e+42
0.066	0.0416	-3.43835689282151e+42
0.0682	0.0416	4.87129377173891e+42
0.0704	0.0416	2.67574766593938e+43
0.0726	0.0416	-2.92123645380106e+44
0.0748	0.0416	1.67966292473345e+45
0.077	0.0416	1.71452710565101e+45
0.0792	0.0416	1.4319584133593e+45
0.0814	0.0416	-3.03244103712706e+45
0.0836	0.0416	-5.7029538884421e+44
0.0858	0.0416	-1.84437830448262e+45
0.088	0.0416	-1.68302631438089e+46
0.0902	0.0416	-5.23829347353759e+45
0.0924	0.0416	9.91554576403159e+45
0.0946	0.0416	9.21360216214243e+45
0.0968	0.0416	6.64049814710727e+45
0.099	0.0416	4.90878632931777e+45
0.1012	0.0416	3.41993386675118e+45
0.1034	0.0416	2.45800449362259e+45
0.1056	0.0416	1.87370023120016e+45
0.1078	0.0416	1.38387896034654e+45
0.11	0.0416	1.01706724582307e+45
0	0.0448	3.05911145721633e+26
0.0022	0.0448	-1.71455791195992e+26
0.0044	0.0448	-2.84566929966691e+27
0.0066	0.0448	2.10302646535859e+28
0.0088	0.0448	-8.5390696234356e+28
0.011	0.0448	4.06188658590915e+29
0.0132	0.0448	3.01188007123701e+29
0.0154	0.0448	-1.05802829597097e+29
0.0176	0.0448	-8.55229084310533e+30
0.0198	0.0448	-9.83860313106441e+31
0.022	0.0448	8.94646603542479e+31
0.0242	0.0448	-2.75928772882843e+31
0.0264	0.0448	2.52678568147073e+33
0.0286	0.0448	-3.84061887978876e+33
0.0308	0.0448	3.84135707716887e+34
0.033	0.0448	1.93874420750989e+35
0.0352	0.0448	-1.7279139194488e+35
0.0374	0.0448	-3.24380824641577e+36
0.0396	0.0448	-1.51985401926108e+37
0.0418	0.0448	-2.82053013408972e+37
0.044	0.0448	-2.02708762021837e+37
0.0462	0.0448	1.17271537266193e+35
0.0484	0.0448	3.5556291882993e+37
0.0506	0.0448	-2.74413619212972e+38
0.0528	0.0448	1.96347774108634e+39
0.055	0.0448	-1.06870051536631e+40
0.0572	0.0448	5.51627173467602e+40
0.0594	0.0448	-2.68843635198539e+41
0.0616	0.0448	1.21510888041197e+42
0.0638	0.0448	-4.93684108886958e+42
0.066	0.0448	1.69007394182792e+43
0.0682	0.0448	-4.00167208977761e+43
0.0704	0.0448	-1.23179887229697e+43
0.0726	0.0448	8.59469161072574e+44
0.0748	0.0448	-6.17348902387042e+45
0.077	0.0448	-6.48916532069474e+45
0.0792	0.0448	-5.38679693893424e+45
0.0814	0.0448	1.2486762075737e+46
0.0836	0.0448	2.83105410528427e+45
0.0858	0.0448	7.83219234109304e+45
0.088	0.0448	6.87655068175582e+46
0.0902	0.0448	2.27616057710221e+46
0.0924	0.0448	-3.86157279857861e+46
0.0946	0.0448	-3.6369074668156e+46
0.0968	0.0448	-2.64290542544138e+46
0.099	0.0448	-1.97628611686696e+46
0.1012	0.0448	-1.39711582443057e+46
0.1034	0.0448	-1.023861029398e+46
0.1056	0.0448	-7.98296598563261e+45
0.1078	0.0448	-6.08162770630506e+45
0.11	0.0448	-4.64672282455269e+45
0	0.048	6.18467260319196e+26
0.0022	0.048	-1.24158405305578e+27
0.0044	0.048	-1.09374639270879e+27
0.0066	0.048	1.6398327502278e+28
0.0088	0.048	-6.5237561169053e+28
0.011	0.048	3.34295579101974e+29
0.0132	0.048	6.70831773521343e+29
0.0154	0.048	-1.0339172121218e+30
0.0176	0.048	-5.76572208410716e+30
0.0198	0.048	-1.10350970206306e+32
0.022	0.048	9.91861605192337e+31
0.0242	0.048	-2.47274277976939e+31
0.0264	0.048	2.50451884001032e+33
0.0286	0.048	-2.86308976959204e+33
0.0308	0.048	3.33999197602945e+34
0.033	0.048	2.29822756359942e+35
0.0352	0.048	-2.30772699024415e+35
0.0374	0.048	-3.0630133086754e+36
0.0396	0.048	-1.79159665525459e+37
0.0418	0.048	-2.93267355046401e+37
0.044	0.048	-2.5042197726685e+37
0.0462	0.048	4.59637018846917e+36
0.0484	0.048	-5.60469611086093e+37
0.0506	0.048	5.45136807175537e+38
0.0528	0.048	-5.58549464565473e+39
0.055	0.048	3.19782455897602e+40
0.0572	0.048	-1.74159356918843e+41
0.0594	0.048	9.01778865023494e+41
0.0616	0.048	-4.37489253173242e+42
0.0638	0.048	1.94179968921922e+43
0.066	0.048	-7.54548859589954e+43
0.0682	0.048	2.31057592633686e+44
0.0704	0.048	-3.45723195610888e+44
0.0726	0.048	-1.86033812111175e+45
0.0748	0.048	2.04652157987354e+46
0.077	0.048	2.25724791459437e+46
0.0792	0.048	1.83628740074733e+46
0.0814	0.048	-5.18560029866894e+46
0.0836	0.048	-1.49112140294803e+46
0.0858	0.048	-3.40129518068514e+46
0.088	0.048	-2.77367100871701e+47
0.0902	0.048	-9.91549074578933e+46
0.0924	0.048	1.44438256537898e+47
0.0946	0.048	1.38342863850351e+47
0.0968	0.048	1.0123947927364e+47
0.099	0.048	7.65158761496369e+46
0.1012	0.048	5.47626039201979e+46
0.1034	0.048	4.08209908863076e+46
0.1056	0.048	3.24785057800887e+46
0.1078	0.048	2.54108576832653e+46
0.11	0.048	2.00363132375832e+46
0	0.0512	1.25461458839947e+27
0.0022	0.0512	-4.77878480546384e+26
0.0044	0.0512	-3.59069452952271e+27
0.0066	0.0512	1.96512549365087e+28
0.0088	0.0512	-6.36727282710798e+28
0.011	0.0512	2.99849428199357e+29
0.0132	0.0512	9.62742366984467e+29
0.0154	0.0512	-1.84688690054581e+30
0.0176	0.0512	-3.89266483966217e+30
0.0198	0.0512	-1.21856490079657e+32
0.022	0.0512	1.17613099583153e+32
0.0242	0.0512	-6.85889872295005e+31
0.0264	0.0512	2.72907645268194e+33
0.0286	0.0512	-3.50306363307674e+33
0.0308	0.0512	3.66752109957558e+34
0.033	0.0512	2.31746773835069e+35
0.0352	0.0512	-1.83147291694619e+35
0.0374	0.0512	-3.58992566996123e+36
0.0396	0.0512	-1.80236528827048e+37
0.0418	0.0512	-3.91653677134261e+37
0.044	0.0512	-1.94783657442547e+37
0.0462	0.0512	-4.61383778689978e+37
0.0484	0.0512	1.74050375523348e+38
0.0506	0.0512	-1.66416238783677e+39
0.0528	0.0512	1.50912002065038e+40
0.055	0.0512	-9.05667277783433e+40
0.0572	0.0512	5.20835269761192e+41
0.0594	0.0512	-2.86591199134515e+42
0.0616	0.0512	1.4905393058726e+43
0.0638	0.0512	-7.18950269925988e+43
0.066	0.0512	3.11366279393278e+44
0.0682	0.0512	-1.13318622331507e+45
0.0704	0.0512	2.84677941001687e+45
0.0726	0.0512	6.41215799426001e+44
0.0748	0.0512	-6.12201962673003e+46
0.077	0.0512	-7.32680194639527e+46
0.0792	0.0512	-5.71309659538386e+46
0.0814	0.0512	2.20046137918765e+47
0.0836	0.0512	7.86922485690177e+46
0.0858	0.0512	1.51803350141036e+47
0.088	0.0512	1.12968141041997e+48
0.0902	0.0512	4.38102486165861e+47
0.0924	0.0512	-5.33392265101501e+47
0.0946	0.0512	-5.21250630477259e+47
0.0968	0.0512	-3.83465764720416e+47
0.099	0.0512	-2.92481420995484e+47
0.1012	0.0512	-2.1121881477863e+47
0.1034	0.0512	-1.5958513433046e+47
0.1056	0.0512	-1.29161057526875e+47
0.1078	0.0512	-1.03269980633203e+47
0.11	0.0512	-8.34478079114519e+46
0	0.0544	-8.05530340608817e+26
0.0022	0.0544	1.53304571357205e+27
0.0044	0.0544	-6.4801362298383e+27
0.0066	0.0544	2.31423965909078e+28
0.0088	0.0544	-6.13904635463799e+28
0.011	0.0544	2.80816534610378e+29
0.0132	0.0544	1.15633063243159e+30
0.0154	0.0544	-2.04618818093462e+30
0.0176	0.0544	-3.88651788592868e+30
0.0198	0.0544	-1.24045723253674e+32
0.022	0.0544	8.98174415320377e+31
0.0242	0.0544	6.62096435792913e+31
0.0264	0.0544	2.25038775203235e+33
0.0286	0.0544	-7.9068732934471e+32
0.0308	0.0544	2.519695584201e+34
0.033	0.0544	2.92761632348834e+35
0.0352	0.0544	-3.26314704690704e+35
0.0374	0.0544	-3.09994669628394e+36
0.0396	0.0544	-2.227442921405e+37
0.0418	0.0544	-3.59830229618052e+37
0.044	0.0544	-5.21640962315577e+37
0.0462	0.0544	7.53773888550589e+37
0.0484	0.0544	-4.57549101350597e+38
0.0506	0.0544	4.26811540956027e+39
0.0528	0.0544	-3.81352665978132e+40
0.055	0.0544	2.40464984369947e+41
0.0572	0.0544	-1.46233957892994e+42
0.0594	0.0544	8.56127697284351e+42
0.0616	0.0544	-4.77550650952862e+43
0.0638	0.0544	2.49883951222319e+44
0.066	0.0544	-1.19619108567715e+45
0.0682	0.0544	5.00130062901533e+45
0.0704	0.0544	-1.63649342884668e+46
0.0726	0.0544	2.56131663547944e+46
0.0748	0.0544	1.45366984391194e+47
0.077	0.0544	2.0915186786753e+47
0.0792	0.0544	1.46693288915904e+47
0.0814	0.0544	-9.5666418638829e+47
0.0836	0.0544	-4.14677810108211e+47
0.0858	0.0544	-6.96423024944202e+47
0.088	0.0544	-4.66465997500752e+48
0.0902	0.0544	-1.96850067295651e+48
0.0924	0.0544	1.93833533948954e+48
0.0946	0.0544	1.9421637135714e+48
0.0968	0.0544	1.43240127512543e+48
0.099	0.0544	1.10003711504444e+48
0.1012	0.0544	7.97708484066649e+47
0.1034	0.0544	6.08087554137765e+47
0.1056	0.0544	4.98982175099316e+47
0.1078	0.0544	4.05799671949809e+47
0.11	0.0544	3.34068837034319e+47
0	0.0576	2.97278063983316e+27
0.0022	0.0576	-2.004643857141e+27
0.0044	0.0576	1.05680664605679e+27
0.0066	0.0576	-9.2846911926625e+26
0.0088	0.0576	1.75655895078852e+28
0.011	0.0576	2.57839731732712e+28
0.0132	0.0576	2.10193860424553e+30
0.0154	0.0576	-4.73680770740801e+30
0.0176	0.0576	3.7002831284934e+30
0.0198	0.0576	-1.53855347005105e+32
0.022	0.0576	1.6506710951584e+32
0.0242	0.0576	-1.69093322839633e+32
0.0264	0.0576	3.14955367009161e+33
0.0286	0.0576	-3.96222416344799e+33
0.0308	0.0576	3.84403225998467e+34
0.033	0.0576	2.55318692208231e+35
0.0352	0.0576	-1.05493135794009e+35
0.0374	0.0576	-4.33967053849779e+36
0.0396	0.0576	-1.9701615856183e+37
0.0418	0.0576	-5.98035259142374e+37
0.044	0.0576	6.16199283323852e+36
0.0462	0.0576	-2.26662844939416e+38
0.0484	0.0576	1.07463198484121e+39
0.0506	0.0576	-1.00126847710806e+40
0.0528	0.0576	8.89799561709676e+40
0.055	0.0576	-5.9070011066509e+41
0.0572	0.0576	3.80610325895282e+42
0.0594	0.0576	-2.37565105890449e+43
0.0616	0.0576	1.42382686692413e+44
0.0638	0.0576	-8.08926007583503e+44
0.066	0.0576	4.2700456633484e+45
0.0682	0.0576	-2.02297277235356e+46
0.0704	0.0576	8.00791362940252e+46
0.0726	0.0576	-2.13639970515757e+47
0.0748	0.0576	-1.0200808336679e+47
0.077	0.0576	-4.25351208887751e+47
0.0792	0.0576	-1.79596502805083e+47
0.0814	0.0576	4.2643523704557e+48
0.0836	0.0576	2.18041049645564e+48
0.0858	0.0576	3.27884563943843e+48
0.088	0.0576	1.95939126263563e+49
0.0902	0.0576	9.01654193417249e+48
0.0924	0.0576	-6.86894833842811e+48
0.0946	0.0576	-7.11609060291851e+48
0.0968	0.0576	-5.2392563747557e+48
0.099	0.0576	-4.03761183408173e+48
0.1012	0.0576	-2.91876638906236e+48
0.1034	0.0576	-2.23059458208269e+48
0.1056	0.0576	-1.84912391935158e+48
0.1078	0.0576	-1.52266682289931e+48
0.11	0.0576	-1.27046038204698e+48
0	0.0608	-3.92235811712139e+27
0.0022	0.0608	6.89157967726057e+27
0.0044	0.0608	-1.57253917079789e+28
0.0066	0.0608	3.81389306567649e+28
0.0088	0.0608	-8.57193460224804e+28
0.011	0.0608	3.46487248821581e+29
0.0132	0.0608	1.17100418444171e+30
0.0154	0.0608	-1.03814931970429e+30
0.0176	0.0608	-9.68177731020888e+30
0.0198	0.0608	-1.10574260009538e+32
0.022	0.0608	-2.14472256173873e+31
0.0242	0.0608	5.10630838381594e+32
0.0264	0.0608	7.83173261580688e+32
0.0286	0.0608	5.84374007428356e+33
0.0308	0.0608	1.76168906747393e+32
0.033	0.0608	4.19317126895604e+35
0.0352	0.0608	-6.35274570668011e+35
0.0374	0.0608	-2.34728036004597e+36
0.0396	0.0608	-3.0335885522843e+37
0.0418	0.0608	-3.25969902543387e+37
0.044	0.0608	-1.42140769417003e+38
0.0462	0.0608	4.1217661461051e+38
0.0484	0.0608	-2.30618382279168e+39
0.0506	0.0608	2.13058771411248e+40
0.0528	0.0608	-1.88033448764074e+41
0.055	0.0608	1.31701573634822e+42
0.0572	0.0608	-9.01328945922475e+42
0.0594	0.0608	6.01476808689184e+43
0.0616	0.0608	-3.88529444254636e+44
0.0638	0.0608	2.40380499642154e+45
0.066	0.0608	-1.4016473445774e+46
0.0682	0.0608	7.49945625398068e+46
0.0704	0.0608	-3.49961767148868e+47
0.0726	0.0608	1.25776420105781e+48
0.0748	0.0608	-1.878941491807e+48
0.077	0.0608	-2.83517419715255e+47
0.0792	0.0608	-1.27719867924577e+48
0.0814	0.0608	-1.94821985337522e+49
0.0836	0.0608	-1.14382836592025e+49
0.0858	0.0608	-1.58083005028379e+49
0.088	0.0608	-8.41020571757143e+49
0.0902	0.0608	-4.22355239665218e+49
0.0924	0.0608	2.33409412715679e+49
0.0946	0.0608	2.54030506512355e+49
0.0968	0.0608	1.85401100989557e+49
0.099	0.0608	1.42628435547568e+49
0.1012	0.0608	1.0152187677065e+49
0.1034	0.0608	7.69865608749634e+48
0.1056	0.0608	6.41957655335523e+48
0.1078	0.0608	5.32602428386338e+48
0.11	0.0608	4.4805828684452e+48
0	0.064	4.66603486607357e+27
0.0022	0.064	-5.87610694243174e+27
0.0044	0.064	1.58958975123452e+28
0.0066	0.064	-5.33168043746539e+28
0.0088	0.064	1.90420968838782e+29
0.011	0.064	-5.0430520298613e+29
0.0132	0.064	3.99180809892302e+30
0.0154	0.064	-9.68008785059056e+30
0.0176	0.064	1.75183816696587e+31
0.0198	0.064	-2.06794862459079e+32
0.022	0.064	2.7832389807439e+32
0.0242	0.064	-5.05784571337251e+32
0.0264	0.064	4.46192405826724e+33
0.0286	0.064	-7.95445423478042e+33
0.0308	0.064	5.4981398217034e+34
0.033	0.064	2.17964170727686e+35
0.0352	0.064	2.56395006993345e+35
0.0374	0.064	-6.30796376483702e+36
0.0396	0.064	-1.68726913267392e+37
0.0418	0.064	-1.05384679358228e+38
0.044	0.064	1.19057109889621e+38
0.0462	0.064	-8.51132881836798e+38
0.0484	0.064	4.35634316605235e+39
0.0506	0.064	-4.00532934362087e+40
0.0528	0.064	3.49374911952846e+41
0.055	0.064	-2.5878471549413e+42
0.0572	0.064	1.88650276847045e+43
0.0594	0.064	-1.35073549290373e+44
0.0616	0.064	9.44442230140437e+44
0.0638	0.064	-6.39500964265483e+45
0.066	0.064	4.14062994850635e+46
0.0682	0.064	-2.51139582338802e+47
0.0704	0.064	1.37471321650637e+48
0.0726	0.064	-6.26046813696943e+48
0.0748	0.064	1.81108466824671e+49
0.077	0.064	1.03928395907068e+49
0.0792	0.064	1.45927896538081e+49
0.0814	0.064	9.11563421781494e+49
0.0836	0.064	5.98968465367663e+49
0.0858	0.064	7.79439168478507e+49
0.088	0.064	3.71385796913726e+50
0.0902	0.064	2.03362229620833e+50
0.0924	0.064	-7.34099594031538e+49
0.0946	0.064	-8.69552197720028e+49
0.0968	0.064	-6.21134689051517e+49
0.099	0.064	-4.72702783438949e+49
0.1012	0.064	-3.23193927093349e+49
0.1034	0.064	-2.38178399802871e+49
0.1056	0.064	-1.98520068083193e+49
0.1078	0.064	-1.64879927208232e+49
0.11	0.064	-1.38977825988856e+49
0	0.0672	-1.97278975782764e+27
0.0022	0.0672	7.76910789240468e+27
0.0044	0.0672	-1.74933984497075e+28
0.0066	0.0672	4.24601542684571e+28
0.0088	0.0672	-1.07910399326978e+29
0.011	0.0672	4.9005900829014e+29
0.0132	0.0672	7.42578936604897e+29
0.0154	0.0672	2.13171958368324e+30
0.0176	0.0672	-2.40076136097561e+31
0.0198	0.0672	-6.64019127559987e+31
0.022	0.0672	-2.48496740340686e+32
0.0242	0.0672	1.35838698370828e+33
0.0264	0.0672	-2.07791945452357e+33
0.0286	0.0672	1.77612759808431e+34
0.0308	0.0672	-4.45977257076362e+34
0.033	0.0672	6.22051506706519e+35
0.0352	0.0672	-1.21177961718858e+36
0.0374	0.0672	-5.40157054893627e+35
0.0396	0.0672	-4.35078439123835e+37
0.0418	0.0672	-1.28125109490131e+37
0.044	0.0672	-3.36054367640795e+38
0.0462	0.0672	1.2311140952268e+39
0.0484	0.0672	-7.02014695023644e+39
0.0506	0.0672	6.36301349401231e+40
0.0528	0.0672	-5.43022563196092e+41
0.055	0.0672	4.2641453023534e+42
0.0572	0.0672	-3.32189407060404e+43
0.0594	0.0672	2.56285863680045e+44
0.0616	0.0672	-1.95054290635055e+45
0.0638	0.0672	1.45592494358946e+46
0.066	0.0672	-1.05618393664457e+47
0.0682	0.0672	7.33696782363284e+47
0.0704	0.0672	-4.75314817653492e+48
0.0726	0.0672	2.71900165169677e+49
0.0748	0.0672	-1.18117733615549e+50
0.077	0.0672	-8.16548956343335e+49
0.0792	0.0672	-1.00697860119339e+50
0.0814	0.0672	-4.37487155071297e+50
0.0836	0.0672	-3.13909675941615e+50
0.0858	0.0672	-3.94193437143776e+50
0.088	0.0672	-1.7082542229561e+51
0.0902	0.0672	-1.01653573131291e+51
0.0924	0.0672	1.94346250933754e+50
0.0946	0.0672	2.77243874973084e+50
0.0968	0.0672	1.88751269466002e+50
0.099	0.0672	1.39560474378737e+50
0.1012	0.0672	8.59125846411857e+49
0.1034	0.0672	5.78911293703517e+49
0.1056	0.0672	4.7652559163983e+49
0.1078	0.0672	3.92256614717512e+49
0.11	0.0672	3.28179768887554e+49
0	0.0704	-8.29248256238448e+27
0.0022	0.0704	5.06057282824727e+27
0.0044	0.0704	6.3420598917084e+27
0.0066	0.0704	-4.80415410811691e+28
0.0088	0.0704	2.00518479122459e+29
0.011	0.0704	-5.36107088698815e+29
0.0132	0.0704	4.34187886792919e+30
0.0154	0.0704	-9.56931763454519e+30
0.0176	0.0704	1.52868436924785e+31
0.0198	0.0704	-2.10045518155001e+32
0.022	0.0704	2.30094178898788e+32
0.0242	0.0704	-3.41732460361889e+32
0.0264	0.0704	4.22788121164764e+33
0.0286	0.0704	-6.75492140439571e+33
0.0308	0.0704	5.48180771538755e+34
0.033	0.0704	2.33876569761566e+35
0.0352	0.0704	4.88533188600986e+35
0.0374	0.0704	-7.9682231434753e+36
0.0396	0.0704	-1.52777878021488e+37
0.0418	0.0704	-1.55390809639669e+38
0.044	0.0704	2.35793987936339e+38
0.0462	0.0704	-1.62313431219828e+39
0.0484	0.0704	8.89122161630217e+39
0.0506	0.0704	-7.84743036169031e+40
0.0528	0.0704	6.38479127199562e+41
0.055	0.0704	-5.33344409884542e+42
0.0572	0.0704	4.45791889154743e+43
0.0594	0.0704	-3.72467472385613e+44
0.0616	0.0704	3.10729384815061e+45
0.0638	0.0704	-2.5823369466077e+46
0.066	0.0704	2.12861020569312e+47
0.0682	0.0704	-1.72641315615924e+48
0.0704	0.0704	1.35669407091034e+49
0.0726	0.0704	-1.00007322636033e+50
0.0748	0.0704	6.35673182493702e+50
0.077	0.0704	4.73729136457728e+50
0.0792	0.0704	5.69678928371916e+50
0.0814	0.0704	2.18983916027795e+51
0.0836	0.0704	1.66630897915867e+51
0.0858	0.0704	2.0881467113252e+51
0.088	0.0704	8.42824589626082e+51
0.0902	0.0704	5.39709665437718e+51
0.0924	0.0704	-2.79089554433288e+50
0.0946	0.0704	-7.91405797112716e+50
0.0968	0.0704	-4.8299268471732e+50
0.099	0.0704	-3.33910660074375e+50
0.1012	0.0704	-1.42487036985168e+50
0.1034	0.0704	-5.76598084117169e+49
0.1056	0.0704	-4.50198158003254e+49
0.1078	0.0704	-3.67825583261889e+49
0.11	0.0704	-3.0516442282397e+49
0	0.0736	1.89913240300432e+28
0.0022	0.0736	-2.39372647786417e+28
0.0044	0.0736	5.10912895020784e+28
0.0066	0.0736	-1.24990321993777e+29
0.0088	0.0736	3.28215719035823e+29
0.011	0.0736	-6.68659566758082e+29
0.0132	0.0736	4.23467215967258e+30
0.0154	0.0736	-6.70734123332552e+30
0.0176	0.0736	1.96501616881191e+29
0.0198	0.0736	-1.50088504891174e+32
0.022	0.0736	-5.24066471802465e+31
0.0242	0.0736	7.60849476717826e+32
0.0264	0.0736	1.12099519273088e+32
0.0286	0.0736	1.07422210592314e+34
0.0308	0.0736	-1.69682995726907e+34
0.033	0.0736	5.47807114625612e+35
0.0352	0.0736	-6.89772931010906e+35
0.0374	0.0736	-2.99030849687493e+36
0.0396	0.0736	-4.09735430810213e+37
0.0418	0.0736	-6.08829454086714e+37
0.044	0.0736	-2.95607771175895e+38
0.0462	0.0736	1.05213925708995e+39
0.0484	0.0736	-7.41665949028027e+39
0.0506	0.0736	5.97799757987607e+40
0.0528	0.0736	-4.14121118520314e+41
0.055	0.0736	3.75105648564305e+42
0.0572	0.0736	-3.41234524937788e+43
0.0594	0.0736	3.12019788884248e+44
0.0616	0.0736	-2.88287217236719e+45
0.0638	0.0736	2.70678480156783e+46
0.066	0.0736	-2.59801693819522e+47
0.0682	0.0736	2.56380600037496e+48
0.0704	0.0736	-2.61399536956876e+49
0.0726	0.0736	2.76260687997704e+50
0.0748	0.0736	-3.02970895712674e+51
0.077	0.0736	-2.42463963060654e+51
0.0792	0.0736	-3.00527760664646e+51
0.0814	0.0736	-1.27999324866742e+52
0.0836	0.0736	-9.36985755391158e+51
0.0858	0.0736	-1.29724381280013e+52
0.088	0.0736	-4.91912085794552e+52
0.0902	0.0736	-3.201196318595e+52
0.0924	0.0736	-1.19449905203189e+50
0.0946	0.0736	3.18500192426738e+51
0.0968	0.0736	1.84879100952836e+51
0.099	0.0736	1.26306682576661e+51
0.1012	0.0736	3.60502678334547e+50
0.1034	0.0736	7.07384064688038e+48
0.1056	0.0736	1.7742224415216e+49
0.1078	0.0736	3.7051222140582e+49
0.11	0.0736	4.48634174473921e+49
0	0.0768	-2.38262962835693e+28
0.0022	0.0768	3.32962182150385e+28
0.0044	0.0768	-6.25051007368238e+28
0.0066	0.0768	1.48729022087583e+29
0.0088	0.0768	-4.05520322862269e+29
0.011	0.0768	1.43315533596291e+30
0.0132	0.0768	-1.83296357060021e+30
0.0154	0.0768	1.22913816163067e+31
0.0176	0.0768	-5.92889549172793e+31
0.0198	0.0768	2.7860427242007e+31
0.022	0.0768	-6.37127866170402e+32
0.0242	0.0768	2.59502703331424e+33
0.0264	0.0768	-5.539190798563e+33
0.0286	0.0768	2.99656033439044e+34
0.0308	0.0768	-7.89337049208243e+34
0.033	0.0768	7.58977799836329e+35
0.0352	0.0768	-1.20895712927197e+36
0.0374	0.0768	-2.07916657796551e+36
0.0396	0.0768	-4.47069175430957e+37
0.0418	0.0768	-8.54943930092084e+37
0.044	0.0768	-1.95795707001248e+38
0.0462	0.0768	5.15554686456028e+35
0.0484	0.0768	1.00905725192123e+39
0.0506	0.0768	6.01179452963331e+39
0.0528	0.0768	-2.11006000618504e+41
0.055	0.0768	1.49167257912787e+42
0.0572	0.0768	-1.0842331625767e+43
0.0594	0.0768	8.56065855400423e+43
0.0616	0.0768	-7.65890124936595e+44
0.0638	0.0768	7.87319132397069e+45
0.066	0.0768	-9.06590213368504e+46
0.0682	0.0768	1.12116163916237e+48
0.0704	0.0768	-1.43937250866462e+49
0.0726	0.0768	1.88112961277797e+50
0.0748	0.0768	-2.47967569012814e+51
0.077	0.0768	-2.42757873669308e+51
0.0792	0.0768	-2.32392400700874e+51
0.0814	0.0768	-1.08485072031871e+52
0.0836	0.0768	-9.13645888849375e+51
0.0858	0.0768	-8.97526528102009e+51
0.088	0.0768	-3.80534021468055e+52
0.0902	0.0768	-3.1807559866587e+52
0.0924	0.0768	-5.18407048754207e+51
0.0946	0.0768	2.88218551523161e+51
0.0968	0.0768	1.29479419335592e+51
0.099	0.0768	3.7697998890263e+50
0.1012	0.0768	-2.61242933676217e+50
0.1034	0.0768	-9.07530968437607e+47
0.1056	0.0768	3.35065907832188e+49
0.1078	0.0768	4.90250179354758e+49
0.11	0.0768	5.56176885894051e+49
0	0.08	2.14245969834322e+28
0.0022	0.08	-4.50778931525428e+28
0.0044	0.08	1.17420321658006e+29
0.0066	0.08	-3.19035946599612e+29
0.0088	0.08	9.10385984358241e+29
0.011	0.08	-2.44671856866795e+30
0.0132	0.08	1.02070376505016e+31
0.0154	0.08	-2.48314865511303e+31
0.0176	0.08	5.9556397581876e+31
0.0198	0.08	-3.6662301329389e+32
0.022	0.08	6.3073223315277e+32
0.0242	0.08	-1.64332700165848e+33
0.0264	0.08	9.04926618408952e+33
0.0286	0.08	-2.31143682393514e+34
0.0308	0.08	1.19231721180318e+35
0.033	0.08	3.28837849663811e+34
0.0352	0.08	1.67188582973187e+36
0.0374	0.08	-1.30412131124748e+37
0.0396	0.08	-7.52383361489489e+36
0.0418	0.08	-2.49335967477515e+38
0.044	0.08	3.23775534839071e+38
0.0462	0.08	-1.9794279248266e+39
0.0484	0.08	7.87409854420491e+39
0.0506	0.08	-8.96297901233263e+40
0.0528	0.08	8.95020821919115e+41
0.055	0.08	-6.8141743635547e+42
0.0572	0.08	5.1562548856177e+43
0.0594	0.08	-3.8743525358757e+44
0.0616	0.08	2.86145701426627e+45
0.0638	0.08	-2.02967679331751e+46
0.066	0.08	1.30349198660344e+47
0.0682	0.08	-6.13609877117729e+47
0.0704	0.08	-1.08712852224293e+48
0.0726	0.08	9.37351533976882e+49
0.0748	0.08	-1.95746833733187e+51
0.077	0.08	-3.0422933396126e+51
0.0792	0.08	-3.60521505704597e+51
0.0814	0.08	-1.11287601599461e+52
0.0836	0.08	-8.09950044405844e+51
0.0858	0.08	-1.25563438964629e+52
0.088	0.08	-4.09391886728046e+52
0.0902	0.08	-2.45614374696021e+52
0.0924	0.08	2.42603347238379e+50
0.0946	0.08	1.90437580246201e+51
0.0968	0.08	1.07216412019369e+51
0.099	0.08	1.3359128738429e+50
0.1012	0.08	1.39133069387661e+50
0.1034	0.08	3.42520874903858e+49
0.1056	0.08	2.50826344550905e+49
0.1078	0.08	5.1562641804233e+49
0.11	0.08	5.71117471632965e+49
0	0.0832	-7.84797537588028e+27
0.0022	0.0832	2.12485246224442e+28
0.0044	0.0832	-7.00069723583826e+28
0.0066	0.0832	2.34319972620382e+29
0.0088	0.0832	-7.86374580201704e+29
0.011	0.0832	2.92087260558111e+30
0.0132	0.0832	-6.92169644056628e+30
0.0154	0.0832	3.20001568106484e+31
0.0176	0.0832	-1.29620840857334e+32
0.0198	0.0832	2.58094094896395e+32
0.022	0.0832	-1.50728055613866e+33
0.0242	0.0832	5.60264880162445e+33
0.0264	0.0832	-1.57414042686263e+34
0.0286	0.0832	6.92035552511272e+34
0.0308	0.0832	-2.25662955483178e+35
0.033	0.0832	1.35254748837843e+36
0.0352	0.0832	-3.22684174817151e+36
0.0374	0.0832	5.53636343121019e+36
0.0396	0.0832	-8.43844525497488e+37
0.0418	0.0832	3.00387647147596e+37
0.044	0.0832	-9.34330006626377e+38
0.0462	0.0832	3.24852679053584e+39
0.0484	0.0832	-1.7682517508088e+40
0.0506	0.0832	1.75187115737009e+41
0.0528	0.0832	-1.5508021597441e+42
0.055	0.0832	1.20544078637266e+43
0.0572	0.0832	-9.40878043365611e+43
0.0594	0.0832	7.43330059677275e+44
0.0616	0.0832	-6.00798031156399e+45
0.0638	0.0832	5.05103110397584e+46
0.066	0.0832	-4.51340586039801e+47
0.0682	0.0832	4.37550796104557e+48
0.0704	0.0832	-4.64612724579006e+49
0.0726	0.0832	5.36351107165675e+50
0.0748	0.0832	-6.59864817628417e+51
0.077	0.0832	-8.32694223313865e+51
0.0792	0.0832	-8.91115055934393e+51
0.0814	0.0832	-9.46092173760294e+51
0.0836	0.0832	-7.97668265975676e+51
0.0858	0.0832	-8.20180232581526e+51
0.088	0.0832	-2.98226772755029e+52
0.0902	0.0832	-2.57337094055476e+52
0.0924	0.0832	-5.65000600609264e+51
0.0946	0.0832	2.062965276484e+51
0.0968	0.0832	5.69468161219073e+50
0.099	0.0832	7.1318668141093e+49
0.1012	0.0832	-8.81669263826247e+49
0.1034	0.0832	-5.91841330627752e+48
0.1056	0.0832	4.7940965863489e+49
0.1078	0.0832	6.32596828468074e+49
0.11	0.0832	6.94543982121628e+49
0	0.0864	-7.07687189746759e+26
0.0022	0.0864	-2.21055033317233e+28
0.0044	0.0864	7.86997368739152e+28
0.0066	0.0864	-2.46060024445625e+29
0.0088	0.0864	7.75988897568961e+29
0.011	0.0864	-2.21883418989673e+30
0.0132	0.0864	1.04352214932433e+31
0.0154	0.0864	-2.58279186386383e+31
0.0176	0.0864	6.7810229018879e+31
0.0198	0.0864	-4.30052179700391e+32
0.022	0.0864	8.40277183675897e+32
0.0242	0.0864	-2.59711771261838e+33
0.0264	0.0864	1.34790243986096e+34
0.0286	0.0864	-4.17576699951117e+34
0.0308	0.0864	2.04760699966057e+35
0.033	0.0864	-3.13735682118127e+35
0.0352	0.0864	3.52265004822752e+36
0.0374	0.0864	-2.14867418147291e+37
0.0396	0.0864	2.01937029213165e+37
0.0418	0.0864	-4.31412272659649e+38
0.044	0.0864	9.02269837022168e+38
0.0462	0.0864	-5.2269163300584e+39
0.0484	0.0864	2.58599432486142e+40
0.0506	0.0864	-2.39313404041138e+41
0.0528	0.0864	1.97851047874012e+42
0.055	0.0864	-1.51216105373416e+43
0.0572	0.0864	1.1315357198275e+44
0.0594	0.0864	-8.15176496130156e+44
0.0616	0.0864	5.44115262717942e+45
0.0638	0.0864	-3.02356251801897e+46
0.066	0.0864	7.57792025153104e+46
0.0682	0.0864	1.48832761270479e+48
0.0704	0.0864	-3.84696034489584e+49
0.0726	0.0864	6.45928816985804e+50
0.0748	0.0864	-9.48520436320572e+51
0.077	0.0864	-1.11304889102631e+52
0.0792	0.0864	-1.15252831401912e+52
0.0814	0.0864	-1.355672371571e+52
0.0836	0.0864	-1.48683090054625e+52
0.0858	0.0864	-1.72080409840348e+52
0.088	0.0864	-3.29104732913796e+52
0.0902	0.0864	-1.9085510484411e+52
0.0924	0.0864	1.02866581476631e+51
0.0946	0.0864	9.26444007425129e+50
0.0968	0.0864	7.08145020905178e+50
0.099	0.0864	1.06836674957078e+49
0.1012	0.0864	5.33878195690857e+49
0.1034	0.0864	4.64962229330877e+49
0.1056	0.0864	4.18486995950872e+49
0.1078	0.0864	6.9103095752224e+49
0.11	0.0864	7.29126218442711e+49
0	0.0896	3.99198583851746e+28
0.0022	0.0896	-3.242251916631e+28
0.0044	0.0896	1.23252466439202e+28
0.0066	0.0896	7.65405473297713e+28
0.0088	0.0896	-4.45817082850576e+29
0.011	0.0896	2.17365729646934e+30
0.0132	0.0896	-4.84499987155386e+30
0.0154	0.0896	2.86445220835968e+31
0.0176	0.0896	-1.23635734471728e+32
0.0198	0.0896	2.3186854769245e+32
0.022	0.0896	-1.52056066750409e+33
0.0242	0.0896	5.69785563690999e+33
0.0264	0.0896	-1.58902023545834e+34
0.0286	0.0896	7.12669008635938e+34
0.0308	0.0896	-2.3333376903141e+35
0.033	0.0896	1.4278593200424e+36
0.0352	0.0896	-3.27881197742989e+36
0.0374	0.0896	5.90070593572043e+36
0.0396	0.0896	-9.86185736207186e+37
0.0418	0.0896	4.43393533714897e+37
0.044	0.0896	-1.3730263436286e+39
0.0462	0.0896	5.33062029472232e+39
0.0484	0.0896	-3.26932087184057e+40
0.0506	0.0896	2.88415693955093e+41
0.0528	0.0896	-2.32663697720171e+42
0.055	0.0896	1.92751512057274e+43
0.0572	0.0896	-1.63028865134414e+44
0.0594	0.0896	1.41532008830186e+45
0.0616	0.0896	-1.26888146126338e+46
0.0638	0.0896	1.18174612403485e+47
0.066	0.0896	-1.14851134358759e+48
0.0682	0.0896	1.16721040200857e+49
0.0704	0.0896	-1.23917556869361e+50
0.0726	0.0896	1.36913877537752e+51
0.0748	0.0896	-1.56557584435717e+52
0.077	0.0896	-1.80615907059386e+52
0.0792	0.0896	-1.86627635467419e+52
0.0814	0.0896	-2.11067400316842e+52
0.0836	0.0896	-2.19694947318537e+52
0.0858	0.0896	-2.45452276909998e+52
0.088	0.0896	-2.24424678977808e+52
0.0902	0.0896	-2.11837817312586e+52
0.0924	0.0896	-6.06308545266158e+51
0.0946	0.0896	1.6272090670638e+51
0.0968	0.0896	1.06555165577655e+50
0.099	0.0896	8.49880984947273e+49
0.1012	0.0896	-3.13336465707537e+49
0.1034	0.0896	1.34327713567978e+49
0.1056	0.0896	6.52116551789042e+49
0.1078	0.0896	8.32013744220796e+49
0.11	0.0896	8.6221262682973e+49
0	0.0928	-4.64087570917925e+28
0.0022	0.0928	7.08896544103368e+28
0.0044	0.0928	-1.33302498148405e+29
0.0066	0.0928	2.8203796142527e+29
0.0088	0.0928	-6.40818176842024e+29
0.011	0.0928	1.81666614664795e+30
0.0132	0.0928	-1.0148470430371e+30
0.0154	0.0928	1.03365691699828e+31
0.0176	0.0928	-4.35412362587448e+31
0.0198	0.0928	-1.03496814886575e+32
0.022	0.0928	-2.51077582304948e+32
0.0242	0.0928	8.04282937770051e+32
0.0264	0.0928	3.0384919080954e+33
0.0286	0.0928	-5.28794761433768e+33
0.0308	0.0928	8.36694269643057e+34
0.033	0.0928	1.24989376799488e+35
0.0352	0.0928	2.39169285162842e+36
0.0374	0.0928	-1.82539018196581e+37
0.0396	0.0928	2.95186392390385e+35
0.0418	0.0928	-4.30942756514641e+38
0.044	0.0928	6.52652763555482e+38
0.0462	0.0928	-5.10783719637046e+39
0.0484	0.0928	2.73518642912512e+40
0.0506	0.0928	-2.2438859163203e+41
0.0528	0.0928	1.53984680711687e+42
0.055	0.0928	-1.18596759295597e+43
0.0572	0.0928	9.0855983776749e+43
0.0594	0.0928	-6.8540747435397e+44
0.0616	0.0928	5.00993088018794e+45
0.0638	0.0928	-3.42586921624483e+46
0.066	0.0928	1.99260706553923e+47
0.0682	0.0928	-6.10762024082806e+47
0.0704	0.0928	-8.1648028444649e+48
0.0726	0.0928	2.39050486207806e+50
0.0748	0.0928	-4.22477326331461e+51
0.077	0.0928	-4.58069917880089e+51
0.0792	0.0928	-4.61489931139851e+51
0.0814	0.0928	-4.97691986537255e+51
0.0836	0.0928	-5.06442527133046e+51
0.0858	0.0928	-5.42506300702918e+51
0.088	0.0928	-6.36373225755746e+51
0.0902	0.0928	-7.74340588768396e+51
0.0924	0.0928	-1.22816111764576e+49
0.0946	0.0928	7.46839721616855e+50
0.0968	0.0928	4.68543764198437e+50
0.099	0.0928	-5.26851785804795e+49
0.1012	0.0928	3.47674729158831e+49
0.1034	0.0928	6.38939744031254e+49
0.1056	0.0928	6.65289184969259e+49
0.1078	0.0928	9.20693050502587e+49
0.11	0.0928	9.2313009889005e+49
0	0.096	3.57969602693124e+28
0.0022	0.096	-5.87344873443633e+28
0.0044	0.096	1.28977583996114e+29
0.0066	0.096	-3.2120213186934e+29
0.0088	0.096	8.47394272574844e+29
0.011	0.096	-1.98897600704796e+30
0.0132	0.096	9.1878084929595e+30
0.0154	0.096	-1.58121829375467e+31
0.0176	0.096	2.47997327633088e+31
0.0198	0.096	-2.89931203121026e+32
0.022	0.096	1.8068182180711e+32
0.0242	0.096	-1.90504678293928e+32
0.0264	0.096	5.11517998431424e+33
0.0286	0.096	-6.94574839082038e+33
0.0308	0.096	6.77022038680357e+34
0.033	0.096	3.10362746291968e+35
0.0352	0.096	1.35287102363547e+36
0.0374	0.096	-1.20754865237612e+37
0.0396	0.096	-4.12752998415479e+37
0.0418	0.096	-2.42541984122851e+38
0.044	0.096	-6.28678084164865e+38
0.0462	0.096	1.86882339547136e+39
0.0484	0.096	-1.94053482705626e+40
0.0506	0.096	1.17120522893604e+41
0.0528	0.096	-5.91634230011389e+41
0.055	0.096	3.76499041102548e+42
0.0572	0.096	-2.17607718394356e+43
0.0594	0.096	9.87124354844235e+43
0.0616	0.096	-1.04125980112522e+44
0.0638	0.096	-5.39432996818834e+45
0.066	0.096	9.88281543317384e+46
0.0682	0.096	-1.2687970608511e+48
0.0704	0.096	1.39085121897017e+49
0.0726	0.096	-1.34822831881394e+50
0.0748	0.096	1.11764651065387e+51
0.077	0.096	1.25244485518296e+51
0.0792	0.096	1.280189019346e+51
0.0814	0.096	1.42082808670382e+51
0.0836	0.096	1.4711213071652e+51
0.0858	0.096	1.61737164306414e+51
0.088	0.096	1.89050365967314e+51
0.0902	0.096	2.30500632295229e+51
0.0924	0.096	4.3572923942524e+50
0.0946	0.096	2.71719262402829e+50
0.0968	0.096	1.82901518215924e+50
0.099	0.096	2.00319620642575e+49
0.1012	0.096	8.68015480813365e+48
0.1034	0.096	5.03366307452506e+49
0.1056	0.096	9.04695785055225e+49
0.1078	0.096	1.09830871854527e+50
0.11	0.096	1.06805452747694e+50
0	0.0992	-3.26521549704011e+28
0.0022	0.0992	6.52510803536224e+28
0.0044	0.0992	-1.48516608879539e+29
0.0066	0.0992	3.64250555589436e+29
0.0088	0.0992	-9.68923593749971e+29
0.011	0.0992	3.06573329175335e+30
0.0132	0.0992	-5.05900554734446e+30
0.0154	0.0992	2.68446962846333e+31
0.0176	0.0992	-1.01380438343619e+32
0.0198	0.0992	7.64090475962021e+31
0.022	0.0992	-9.58057989635443e+32
0.0242	0.0992	3.20550178488018e+33
0.0264	0.0992	-4.92960513585498e+33
0.0286	0.0992	2.58475763209937e+34
0.0308	0.0992	-3.29712654182016e+34
0.033	0.0992	6.18216032914839e+35
0.0352	0.0992	7.75543091287939e+35
0.0374	0.0992	-1.1631845803873e+37
0.0396	0.0992	-4.10176177225895e+37
0.0418	0.0992	-3.25198551435793e+38
0.044	0.0992	-2.70702201297241e+38
0.0462	0.0992	-1.58198538229728e+39
0.0484	0.0992	6.5146534091743e+39
0.0506	0.0992	-4.09357694122152e+40
0.0528	0.0992	5.91925197692587e+40
0.055	0.0992	1.80463528126375e+41
0.0572	0.0992	-6.3940258380164e+42
0.0594	0.0992	8.90311155588165e+43
0.0616	0.0992	-9.90416985485424e+44
0.0638	0.0992	9.8119406155062e+45
0.066	0.0992	-8.93192040717103e+46
0.0682	0.0992	7.49565356236086e+47
0.0704	0.0992	-5.68961268071666e+48
0.0726	0.0992	3.68061035310083e+49
0.0748	0.0992	-1.64033021757407e+50
0.077	0.0992	-1.95760721923546e+50
0.0792	0.0992	-2.04850127978559e+50
0.0814	0.0992	-2.39008797019618e+50
0.0836	0.0992	-2.54735358536281e+50
0.0858	0.0992	-2.91549790234948e+50
0.088	0.0992	-3.64699626184784e+50
0.0902	0.0992	-4.72079428517368e+50
0.0924	0.0992	-9.08782410786079e+48
0.0946	0.0992	3.95293122310058e+49
0.0968	0.0992	6.23530003069488e+49
0.099	0.0992	7.00880640320273e+49
0.1012	0.0992	7.55721174445723e+49
0.1034	0.0992	1.00474346936234e+50
0.1056	0.0992	1.00627521664463e+50
0.1078	0.0992	1.22751264644253e+50
0.11	0.0992	1.15689021541817e+50
0	0.1024	9.58924021601806e+27
0.0022	0.1024	-4.94382007014413e+28
0.0044	0.1024	1.61783765013896e+29
0.0066	0.1024	-4.91845280537857e+29
0.0088	0.1024	1.46924071408243e+30
0.011	0.1024	-4.07155149158378e+30
0.0132	0.1024	1.66548840654497e+31
0.0154	0.1024	-3.86872151574145e+31
0.0176	0.1024	1.02666305875566e+32
0.0198	0.1024	-5.79303358509154e+32
0.022	0.1024	1.09393789534639e+33
0.0242	0.1024	-3.42235668735702e+33
0.0264	0.1024	1.69941975374788e+34
0.0286	0.1024	-5.09749312700004e+34
0.0308	0.1024	2.39482527605841e+35
0.033	0.1024	-3.10418749921162e+35
0.0352	0.1024	4.09873436261814e+36
0.0374	0.1024	-2.25731869734162e+37
0.0396	0.1024	-1.50304723244613e+37
0.0418	0.1024	-4.18941843110279e+38
0.044	0.1024	-4.12388998255265e+38
0.0462	0.1024	4.23865597318336e+37
0.0484	0.1024	-1.21854854354719e+40
0.0506	0.1024	-4.22113112974091e+39
0.0528	0.1024	1.11773161485277e+41
0.055	0.1024	-1.13314704073629e+42
0.0572	0.1024	1.05329130140679e+43
0.0594	0.1024	-9.24574192698806e+43
0.0616	0.1024	7.73163004735174e+44
0.0638	0.1024	-6.17208653540278e+45
0.066	0.1024	4.69413239442366e+46
0.0682	0.1024	-3.38746128375263e+47
0.0704	0.1024	2.31614011659762e+48
0.0726	0.1024	-1.52601643398092e+49
0.0748	0.1024	1.04847706288564e+50
0.077	0.1024	1.19133705150263e+50
0.0792	0.1024	1.22970524206163e+50
0.0814	0.1024	1.38151251702398e+50
0.0836	0.1024	1.44527079327197e+50
0.0858	0.1024	1.60795885610312e+50
0.088	0.1024	1.82686855744469e+50
0.0902	0.1024	2.17750706982514e+50
0.0924	0.1024	1.05060044317826e+50
0.0946	0.1024	9.84761373964284e+49
0.0968	0.1024	9.62848677909398e+49
0.099	0.1024	1.00105721646621e+50
0.1012	0.1024	1.02716068734652e+50
0.1034	0.1024	1.11990430152566e+50
0.1056	0.1024	1.27404794819068e+50
0.1078	0.1024	1.45362640346103e+50
0.11	0.1024	1.31730247891447e+50
0	0.1056	2.57063700221826e+28
0.0022	0.1056	-1.05806906802369e+28
0.0044	0.1056	-2.9278063574637e+28
0.0066	0.1056	1.52530262493753e+29
0.0088	0.1056	-6.01459871932787e+29
0.011	0.1056	2.574847760252e+30
0.0132	0.1056	-4.51108303904426e+30
0.0154	0.1056	3.13246509005493e+31
0.0176	0.1056	-1.26004007380611e+32
0.0198	0.1056	1.6230747349335e+32
0.022	0.1056	-1.41165480642316e+33
0.0242	0.1056	4.89857747837316e+33
0.0264	0.1056	-1.09311772987122e+34
0.0286	0.1056	5.16419090459303e+34
0.0308	0.1056	-1.36968530374795e+35
0.033	0.1056	1.09858533284477e+36
0.0352	0.1056	-8.9761824118191e+35
0.0374	0.1056	-4.0550478568446e+36
0.0396	0.1056	-9.0340879529222e+37
0.0418	0.1056	-1.91060909097168e+38
0.044	0.1056	-1.45034620783507e+39
0.0462	0.1056	2.61962094037762e+39
0.0484	0.1056	5.80146804698743e+38
0.0506	0.1056	1.28221949372901e+40
0.0528	0.1056	-1.174997499128e+41
0.055	0.1056	9.53960026708349e+41
0.0572	0.1056	-7.44837539389641e+42
0.0594	0.1056	5.5831160778218e+43
0.0616	0.1056	-3.98046631463462e+44
0.0638	0.1056	2.64658821995212e+45
0.066	0.1056	-1.56795003847473e+46
0.0682	0.1056	7.18026533122175e+46
0.0704	0.1056	-6.14379535944267e+46
0.0726	0.1056	-4.4366770833174e+48
0.0748	0.1056	8.44390476959386e+49
0.077	0.1056	8.81424755178829e+49
0.0792	0.1056	8.81921116992426e+49
0.0814	0.1056	9.16327163554539e+49
0.0836	0.1056	9.1553077272171e+49
0.0858	0.1056	9.47142539713385e+49
0.088	0.1056	9.11657331960116e+49
0.0902	0.1056	8.9478619267796e+49
0.0924	0.1056	1.20649099977056e+50
0.0946	0.1056	1.30282204412218e+50
0.0968	0.1056	1.34242345666639e+50
0.099	0.1056	1.41494486802327e+50
0.1012	0.1056	1.44876021430839e+50
0.1034	0.1056	1.51009439752066e+50
0.1056	0.1056	1.51982086137324e+50
0.1078	0.1056	1.62814866836835e+50
0.11	0.1056	1.44007028243457e+50
0	0.1088	-2.58412369469984e+28
0.0022	0.1088	2.59508350175833e+28
0.0044	0.1088	-8.56416977863895e+27
0.0066	0.1088	-7.04534301571943e+28
0.0088	0.1088	3.20667592855658e+29
0.011	0.1088	-7.17961324865222e+29
0.0132	0.1088	7.13220351214377e+30
0.0154	0.1088	-7.00299080228296e+30
0.0176	0.1088	4.36070920324792e+30
0.0198	0.1088	-2.93839733972838e+32
0.022	0.1088	9.59725075021327e+31
0.0242	0.1088	-2.84588226034244e+32
0.0264	0.1088	7.25198214044405e+33
0.0286	0.1088	-1.55253510581789e+34
0.0308	0.1088	1.16621478437298e+35
0.033	0.1088	1.70177162978071e+35
0.0352	0.1088	2.75454977320758e+36
0.0374	0.1088	-1.75632488468441e+37
0.0396	0.1088	-4.88653395246266e+37
0.0418	0.1088	-3.85553233910005e+38
0.044	0.1088	3.50486325466346e+38
0.0462	0.1088	-6.19713004364752e+38
0.0484	0.1088	1.06468102272343e+39
0.0506	0.1088	-1.11202020506749e+40
0.0528	0.1088	8.75013884393642e+40
0.055	0.1088	-6.6210301239033e+41
0.0572	0.1088	4.91995831714981e+42
0.0594	0.1088	-3.60219589499178e+43
0.0616	0.1088	2.61331015818735e+44
0.0638	0.1088	-1.90002934178809e+45
0.066	0.1088	1.41322145940958e+46
0.0682	0.1088	-1.1095250755318e+47
0.0704	0.1088	9.52268459289744e+47
0.0726	0.1088	-9.12033558010125e+48
0.0748	0.1088	9.67110181173952e+49
0.077	0.1088	1.03738706144849e+50
0.0792	0.1088	1.05087559952268e+50
0.0814	0.1088	1.12243907052002e+50
0.0836	0.1088	1.14282462265868e+50
0.0858	0.1088	1.21635080403971e+50
0.088	0.1088	1.25224424178478e+50
0.0902	0.1088	1.34025143318998e+50
0.0924	0.1088	1.29406906047068e+50
0.0946	0.1088	1.35402900141547e+50
0.0968	0.1088	1.3832324099884e+50
0.099	0.1088	1.45189233873486e+50
0.1012	0.1088	1.4891615161787e+50
0.1034	0.1088	1.56394317752666e+50
0.1056	0.1088	1.6142813151636e+50
0.1078	0.1088	1.68098827681974e+50
0.11	0.1088	1.74238786214816e+50
0	0.112	2.77298697841026e+28
0.0022	0.112	-3.67469699694445e+28
0.0044	0.112	5.45036812342308e+28
0.0066	0.112	-8.76307608005466e+28
0.0088	0.112	7.01274736063056e+28
0.011	0.112	6.76480885318218e+29
0.0132	0.112	1.72109189406416e+30
0.0154	0.112	1.46915617205187e+31
0.0176	0.112	-7.20731163571759e+31
0.0198	0.112	-4.07583389261663e+31
0.022	0.112	-8.28442325681456e+32
0.0242	0.112	2.83802433158346e+33
0.0264	0.112	-3.24487332315259e+33
0.0286	0.112	2.40843935325215e+34
0.0308	0.112	-2.96328063073617e+34
0.033	0.112	7.3723646069873e+35
0.0352	0.112	8.68878196940862e+35
0.0374	0.112	-1.04332173244549e+37
0.0396	0.112	-8.29707813081219e+37
0.0418	0.112	8.51546481614291e+37
0.044	0.112	-8.92713854159298e+37
0.0462	0.112	2.15805035645676e+38
0.0484	0.112	-9.61570790733151e+38
0.0506	0.112	7.64503691872724e+39
0.0528	0.112	-5.69098108582825e+40
0.055	0.112	4.17004883126867e+41
0.0572	0.112	-3.03126047134565e+42
0.0594	0.112	2.19290999389462e+43
0.0616	0.112	-1.58500027113205e+44
0.0638	0.112	1.14957853405058e+45
0.066	0.112	-8.39350792376577e+45
0.0682	0.112	6.16149025226757e+46
0.0704	0.112	-4.49395041489091e+47
0.0726	0.112	3.14608286822079e+48
0.0748	0.112	-1.91960863639815e+49
0.077	0.112	-2.11847216462465e+49
0.0792	0.112	-2.16827413638077e+49
0.0814	0.112	-2.37396586816451e+49
0.0836	0.112	-2.44689294325631e+49
0.0858	0.112	-2.66192843513007e+49
0.088	0.112	-2.78074705937435e+49
0.0902	0.112	-3.03862199932679e+49
0.0924	0.112	-2.95336697082563e+49
0.0946	0.112	-3.14152433425105e+49
0.0968	0.112	-3.25470548359128e+49
0.099	0.112	-3.4710237332315e+49
0.1012	0.112	-3.61192918840061e+49
0.1034	0.112	-3.85088896921466e+49
0.1056	0.112	-4.0334206967123e+49
0.1078	0.112	-4.25981216468515e+49
0.11	0.112	-4.47936299302334e+49
0	0.1152	-1.83810490548339e+28
0.0022	0.1152	3.4917429910729e+28
0.0044	0.1152	-5.25718631988667e+28
0.0066	0.1152	6.37985952055317e+28
0.0088	0.1152	-1.00439606787473e+29
0.011	0.1152	6.39102252987733e+29
0.0132	0.1152	3.48218905468156e+30
0.0154	0.1152	7.28468414868934e+30
0.0176	0.1152	-3.92338126102841e+31
0.0198	0.1152	-1.84887227771264e+32
0.022	0.1152	-3.41414194782715e+32
0.0242	0.1152	1.008569555561e+33
0.0264	0.1152	3.68367664518315e+33
0.0286	0.1152	-2.06693511995238e+33
0.0308	0.1152	7.31149406904722e+34
0.033	0.1152	3.68840429686219e+35
0.0352	0.1152	2.45409314942259e+36
0.0374	0.1152	-1.60975388182997e+37
0.0396	0.1152	1.80878754780872e+37
0.0418	0.1152	-1.91283672865265e+37
0.044	0.1152	2.72582891365841e+37
0.0462	0.1152	-1.02469481192917e+38
0.0484	0.1152	6.2833413869512e+38
0.0506	0.1152	-4.6204097337678e+39
0.0528	0.1152	3.32113579157936e+40
0.055	0.1152	-2.3639135003751e+41
0.0572	0.1152	1.67011172488723e+42
0.0594	0.1152	-1.17153082311901e+43
0.0616	0.1152	8.1540969516556e+43
0.0638	0.1152	-5.61743595320359e+44
0.066	0.1152	3.80754464092713e+45
0.0682	0.1152	-2.50791328053246e+46
0.0704	0.1152	1.56625132337106e+47
0.0726	0.1152	-8.80932336568175e+47
0.0748	0.1152	3.90538046634083e+48
0.077	0.1152	4.45676123657103e+48
0.0792	0.1152	4.61745308079099e+48
0.0814	0.1152	5.19546435202389e+48
0.0836	0.1152	5.42943606365107e+48
0.0858	0.1152	6.0427258050562e+48
0.088	0.1152	6.41052203657059e+48
0.0902	0.1152	7.14899263018537e+48
0.0924	0.1152	7.00840048307433e+48
0.0946	0.1152	7.57441785286501e+48
0.0968	0.1152	7.95855483291784e+48
0.099	0.1152	8.61309444957917e+48
0.1012	0.1152	9.08765894430166e+48
0.1034	0.1152	9.81963494821879e+48
0.1056	0.1152	1.04235175143831e+49
0.1078	0.1152	1.1145780713176e+49
0.11	0.1152	1.18690653987799e+49
0	0.1184	1.3294883603336e+28
0.0022	0.1184	-2.95742822667666e+28
0.0044	0.1184	7.45863860903533e+28
0.0066	0.1184	-1.87331588485663e+29
0.0088	0.1184	3.89756521778809e+29
0.011	0.1184	-2.78483562533146e+29
0.0132	0.1184	5.38828847082087e+30
0.0154	0.1184	5.8736151445848e+30
0.0176	0.1184	-4.08685555220072e+31
0.0198	0.1184	-1.76926514898764e+32
0.022	0.1184	-4.64604027208332e+32
0.0242	0.1184	1.46667704431243e+33
0.0264	0.1184	2.19591131483477e+33
0.0286	0.1184	4.83411405825172e+33
0.0308	0.1184	4.69658527174551e+34
0.033	0.1184	4.95650023904224e+35
0.0352	0.1184	-7.46671502684087e+35
0.0374	0.1184	3.2791345292814e+36
0.0396	0.1184	-3.89755071970835e+36
0.0418	0.1184	4.69407695586552e+36
0.044	0.1184	-1.03834729286196e+37
0.0462	0.1184	5.3577813405163e+37
0.0484	0.1184	-3.57349652526965e+38
0.0506	0.1184	2.51837355697662e+39
0.0528	0.1184	-1.75129776989281e+40
0.055	0.1184	1.20514736692375e+41
0.0572	0.1184	-8.2015838852283e+41
0.0594	0.1184	5.50796503005277e+42
0.0616	0.1184	-3.63661942169455e+43
0.0638	0.1184	2.34593338857114e+44
0.066	0.1184	-1.46345457672322e+45
0.0682	0.1184	8.67802775111003e+45
0.0704	0.1184	-4.74656916852576e+46
0.0726	0.1184	2.25927411983121e+47
0.0748	0.1184	-8.13767632079966e+47
0.077	0.1184	-9.64643381300943e+47
0.0792	0.1184	-1.01324926201888e+48
0.0814	0.1184	-1.17331736348161e+48
0.0836	0.1184	-1.24432352714196e+48
0.0858	0.1184	-1.41641223355092e+48
0.088	0.1184	-1.52599373349182e+48
0.0902	0.1184	-1.73428922335857e+48
0.0924	0.1184	-1.71702967889118e+48
0.0946	0.1184	-1.8828797374105e+48
0.0968	0.1184	-2.00487461215818e+48
0.099	0.1184	-2.19792585992711e+48
0.1012	0.1184	-2.34838795179988e+48
0.1034	0.1184	-2.56665549039165e+48
0.1056	0.1184	-2.75651072045017e+48
0.1078	0.1184	-2.97848404961986e+48
0.11	0.1184	-3.20580237155049e+48
0	0.1216	-3.2831036660898e+27
0.0022	0.1216	1.69857418486555e+28
0.0044	0.1216	-3.09505291578237e+28
0.0066	0.1216	4.04579482875896e+28
0.0088	0.1216	-1.2399619334929e+29
0.011	0.1216	9.21665187042351e+29
0.0132	0.1216	2.97381352618248e+30
0.0154	0.1216	1.27068115360842e+31
0.0176	0.1216	-5.53155989495503e+31
0.0198	0.1216	-1.63547126574105e+32
0.022	0.1216	-5.1549343123087e+32
0.0242	0.1216	1.45859718311969e+33
0.0264	0.1216	2.84176547186628e+33
0.0286	0.1216	2.2667030195205e+33
0.0308	0.1216	6.04103035922298e+34
0.033	0.1216	-1.11841015472948e+35
0.0352	0.1216	1.96395952503283e+35
0.0374	0.1216	-6.77865032876246e+35
0.0396	0.1216	8.69386755685389e+35
0.0418	0.1216	-1.33912584081644e+36
0.044	0.1216	4.57752462322158e+36
0.0462	0.1216	-2.74585198637758e+37
0.0484	0.1216	1.84405468118671e+38
0.0506	0.1216	-1.25440626483888e+39
0.0528	0.1216	8.42475895738048e+39
0.055	0.1216	-5.58233822306915e+40
0.0572	0.1216	3.64070104299504e+41
0.0594	0.1216	-2.32814582903163e+42
0.0616	0.1216	1.45163326005233e+43
0.0638	0.1216	-8.75218941030519e+43
0.066	0.1216	5.03892339230946e+44
0.0682	0.1216	-2.71641663317949e+45
0.0704	0.1216	1.32726985097051e+46
0.0726	0.1216	-5.5379896397765e+46
0.0748	0.1216	1.7336624376546e+47
0.077	0.1216	2.14281979098989e+47
0.0792	0.1216	2.28455979757732e+47
0.0814	0.1216	2.72343028033814e+47
0.0836	0.1216	2.93196556053215e+47
0.0858	0.1216	3.40948579279218e+47
0.088	0.1216	3.728185049442e+47
0.0902	0.1216	4.3095373334393e+47
0.0924	0.1216	4.31140565112397e+47
0.0946	0.1216	4.7888440108422e+47
0.0968	0.1216	5.1613221528127e+47
0.099	0.1216	5.72085675394761e+47
0.1012	0.1216	6.18069386978318e+47
0.1034	0.1216	6.81962531664122e+47
0.1056	0.1216	7.39759064143981e+47
0.1078	0.1216	8.06301525672682e+47
0.11	0.1216	8.75604674265801e+47
0	0.1248	3.86065755084604e+27
0.0022	0.1248	-1.53873833410009e+28
0.0044	0.1248	6.1896086797791e+28
0.0066	0.1248	-1.80520073674618e+29
0.0088	0.1248	3.7809377978568e+29
0.011	0.1248	-2.16378746906436e+29
0.0132	0.1248	5.98454626503857e+30
0.0154	0.1248	7.22606230436282e+30
0.0176	0.1248	-4.16595574967605e+31
0.0198	0.1248	-2.11168323348344e+32
0.022	0.1248	-4.50991224019583e+32
0.0242	0.1248	1.25955180551898e+33
0.0264	0.1248	3.65880935654323e+33
0.0286	0.1248	2.72195904697879e+32
0.0308	0.1248	-1.29877275750039e+34
0.033	0.1248	2.51929309209708e+34
0.0352	0.1248	-4.86977256350112e+34
0.0374	0.1248	1.43364060545406e+35
0.0396	0.1248	-2.08223963878521e+35
0.0418	0.1248	4.54732962010119e+35
0.044	0.1248	-2.11098161295075e+36
0.0462	0.1248	1.33218978218743e+37
0.0484	0.1248	-8.78558049105755e+37
0.0506	0.1248	5.77448769316816e+38
0.0528	0.1248	-3.73977649085947e+39
0.055	0.1248	2.38107043551721e+40
0.0572	0.1248	-1.48521124303737e+41
0.0594	0.1248	9.03184898918327e+41
0.0616	0.1248	-5.31863767884462e+42
0.0638	0.1248	3.00409994204478e+43
0.066	0.1248	-1.60513637005343e+44
0.0682	0.1248	7.94593985105453e+44
0.0704	0.1248	-3.52528193404923e+45
0.0726	0.1248	1.32353832125688e+46
0.0748	0.1248	-3.76644666059123e+46
0.077	0.1248	-4.86900902797415e+46
0.0792	0.1248	-5.27299471795762e+46
0.0814	0.1248	-6.46775096945562e+46
0.0836	0.1248	-7.0673505475888e+46
0.0858	0.1248	-8.3818368199383e+46
0.088	0.1248	-9.29365835654108e+46
0.0902	0.1248	-1.09037758062125e+47
0.0924	0.1248	-1.10235193420921e+47
0.0946	0.1248	-1.23807344401528e+47
0.0968	0.1248	-1.34890460615828e+47
0.099	0.1248	-1.50904846018179e+47
0.1012	0.1248	-1.64617821000719e+47
0.1034	0.1248	-1.83071633129409e+47
0.1056	0.1248	-2.00281916951618e+47
0.1078	0.1248	-2.19879782385436e+47
0.11	0.1248	-2.40565301892439e+47
0	0.128	3.906947903296e+27
0.0022	0.128	3.09032559774574e+27
0.0044	0.128	-6.28950267792519e+27
0.0066	0.128	4.47613827070933e+27
0.0088	0.128	-1.10968499063803e+29
0.011	0.128	1.07535534119563e+30
0.0132	0.128	3.02420216675902e+30
0.0154	0.128	1.66681325488594e+31
0.0176	0.128	-6.53890465276369e+31
0.0198	0.128	-1.65938351288238e+32
0.022	0.128	-6.20623713191801e+32
0.0242	0.128	1.65798225485e+33
0.0264	0.128	-7.98909192232569e+32
0.0286	0.128	-2.16443848479791e+32
0.0308	0.128	2.83002056459304e+33
0.033	0.128	-5.72742796276859e+33
0.0352	0.128	1.17546453099003e+34
0.0374	0.128	-3.15465942677225e+34
0.0396	0.128	5.59551659562728e+34
0.0418	0.128	-1.75668022538212e+35
0.044	0.128	9.59980697655052e+35
0.0462	0.128	-6.0873047550315e+36
0.0484	0.128	3.90831006974081e+37
0.0506	0.128	-2.48197178146119e+38
0.0528	0.128	1.54898963045822e+39
0.055	0.128	-9.47081719133194e+39
0.0572	0.128	5.64935776669189e+40
0.0594	0.128	-3.26933680374716e+41
0.0616	0.128	1.82184307893762e+42
0.0638	0.128	-9.67570436020521e+42
0.066	0.128	4.82690190010498e+43
0.0682	0.128	-2.21432159349298e+44
0.0704	0.128	9.04155481427482e+44
0.0726	0.128	-3.11716715629977e+45
0.0748	0.128	8.31793752136062e+45
0.077	0.128	1.12752487024518e+46
0.0792	0.128	1.2409232948298e+46
0.0814	0.128	1.56447552329642e+46
0.0836	0.128	1.73438386673255e+46
0.0858	0.128	2.09408081821888e+46
0.088	0.128	2.35192101485551e+46
0.0902	0.128	2.79527844204546e+46
0.0924	0.128	2.85498188895412e+46
0.0946	0.128	3.2372012240496e+46
0.0968	0.128	3.56107278265698e+46
0.099	0.128	4.01509293688094e+46
0.1012	0.128	4.41696074010726e+46
0.1034	0.128	4.9445501270777e+46
0.1056	0.128	5.44887301282752e+46
0.1078	0.128	6.01848563228571e+46
0.11	0.128	6.62635289946819e+46
0	0.1312	1.16497250541784e+27
0.0022	0.1312	-6.39283147251838e+27
0.0044	0.1312	4.68886612518797e+28
0.0066	0.1312	-1.45331594961741e+29
0.0088	0.1312	2.66273619575337e+29
0.011	0.1312	1.31743729653138e+29
0.0132	0.1312	5.88124226885027e+30
0.0154	0.1312	1.10595388822298e+31
0.0176	0.1312	-4.88274747221572e+31
0.0198	0.1312	-2.29484319621351e+32
0.022	0.1312	1.59321007581569e+32
0.0242	0.1312	-3.24563517126464e+32
0.0264	0.1312	1.60674641939361e+32
0.0286	0.1312	7.76421544013354e+31
0.0308	0.1312	-6.24438094170351e+32
0.033	0.1312	1.31378870173839e+33
0.0352	0.1312	-2.82950114859883e+33
0.0374	0.1312	7.42347839443119e+33
0.0396	0.1312	-1.7257076769554e+34
0.0418	0.1312	7.19051051013818e+34
0.044	0.1312	-4.20678709722887e+35
0.0462	0.1312	2.62860885541726e+36
0.0484	0.1312	-1.63800738397914e+37
0.0506	0.1312	1.00513243788182e+38
0.0528	0.1312	-6.04531799943557e+38
0.055	0.1312	3.55079545164375e+39
0.0572	0.1312	-2.02730421665092e+40
0.0594	0.1312	1.11832574773779e+41
0.0616	0.1312	-5.91301926696947e+41
0.0638	0.1312	2.96471435997354e+42
0.066	0.1312	-1.38885995576847e+43
0.0682	0.1312	5.95221708416061e+43
0.0704	0.1312	-2.2623482764545e+44
0.0726	0.1312	7.27900789086738e+44
0.0748	0.1312	-1.86067986678134e+45
0.077	0.1312	-2.65111925977898e+45
0.0792	0.1312	-2.96603389371718e+45
0.0814	0.1312	-3.83876100624905e+45
0.0836	0.1312	-4.31519639232812e+45
0.0858	0.1312	-5.29499601817236e+45
0.088	0.1312	-6.01776755454878e+45
0.0902	0.1312	-7.23308616166987e+45
0.0924	0.1312	-7.46004937002244e+45
0.0946	0.1312	-8.52872516916728e+45
0.0968	0.1312	-9.46262815235846e+45
0.099	0.1312	-1.07403436830428e+46
0.1012	0.1312	-1.19028284217909e+46
0.1034	0.1312	-1.33992075075825e+46
0.1056	0.1312	-1.48592043659293e+46
0.1078	0.1312	-1.64979317801721e+46
0.11	0.1312	-1.82630203570213e+46
0	0.1344	7.39143520334441e+27
0.0022	0.1344	-4.08275454404315e+27
0.0044	0.1344	9.40105836025237e+27
0.0066	0.1344	-1.23066304942189e+28
0.0088	0.1344	-1.31486493308644e+29
0.011	0.1344	1.25025530283236e+30
0.0132	0.1344	3.29172101882222e+30
0.0154	0.1344	2.01341014848081e+31
0.0176	0.1344	-7.20718537473395e+31
0.0198	0.1344	5.13736302069785e+31
0.022	0.1344	-3.75923504298651e+31
0.0242	0.1344	6.39710720749333e+31
0.0264	0.1344	-3.16388273056115e+31
0.0286	0.1344	-2.30120206615191e+31
0.0308	0.1344	1.39560236932395e+32
0.033	0.1344	-3.05385006499174e+32
0.0352	0.1344	6.96149639522651e+32
0.0374	0.1344	-1.92791727233381e+33
0.0396	0.1344	5.97844933782652e+33
0.0418	0.1344	-2.96338134939266e+34
0.044	0.1344	1.76583474107962e+35
0.0462	0.1344	-1.0784563877592e+36
0.0484	0.1344	6.51634781288079e+36
0.0506	0.1344	-3.8652209006864e+37
0.0528	0.1344	2.24158365804861e+38
0.055	0.1344	-1.26596254341955e+39
0.0572	0.1344	6.92792956252259e+39
0.0594	0.1344	-3.65033686170171e+40
0.0616	0.1344	1.83661293314964e+41
0.0638	0.1344	-8.72786324146705e+41
0.066	0.1344	3.85993208878087e+42
0.0682	0.1344	-1.55645869080133e+43
0.0704	0.1344	5.55986907243568e+43
0.0726	0.1344	-1.69115430303524e+44
0.0748	0.1344	4.20028200525598e+44
0.077	0.1344	6.30726591034913e+44
0.0792	0.1344	7.17498787344054e+44
0.0814	0.1344	9.52171251665535e+44
0.0836	0.1344	1.08471991922122e+45
0.0858	0.1344	1.3506576927646e+45
0.088	0.1344	1.55190653338978e+45
0.0902	0.1344	1.88384991369651e+45
0.0924	0.1344	1.96101445589943e+45
0.0946	0.1344	2.25811333934102e+45
0.0968	0.1344	2.52468164923621e+45
0.099	0.1344	2.88214342061824e+45
0.1012	0.1344	3.21505477117483e+45
0.1034	0.1344	3.63675184790862e+45
0.1056	0.1344	4.05541411972237e+45
0.1078	0.1344	4.52303427063105e+45
0.11	0.1344	5.03076075065558e+45
0	0.1376	-1.27576763843597e+27
0.0022	0.1376	2.23228869974651e+27
0.0044	0.1376	2.81850578077098e+28
0.0066	0.1376	-8.95892689038802e+28
0.0088	0.1376	1.01613071745478e+29
0.011	0.1376	5.84868968450538e+29
0.0132	0.1376	5.67160881197438e+30
0.0154	0.1376	-5.31761735841924e+30
0.0176	0.1376	1.43336385707077e+31
0.0198	0.1376	-1.10094460230942e+31
0.022	0.1376	8.59195429275781e+30
0.0242	0.1376	-1.26774804460936e+31
0.0264	0.1376	6.09440985709088e+30
0.0286	0.1376	6.29009512081211e+30
0.0308	0.1376	-3.16702631098428e+31
0.033	0.1376	7.26189020225921e+31
0.0352	0.1376	-1.79755562872003e+32
0.0374	0.1376	5.61985169782581e+32
0.0396	0.1376	-2.21665452579312e+33
0.0418	0.1376	1.19870607043742e+34
0.044	0.1376	-7.10431793096299e+34
0.0462	0.1376	4.2268066738854e+35
0.0484	0.1376	-2.47632950201304e+36
0.0506	0.1376	1.42073415832616e+37
0.0528	0.1376	-7.95154534463658e+37
0.055	0.1376	4.32311064479674e+38
0.0572	0.1376	-2.27132109919742e+39
0.0594	0.1376	1.1456131548079e+40
0.0616	0.1376	-5.50065917283108e+40
0.0638	0.1376	2.4868145598408e+41
0.066	0.1376	-1.04329726387656e+42
0.0682	0.1376	3.9830969144256e+42
0.0704	0.1376	-1.34811190806914e+43
0.0726	0.1376	3.91627767531146e+43
0.0748	0.1376	-9.53188118938491e+43
0.077	0.1376	-1.5136140370176e+44
0.0792	0.1376	-1.75130156115199e+44
0.0814	0.1376	-2.38076118460186e+44
0.0836	0.1376	-2.7472893901817e+44
0.0858	0.1376	-3.46701941881271e+44
0.088	0.1376	-4.02440737239147e+44
0.0902	0.1376	-4.92840244785663e+44
0.0924	0.1376	-5.17527582157774e+44
0.0946	0.1376	-5.99742048300889e+44
0.0968	0.1376	-6.75221901329287e+44
0.099	0.1376	-7.74746216302082e+44
0.1012	0.1376	-8.69327094741316e+44
0.1034	0.1376	-9.87541272020694e+44
0.1056	0.1376	-1.10668100688773e+45
0.1078	0.1376	-1.23923514728896e+45
0.11	0.1376	-1.38417215937325e+45
0	0.1408	8.61265442994543e+27
0.0022	0.1408	-9.1152622036156e+27
0.0044	0.1408	2.35083619882546e+28
0.0066	0.1408	-2.52635202891297e+28
0.0088	0.1408	-1.24582978771023e+29
0.011	0.1408	1.21195780286123e+30
0.0132	0.1408	-1.24099756405427e+30
0.0154	0.1408	1.28195732932742e+30
0.0176	0.1408	-2.87770723124813e+30
0.0198	0.1408	2.35202523347133e+30
0.022	0.1408	-1.92242620152053e+30
0.0242	0.1408	2.52205730820191e+30
0.0264	0.1408	-1.14339064661972e+30
0.0286	0.1408	-1.65427899775549e+30
0.0308	0.1408	7.33756369481526e+30
0.033	0.1408	-1.79232366831594e+31
0.0352	0.1408	4.98235405422716e+31
0.0374	0.1408	-1.81511563331141e+32
0.0396	0.1408	8.41985338965493e+32
0.0418	0.1408	-4.71195001289977e+33
0.044	0.1408	2.74721518579241e+34
0.0462	0.1408	-1.59038465895246e+35
0.0484	0.1408	9.03785212227283e+35
0.0506	0.1408	-5.01937687493652e+36
0.0528	0.1408	2.71390955068394e+37
0.055	0.1408	-1.42233171337352e+38
0.0572	0.1408	7.18671062009181e+38
0.0594	0.1408	-3.4775234504184e+39
0.0616	0.1408	1.59785756379503e+40
0.0638	0.1408	-6.89623458046943e+40
0.066	0.1408	2.75653321603234e+41
0.0682	0.1408	-1.00187663937212e+42
0.0704	0.1408	3.23493484390624e+42
0.0726	0.1408	-9.04500207117104e+42
0.0748	0.1408	2.16607391199958e+43
0.077	0.1408	3.65411647701435e+43
0.0792	0.1408	4.30222357163657e+43
0.0814	0.1408	5.98720081937002e+43
0.0836	0.1408	6.99587102389183e+43
0.0858	0.1408	8.93913074549524e+43
0.088	0.1408	1.04762770908818e+44
0.0902	0.1408	1.29321960275242e+44
0.0924	0.1408	1.36925255320055e+44
0.0946	0.1408	1.5958929322039e+44
0.0968	0.1408	1.8082383410737e+44
0.099	0.1408	2.08422197398509e+44
0.1012	0.1408	2.35119105621797e+44
0.1034	0.1408	2.68112212726478e+44
0.1056	0.1408	3.01804161153288e+44
0.1078	0.1408	3.39171766552239e+44
0.11	0.1408	3.80286041899683e+44
0	0.144	-3.70215550015391e+27
0.0022	0.144	1.30026847654197e+28
0.0044	0.144	-6.54224641863737e+27
0.0066	0.144	1.1880405883652e+28
0.0088	0.144	4.0839553729243e+28
0.011	0.144	-2.4456617300428e+29
0.0132	0.144	2.66241694770091e+29
0.0154	0.144	-2.97867645999012e+29
0.0176	0.144	5.82846990243793e+29
0.0198	0.144	-5.01224991213128e+29
0.022	0.144	4.23490143400762e+29
0.0242	0.144	-5.02823558588977e+29
0.0264	0.144	2.06771414286042e+29
0.0286	0.144	4.28683509021463e+29
0.0308	0.144	-1.75174723280752e+30
0.033	0.144	4.6687041386489e+30
0.0352	0.144	-1.49503780853203e+31
0.0374	0.144	6.27501280105654e+31
0.0396	0.144	-3.18915888265872e+32
0.0418	0.144	1.79519464076395e+33
0.044	0.144	-1.02453868142497e+34
0.0462	0.144	5.76983534505525e+34
0.0484	0.144	-3.18245964812158e+35
0.0506	0.144	1.71244997867864e+36
0.0528	0.144	-8.95482197707893e+36
0.055	0.144	4.53031448592974e+37
0.0572	0.144	-2.20522778204606e+38
0.0594	0.144	1.02587771282766e+39
0.0616	0.144	-4.52257732984081e+39
0.0638	0.144	1.86935598336911e+40
0.066	0.144	-7.14710094778936e+40
0.0682	0.144	2.48480779415676e+41
0.0704	0.144	-7.69714958518974e+41
0.0726	0.144	2.08278028410989e+42
0.0748	0.144	-4.9081184484912e+42
0.077	0.144	-8.85346874121237e+42
0.0792	0.144	-1.06142840164501e+43
0.0814	0.144	-1.5117168930161e+43
0.0836	0.144	-1.78821975388361e+43
0.0858	0.144	-2.31186131705254e+43
0.088	0.144	-2.7342724930511e+43
0.0902	0.144	-3.40011960081744e+43
0.0924	0.144	-3.62828959540976e+43
0.0946	0.144	-4.25106942669935e+43
0.0968	0.144	-4.84528482667718e+43
0.099	0.144	-5.60800364624319e+43
0.1012	0.144	-6.35753332709422e+43
0.1034	0.144	-7.27492229908357e+43
0.1056	0.144	-8.22274377330417e+43
0.1078	0.144	-9.27126615739404e+43
0.11	0.144	-1.04314156018621e+44
0	0.1472	5.96136159553178e+27
0.0022	0.1472	-5.6616669018779e+27
0.0044	0.1472	2.21545120202551e+28
0.0066	0.1472	-2.36230452772333e+27
0.0088	0.1472	-1.10608095686758e+28
0.011	0.1472	4.98882846086357e+28
0.0132	0.1472	-5.72193790884133e+28
0.0154	0.1472	6.75726490140252e+28
0.0176	0.1472	-1.18956018119501e+29
0.0198	0.1472	1.06591932527326e+29
0.022	0.1472	-9.21824275571892e+28
0.0242	0.1472	1.00268515922777e+29
0.0264	0.1472	-3.51860637598894e+28
0.0286	0.1472	-1.1141660107355e+29
0.0308	0.1472	4.36275855478756e+29
0.033	0.1472	-1.29991256556612e+30
0.0352	0.1472	4.80809350907691e+30
0.0374	0.1472	-2.24089070967185e+31
0.0396	0.1472	1.18855850509667e+32
0.0418	0.1472	-6.6328059238823e+32
0.044	0.1472	3.69745700298183e+33
0.0462	0.1472	-2.02613537018445e+34
0.0484	0.1472	1.08547418279999e+35
0.0506	0.1472	-5.66440392663368e+35
0.0528	0.1472	2.86803419984457e+36
0.055	0.1472	-1.40256950570083e+37
0.0572	0.1472	6.58829770094639e+37
0.0594	0.1472	-2.95252789481838e+38
0.0616	0.1472	1.25187325877598e+39
0.0638	0.1472	-4.97007937417741e+39
0.066	0.1472	1.82389671074967e+40
0.0682	0.1472	-6.0904392477306e+40
0.0704	0.1472	1.81799815664126e+41
0.0726	0.1472	-4.77642799299498e+41
0.0748	0.1472	1.1040126276297e+42
0.077	0.1472	2.14880768090698e+42
0.0792	0.1472	2.62581068715683e+42
0.0814	0.1472	3.82744974649737e+42
0.0836	0.1472	4.583011621827e+42
0.0858	0.1472	5.9916953178568e+42
0.088	0.1472	7.14910459154656e+42
0.0902	0.1472	8.95122936744439e+42
0.0924	0.1472	9.62327562385059e+42
0.0946	0.1472	1.13299802960823e+43
0.0968	0.1472	1.29854634990265e+43
0.099	0.1472	1.50872530951226e+43
0.1012	0.1472	1.71822063001166e+43
0.1034	0.1472	1.9724917339588e+43
0.1056	0.1472	2.2379646790227e+43
0.1078	0.1472	2.53101667899405e+43
0.11	0.1472	2.85692670800805e+43
0	0.1504	-1.00305657487971e+27
0.0022	0.1504	3.24254862551289e+27
0.0044	0.1504	-4.30128057518387e+27
0.0066	0.1504	3.25663730941765e+26
0.0088	0.1504	2.78925216782456e+27
0.011	0.1504	-1.02714228837704e+28
0.0132	0.1504	1.23108074098456e+28
0.0154	0.1504	-1.50808041937236e+28
0.0176	0.1504	2.44392075851902e+28
0.0198	0.1504	-2.26294933366501e+28
0.022	0.1504	1.98748961907923e+28
0.0242	0.1504	-1.99480653713499e+28
0.0264	0.1504	5.28446205382539e+27
0.0286	0.1504	2.95096232758609e+28
0.0308	0.1504	-1.14822925491312e+29
0.033	0.1504	3.87905813336604e+29
0.0352	0.1504	-1.62283821437502e+30
0.0374	0.1504	8.0690864186603e+30
0.0396	0.1504	-4.33856572340701e+31
0.0418	0.1504	2.3827673714275e+32
0.044	0.1504	-1.29624538996419e+33
0.0462	0.1504	6.9142772321412e+33
0.0484	0.1504	-3.60040144636665e+34
0.0506	0.1504	1.82367829305646e+35
0.0528	0.1504	-8.95024523715765e+35
0.055	0.1504	4.23648181213568e+36
0.0572	0.1504	-1.92331936313176e+37
0.0594	0.1504	8.31868216643192e+37
0.0616	0.1504	-3.39978670625308e+38
0.0638	0.1504	1.29980679807703e+39
0.066	0.1504	-4.5922349324001e+39
0.0682	0.1504	1.47775874997073e+40
0.0704	0.1504	-4.26360121714883e+40
0.0726	0.1504	1.08807747194178e+41
0.0748	0.1504	-2.44246076321823e+41
0.077	0.1504	-5.20720935591901e+41
0.0792	0.1504	-6.49679731957905e+41
0.0814	0.1504	-9.70077537764419e+41
0.0836	0.1504	-1.17609827491621e+42
0.0858	0.1504	-1.55470083372006e+42
0.088	0.1504	-1.87120367637485e+42
0.0902	0.1504	-2.35845638267613e+42
0.0924	0.1504	-2.553763981118e+42
0.0946	0.1504	-3.02060546004292e+42
0.0968	0.1504	-3.48033571146659e+42
0.099	0.1504	-4.05833711819118e+42
0.1012	0.1504	-4.64194076933219e+42
0.1034	0.1504	-5.34507894864612e+42
0.1056	0.1504	-6.08620024515563e+42
0.1078	0.1504	-6.90286026289997e+42
0.11	0.1504	-7.81534474125894e+42
0	0.1536	4.32972839179538e+26
0.0022	0.1536	-6.4609216485814e+26
0.0044	0.1536	8.01030126160507e+26
0.0066	0.1536	-2.57676036311413e+25
0.0088	0.1536	-6.73600477515547e+26
0.011	0.1536	2.13494926641904e+27
0.0132	0.1536	-2.65481796281128e+27
0.0154	0.1536	3.33314332335218e+27
0.0176	0.1536	-5.0572646567876e+27
0.0198	0.1536	4.80512802717796e+27
0.022	0.1536	-4.25741135939491e+27
0.0242	0.1536	3.94862607289712e+27
0.0264	0.1536	-5.37520594658375e+26
0.0286	0.1536	-8.11846292125122e+27
0.0308	0.1536	3.23950959979952e+28
0.033	0.1536	-1.23817417772815e+29
0.0352	0.1536	5.67103089195335e+29
0.0374	0.1536	-2.91458670480056e+30
0.0396	0.1536	1.56236067064335e+31
0.0418	0.1536	-8.40903485902059e+31
0.044	0.1536	4.46059489989793e+32
0.0462	0.1536	-2.31581517174867e+33
0.0484	0.1536	1.17225901623384e+34
0.0506	0.1536	-5.76534644653444e+34
0.0528	0.1536	2.74407058906803e+35
0.055	0.1536	-1.25811075807476e+36
0.0572	0.1536	5.52579089740259e+36
0.0594	0.1536	-2.30959579864957e+37
0.0616	0.1536	9.1129258156869e+37
0.0638	0.1536	-3.36162328893338e+38
0.066	0.1536	1.14596761219154e+39
0.0682	0.1536	-3.56192830421273e+39
0.0704	0.1536	9.94905818792459e+39
0.0726	0.1536	-2.46290314388544e+40
0.0748	0.1536	5.31975749393208e+40
0.077	0.1536	1.26609886358992e+41
0.0792	0.1536	1.61568215269343e+41
0.0814	0.1536	2.4729384670993e+41
0.0836	0.1536	3.03632671624696e+41
0.0858	0.1536	4.05743746583875e+41
0.088	0.1536	4.92565289859006e+41
0.0902	0.1536	6.24801151022002e+41
0.0924	0.1536	6.81276068576645e+41
0.0946	0.1536	8.09377217957797e+41
0.0968	0.1536	9.37326545045568e+41
0.099	0.1536	1.09676992036008e+42
0.1012	0.1536	1.25971673583301e+42
0.1034	0.1536	1.45471864042312e+42
0.1056	0.1536	1.66208812582743e+42
0.1078	0.1536	1.89025630975285e+42
0.11	0.1536	2.14632569800306e+42
0	0.1568	-1.37457182666458e+26
0.0022	0.1568	1.36118065752007e+26
0.0044	0.1568	-1.45270786107329e+26
0.0066	0.1568	-8.15299585604002e+24
0.0088	0.1568	1.66775282492089e+26
0.011	0.1568	-4.65302851902081e+26
0.0132	0.1568	5.96674405582705e+26
0.0154	0.1568	-7.61237117535862e+26
0.0176	0.1568	1.0928052876368e+27
0.0198	0.1568	-1.05992254488646e+27
0.022	0.1568	9.41273761246131e+26
0.0242	0.1568	-7.9742860952479e+26
0.0264	0.1568	-7.05525889994576e+25
0.0286	0.1568	2.49625226339313e+27
0.0308	0.1568	-1.04756191940543e+28
0.033	0.1568	4.46994666585181e+28
0.0352	0.1568	-2.17320378144963e+29
0.0374	0.1568	1.12951358909713e+30
0.0396	0.1568	-5.97292641610807e+30
0.0418	0.1568	3.1379536854861e+31
0.044	0.1568	-1.6192879220906e+32
0.0462	0.1568	8.16618610895011e+32
0.0484	0.1568	-4.0107657186541e+33
0.0506	0.1568	1.91178868616376e+34
0.0528	0.1568	-8.80932952715526e+34
0.055	0.1568	3.90596195493593e+35
0.0572	0.1568	-1.65735911548312e+36
0.0594	0.1568	6.68610294294975e+36
0.0616	0.1568	-2.5445132213168e+37
0.0638	0.1568	9.05016651553973e+37
0.066	0.1568	-2.97525201886991e+38
0.0682	0.1568	8.92536773065212e+38
0.0704	0.1568	-2.40783946241977e+39
0.0726	0.1568	5.739192639855e+39
0.0748	0.1568	-1.16906283069113e+40
0.077	0.1568	-3.24157828527955e+40
0.0792	0.1568	-4.24902032141109e+40
0.0814	0.1568	-6.68909185551124e+40
0.0836	0.1568	-8.33050909012078e+40
0.0858	0.1568	-1.12626649579037e+41
0.088	0.1568	-1.38005715516678e+41
0.0902	0.1568	-1.76247089284316e+41
0.0924	0.1568	-1.93591431289617e+41
0.0946	0.1568	-2.31046492897711e+41
0.0968	0.1568	-2.69006243049065e+41
0.099	0.1568	-3.15908680388895e+41
0.1012	0.1568	-3.64433118557421e+41
0.1034	0.1568	-4.22142161388119e+41
0.1056	0.1568	-4.84071401244992e+41
0.1078	0.1568	-5.52102009188588e+41
0.11	0.1568	-6.28807472434495e+41
0	0.16	6.63667101940324e+25
0.0022	0.16	-5.70564127361434e+25
0.0044	0.16	5.08422708706717e+25
0.0066	0.16	5.60469281677928e+24
0.0088	0.16	-7.36449994688904e+25
0.011	0.16	1.88126749047171e+26
0.0132	0.16	-2.46059781415776e+26
0.0154	0.16	3.16033680685803e+26
0.0176	0.16	-4.36009196822052e+26
0.0198	0.16	4.28637450124994e+26
0.022	0.16	-3.79717843152868e+26
0.0242	0.16	2.94560667842965e+26
0.0264	0.16	1.1262981100313e+26
0.0286	0.16	-1.3549643040919e+27
0.0308	0.16	5.93196898747716e+27
0.033	0.16	-2.6936549958832e+28
0.0352	0.16	1.34405595943751e+29
0.0374	0.16	-6.98566076822584e+29
0.0396	0.16	3.64961344871095e+30
0.0418	0.16	-1.88461784528032e+31
0.044	0.16	9.54031570559155e+31
0.0462	0.16	-4.71428387674066e+32
0.0484	0.16	2.26639714476748e+33
0.0506	0.16	-1.05636808004901e+34
0.0528	0.16	4.75480823667371e+34
0.055	0.16	-2.05722577275065e+35
0.0572	0.16	8.5094129421853e+35
0.0594	0.16	-3.34342245548803e+36
0.0616	0.16	1.23835284760601e+37
0.0638	0.16	-4.28490751098056e+37
0.066	0.16	1.3705107751517e+38
0.0682	0.16	-4.00212927656541e+38
0.0704	0.16	1.05084473531252e+39
0.0726	0.16	-2.41760488378924e+39
0.0748	0.16	4.45154544248243e+39
0.077	0.16	1.48543056099798e+40
0.0792	0.16	2.00002527182452e+40
0.0814	0.16	3.23026580122953e+40
0.0836	0.16	4.07303278992056e+40
0.0858	0.16	5.56304172399702e+40
0.088	0.16	6.86998557102848e+40
0.0902	0.16	8.82273519838405e+40
0.0924	0.16	9.7474386104251e+40
0.0946	0.16	1.16777737214142e+41
0.0968	0.16	1.36576300414627e+41
0.099	0.16	1.60854931312985e+41
0.1012	0.16	1.86199922837376e+41
0.1034	0.16	2.16208764115904e+41
0.1056	0.16	2.48612737266401e+41
0.1078	0.16	2.84179502890316e+41
0.11	0.16	3.2443378987404e+41
