0	0	6.64493531831643e+45
0.0022	0	-4.89519432805093e+44
0.0044	0	2.80186758699255e+45
0.0066	0	-1.59681072416798e+46
0.0088	0	3.74461861204959e+46
0.011	0	-2.0759342039562e+46
0.0132	0	1.48490640006538e+46
0.0154	0	-1.83966623358715e+46
0.0176	0	1.51819262064273e+47
0.0198	0	-1.35751266526009e+47
0.022	0	1.00562167319549e+47
0.0242	0	-1.11098201626783e+47
0.0264	0	-1.65656798172346e+46
0.0286	0	3.96173826679222e+47
0.0308	0	-9.32688222968547e+47
0.033	0	1.29294052623956e+48
0.0352	0	-1.81970272498604e+48
0.0374	0	2.71464362500138e+48
0.0396	0	-2.33887110636933e+48
0.0418	0	-1.38921614844296e+47
0.044	0	7.18674237033466e+48
0.0462	0	-2.95223475533248e+49
0.0484	0	1.01847612168559e+50
0.0506	0	-3.02597363508205e+50
0.0528	0	6.62780617896333e+50
0.055	0	-1.11131358268821e+50
0.0572	0	-1.02050101396881e+52
0.0594	0	8.12054631795327e+52
0.0616	0	-4.61313143605591e+53
0.0638	0	2.2387676905731e+54
0.066	0	-9.77925346452416e+54
0.0682	0	3.90445822564086e+55
0.0704	0	-1.40648373367278e+56
0.0726	0	4.24293989519398e+56
0.0748	0	-7.04200762327307e+56
0.077	0	-5.0369910674759e+56
0.0792	0	-1.3814800322795e+56
0.0814	0	4.70661333345681e+57
0.0836	0	1.61386873094385e+57
0.0858	0	2.99280554311883e+57
0.088	0	1.74694903374743e+58
0.0902	0	4.78264540766971e+57
0.0924	0	-1.00073768955197e+58
0.0946	0	-8.79910968189798e+57
0.0968	0	-5.97519204162438e+57
0.099	0	-4.13778766935877e+57
0.1012	0	-2.61649243582294e+57
0.1034	0	-1.739247151338e+57
0.1056	0	-1.24586754283225e+57
0.1078	0	-7.85936523569935e+56
0.11	0	-5.2804916998349e+56
0	0.0032	2.16233869618467e+45
0.0022	0.0032	1.25667952615633e+46
0.0044	0.0032	-4.56652763156767e+45
0.0066	0.0032	3.60668192315457e+46
0.0088	0.0032	-9.98167365947616e+46
0.011	0.0032	4.90146450864437e+46
0.0132	0.0032	-3.39595334582205e+46
0.0154	0.0032	1.72991568175585e+46
0.0176	0.0032	-4.01138700625683e+47
0.0198	0.0032	3.3743135924376e+47
0.022	0.0032	-2.37976300751694e+47
0.0242	0.0032	3.02300694313643e+47
0.0264	0.0032	-1.71543477045574e+46
0.0286	0.0032	-9.30572559936898e+47
0.0308	0.0032	2.31157068546358e+48
0.033	0.0032	-3.12537445031605e+48
0.0352	0.0032	4.37845855179646e+48
0.0374	0.0032	-6.91359929946144e+48
0.0396	0.0032	6.20387812357641e+48
0.0418	0.0032	-7.37160630185988e+47
0.044	0.0032	-1.40425970605095e+49
0.0462	0.0032	6.09135229391792e+49
0.0484	0.0032	-2.21087011602669e+50
0.0506	0.0032	7.11442977443551e+50
0.0528	0.0032	-1.86640988149487e+51
0.055	0.0032	2.65652901273387e+51
0.0572	0.0032	1.05297917993657e+52
0.0594	0.0032	-1.26171564621974e+53
0.0616	0.0032	8.04246369018235e+53
0.0638	0.0032	-4.15096264382869e+54
0.066	0.0032	1.89576938762244e+55
0.0682	0.0032	-7.89226497752295e+55
0.0704	0.0032	2.99230032853847e+56
0.0726	0.0032	-9.83028840342334e+56
0.0748	0.0032	2.17718801870956e+57
0.077	0.0032	1.76444677385158e+57
0.0792	0.0032	1.03508338855602e+57
0.0814	0.0032	-8.68221706235818e+57
0.0836	0.0032	-2.66582888460626e+57
0.0858	0.0032	-5.48774877718611e+57
0.088	0.0032	-3.46179013032473e+58
0.0902	0.0032	-9.35904935839282e+57
0.0924	0.0032	2.02070036324807e+58
0.0946	0.0032	1.76741015015461e+58
0.0968	0.0032	1.20096746136928e+58
0.099	0.0032	8.2402087563875e+57
0.1012	0.0032	5.23486533438951e+57
0.1034	0.0032	3.40467998831718e+57
0.1056	0.0032	2.38497839091659e+57
0.1078	0.0032	1.57535274794672e+57
0.11	0.0032	1.08490065288358e+57
0	0.0064	-1.45189941379537e+46
0.0022	0.0064	3.07560200809969e+46
0.0044	0.0064	-1.30634016436531e+46
0.0066	0.0064	-1.39553602601426e+47
0.0088	0.0064	5.03438428077898e+47
0.011	0.0064	-2.06803623138519e+47
0.0132	0.0064	1.48239433212846e+47
0.0154	0.0064	1.03117494608978e+47
0.0176	0.0064	1.98768221840654e+48
0.0198	0.0064	-1.53733408985641e+48
0.022	0.0064	1.00229265544534e+48
0.0242	0.0064	-1.52074859076959e+48
0.0264	0.0064	4.02447488594568e+47
0.0286	0.0064	3.9470853036357e+48
0.0308	0.0064	-1.05778810353094e+49
0.033	0.0064	1.38001380187514e+49
0.0352	0.0064	-1.908595825888e+49
0.0374	0.0064	3.2487401261956e+49
0.0396	0.0064	-3.01910896268855e+49
0.0418	0.0064	8.16759763553533e+48
0.044	0.0064	4.65576648388289e+49
0.0462	0.0064	-2.1683125588231e+50
0.0484	0.0064	8.32817076600367e+50
0.0506	0.0064	-2.90114219315484e+51
0.0528	0.0064	8.77350168572857e+51
0.055	0.0064	-1.98809508372928e+52
0.0572	0.0064	7.86532043573602e+51
0.0594	0.0064	2.71069704925568e+53
0.0616	0.0064	-2.23212148507129e+54
0.0638	0.0064	1.28114447225595e+55
0.066	0.0064	-6.2732884239738e+55
0.0682	0.0064	2.79355631222531e+56
0.0704	0.0064	-1.1680993700355e+57
0.0726	0.0064	4.67839321487624e+57
0.0748	0.0064	-1.82490503584193e+58
0.077	0.0064	-1.67490529865668e+58
0.0792	0.0064	-1.41307629455697e+58
0.0814	0.0064	2.02111256840278e+58
0.0836	0.0064	-2.16406183941957e+56
0.0858	0.0064	1.01358725977226e+58
0.088	0.0064	1.12948623627671e+59
0.0902	0.0064	2.57147852459278e+58
0.0924	0.0064	-7.74981508114796e+58
0.0946	0.0064	-6.85151305256388e+58
0.0968	0.0064	-4.81114405141158e+58
0.099	0.0064	-3.4421284198331e+58
0.1012	0.0064	-2.32422688849321e+58
0.1034	0.0064	-1.59924785444261e+58
0.1056	0.0064	-1.15854975453223e+58
0.1078	0.0064	-7.97416558616234e+57
0.11	0.0064	-5.40991795242695e+57
0	0.0096	-1.06089391333525e+46
0.0022	0.0096	7.97527362403302e+45
0.0044	0.0096	6.08067298621239e+46
0.0066	0.0096	-3.47803985818672e+47
0.0088	0.0096	9.60638419259914e+47
0.011	0.0096	7.98345080768847e+47
0.0132	0.0096	-7.37278027959492e+47
0.0154	0.0096	-1.49592026242726e+48
0.0176	0.0096	-1.03097783651393e+49
0.0198	0.0096	7.26291750476112e+48
0.022	0.0096	-4.25749061374926e+48
0.0242	0.0096	7.84590257922367e+48
0.0264	0.0096	-3.41428353557752e+48
0.0286	0.0096	-1.72975987490845e+49
0.0308	0.0096	5.06912468480575e+49
0.033	0.0096	-6.34599261658739e+49
0.0352	0.0096	8.57065861942706e+49
0.0374	0.0096	-1.58602985116857e+50
0.0396	0.0096	1.50500050378228e+50
0.0418	0.0096	-5.49169292624457e+49
0.044	0.0096	-1.59374667588693e+50
0.0462	0.0096	7.95059773948465e+50
0.0484	0.0096	-3.19745620674767e+51
0.0506	0.0096	1.18181653840526e+52
0.0528	0.0096	-3.90984268693949e+52
0.055	0.0096	1.07230586358192e+53
0.0572	0.0096	-1.79452474606226e+53
0.0594	0.0096	-4.00070894166879e+53
0.0616	0.0096	6.07169068044299e+54
0.0638	0.0096	-4.01988891845947e+55
0.066	0.0096	2.10501413005312e+56
0.0682	0.0096	-9.74326781811904e+56
0.0704	0.0096	4.1707737068454e+57
0.0726	0.0096	-1.68834895522378e+58
0.0748	0.0096	6.49700647920531e+58
0.077	0.0096	6.04779315126867e+58
0.0792	0.0096	5.11109321680809e+58
0.0814	0.0096	-7.5772704527046e+58
0.0836	0.0096	-7.25368336028317e+56
0.0858	0.0096	-3.83429687932703e+58
0.088	0.0096	-4.21961759802405e+59
0.0902	0.0096	-9.95856627417723e+58
0.0924	0.0096	2.84989433027881e+59
0.0946	0.0096	2.53386105365264e+59
0.0968	0.0096	1.78791497655753e+59
0.099	0.0096	1.28940804989547e+59
0.1012	0.0096	8.791699116555e+58
0.1034	0.0096	6.16971343618025e+58
0.1056	0.0096	4.56447530237224e+58
0.1078	0.0096	3.26077193447481e+58
0.11	0.0096	2.31404143475362e+58
0	0.0128	-2.60613799278242e+45
0.0022	0.0128	-1.26867296905767e+46
0.0044	0.0128	1.16178813875088e+47
0.0066	0.0128	-4.32613414716677e+47
0.0088	0.0128	1.00049441778956e+48
0.011	0.0128	1.25270622349687e+48
0.0132	0.0128	4.15968223025337e+48
0.0154	0.0128	1.30276555000256e+49
0.0176	0.0128	5.42014954508118e+49
0.0198	0.0128	-3.42802413674556e+49
0.022	0.0128	1.72278320789946e+49
0.0242	0.0128	-4.02993990122168e+49
0.0264	0.0128	2.36286745783836e+49
0.0286	0.0128	7.47771105969799e+49
0.0308	0.0128	-2.45170021361757e+50
0.033	0.0128	2.92363828721898e+50
0.0352	0.0128	-3.79619597655442e+50
0.0374	0.0128	7.76994704241829e+50
0.0396	0.0128	-7.45864151459311e+50
0.0418	0.0128	3.18189464071631e+50
0.044	0.0128	5.32857346865915e+50
0.0462	0.0128	-2.85604816907844e+51
0.0484	0.0128	1.19768328639082e+52
0.0506	0.0128	-4.65944909221368e+52
0.0528	0.0128	1.65245528554433e+53
0.055	0.0128	-5.10093657268161e+53
0.0572	0.0128	1.19938507528306e+54
0.0594	0.0128	-7.61186051387339e+53
0.0616	0.0128	-1.40553219847232e+55
0.0638	0.0128	1.20330030502659e+56
0.066	0.0128	-6.92243752867814e+56
0.0682	0.0128	3.36842324992452e+57
0.0704	0.0128	-1.49036899513788e+58
0.0726	0.0128	6.21446040118198e+58
0.0748	0.0128	-2.48041216192297e+59
0.077	0.0128	-2.34003613554435e+59
0.0792	0.0128	-1.99631841290801e+59
0.0814	0.0128	2.72914466534161e+59
0.0836	0.0128	-3.92015397633377e+57
0.0858	0.0128	1.34461274379589e+59
0.088	0.0128	1.57217609268586e+60
0.0902	0.0128	3.77438420032833e+59
0.0924	0.0128	-1.06067104183979e+60
0.0946	0.0128	-9.48821085176743e+59
0.0968	0.0128	-6.74954239000611e+59
0.099	0.0128	-4.91958155219869e+59
0.1012	0.0128	-3.4103531743378e+59
0.1034	0.0128	-2.44160943283757e+59
0.1056	0.0128	-1.848676589533e+59
0.1078	0.0128	-1.36454624421561e+59
0.11	0.0128	-1.01019425129872e+59
0	0.016	1.16668704726489e+46
0.0022	0.016	-4.12622602206571e+46
0.0044	0.016	1.7098459238991e+47
0.0066	0.016	-5.21794627065488e+47
0.0088	0.016	1.02822577328829e+48
0.011	0.016	1.81676554925003e+48
0.0132	0.016	3.00543470912345e+48
0.0154	0.016	1.98392156008475e+49
0.0176	0.016	-2.90817449740496e+50
0.0198	0.016	1.61426564530818e+50
0.022	0.016	-6.40561758712504e+49
0.0242	0.016	2.06177497475486e+50
0.0264	0.016	-1.48841879411951e+50
0.0286	0.016	-3.15715002638792e+50
0.0308	0.016	1.19583277247305e+51
0.033	0.016	-1.34837865946801e+51
0.0352	0.016	1.64527213502356e+51
0.0374	0.016	-3.81836198030165e+51
0.0396	0.016	3.67822201050574e+51
0.0418	0.016	-1.71079873815989e+51
0.044	0.016	-1.73796609203908e+51
0.0462	0.016	1.00182270229376e+52
0.0484	0.016	-4.36988026305214e+52
0.0506	0.016	1.78201665832891e+53
0.0528	0.016	-6.70270960033866e+53
0.055	0.016	2.2556774088768e+54
0.0572	0.016	-6.31857932991647e+54
0.0594	0.016	1.1154340167796e+55
0.0616	0.016	1.9266877722209e+55
0.0638	0.016	-3.30409537626298e+56
0.066	0.016	2.19798754071618e+57
0.0682	0.016	-1.14045477944804e+58
0.0704	0.016	5.22644606300788e+58
0.0726	0.016	-2.23248152676995e+59
0.0748	0.016	9.10085786776362e+59
0.077	0.016	8.68841306923317e+59
0.0792	0.016	7.42389051721552e+59
0.0814	0.016	-1.01626563579473e+60
0.0836	0.016	5.6487461318738e+57
0.0858	0.016	-5.0186990194992e+59
0.088	0.016	-5.89160359831883e+60
0.0902	0.016	-1.46071459978968e+60
0.0924	0.016	3.91998052039758e+60
0.0946	0.016	3.52669083705693e+60
0.0968	0.016	2.52253956732048e+60
0.099	0.016	1.85242907058958e+60
0.1012	0.016	1.2980018706755e+60
0.1034	0.016	9.42487178196282e+59
0.1056	0.016	7.25713859077781e+59
0.1078	0.016	5.48566692992522e+59
0.11	0.016	4.18408722358004e+59
0	0.0192	2.17501895333748e+45
0.0022	0.0192	-2.77112595345546e+46
0.0044	0.0192	1.15571185003477e+47
0.0066	0.0192	-2.57488443823969e+47
0.0088	0.0192	4.63192714271249e+46
0.011	0.0192	5.15057322768727e+48
0.0132	0.0192	-6.17018806881704e+48
0.0154	0.0192	4.82567093801355e+49
0.0176	0.0192	-3.92463689818991e+50
0.0198	0.0192	-7.06195581958656e+50
0.022	0.0192	1.97847047170453e+50
0.0242	0.0192	-1.05153438789558e+51
0.0264	0.0192	8.8634621603359e+50
0.0286	0.0192	1.28402851505615e+51
0.0308	0.0192	-5.88670011653182e+51
0.033	0.0192	6.23478635147249e+51
0.0352	0.0192	-6.9060310134621e+51
0.0374	0.0192	1.88436517602414e+52
0.0396	0.0192	-1.80762725485321e+52
0.0418	0.0192	8.79844269936941e+51
0.044	0.0192	5.58988221631979e+51
0.0462	0.0192	-3.42925777751277e+52
0.0484	0.0192	1.55280383011797e+53
0.0506	0.0192	-6.62394861155441e+53
0.0528	0.0192	2.62631668491659e+54
0.055	0.0192	-9.47492135587467e+54
0.0572	0.0192	2.97723939329846e+55
0.0594	0.0192	-7.16579951512979e+55
0.0616	0.0192	5.44239158634068e+55
0.0638	0.0192	7.64086837245258e+56
0.066	0.0192	-6.64238250281654e+57
0.0682	0.0192	3.77570767187608e+58
0.0704	0.0192	-1.80735778498045e+59
0.0726	0.0192	7.93422346797847e+59
0.0748	0.0192	-3.32762004131346e+60
0.077	0.0192	-3.2141962107844e+60
0.0792	0.0192	-2.74967367870135e+60
0.0814	0.0192	3.79604724020796e+60
0.0836	0.0192	2.61699160222965e+58
0.0858	0.0192	1.88842991390602e+60
0.088	0.0192	2.20952596933551e+61
0.0902	0.0192	5.66513674774637e+60
0.0924	0.0192	-1.44644146702158e+61
0.0946	0.0192	-1.30849912531356e+61
0.0968	0.0192	-9.40267916220668e+60
0.099	0.0192	-6.94899678892238e+60
0.1012	0.0192	-4.91191449285222e+60
0.1034	0.0192	-3.60779463244969e+60
0.1056	0.0192	-2.81486282632653e+60
0.1078	0.0192	-2.16643125309218e+60
0.11	0.0192	-1.68946463687541e+60
0	0.0224	9.82391744046617e+45
0.0022	0.0224	-4.22874054644929e+46
0.0044	0.0224	1.43416669223753e+47
0.0066	0.0224	-2.95772583972335e+47
0.0088	0.0224	3.64030372150742e+46
0.011	0.0224	5.49721901148197e+48
0.0132	0.0224	-4.90975056407034e+48
0.0154	0.0224	4.38265671072049e+49
0.0176	0.0224	-3.60139622268376e+50
0.0198	0.0224	-9.18538465438881e+50
0.022	0.0224	-2.59859539234738e+50
0.0242	0.0224	5.3544699047797e+51
0.0264	0.0224	-5.08333950199582e+51
0.0286	0.0224	-4.89677381436696e+51
0.0308	0.0224	2.92652346930235e+52
0.033	0.0224	-2.89692823767119e+52
0.0352	0.0224	2.75605985534471e+52
0.0374	0.0224	-9.3495628061908e+52
0.0396	0.0224	8.86135361398792e+52
0.0418	0.0224	-4.39819951568559e+52
0.044	0.0224	-1.82674285189277e+52
0.0462	0.0224	1.1444825275825e+53
0.0484	0.0224	-5.36828251131628e+53
0.0506	0.0224	2.39436836616315e+54
0.0528	0.0224	-9.97423842136651e+54
0.055	0.0224	3.82076676203512e+55
0.0572	0.0224	-1.30914290789368e+56
0.0594	0.0224	3.72924261494601e+56
0.0616	0.0224	-6.76291665079847e+56
0.0638	0.0224	-1.01430269320005e+57
0.066	0.0224	1.85163421979716e+58
0.0682	0.0224	-1.21395353416382e+59
0.0704	0.0224	6.147696607756e+59
0.0726	0.0224	-2.77675976252224e+60
0.0748	0.0224	1.20178843507383e+61
0.077	0.0224	1.1745578891025e+61
0.0792	0.0224	1.00394039626586e+61
0.0814	0.0224	-1.43234953178112e+61
0.0836	0.0224	-4.18907949981679e+59
0.0858	0.0224	-7.25261875239623e+60
0.088	0.0224	-8.30108861253787e+61
0.0902	0.0224	-2.20939809848594e+61
0.0924	0.0224	5.32071382466961e+61
0.0946	0.0224	4.83853831026092e+61
0.0968	0.0224	3.48844037640343e+61
0.099	0.0224	2.59026941227834e+61
0.1012	0.0224	1.84206677223188e+61
0.1034	0.0224	1.36387760803372e+61
0.1056	0.0224	1.0740205078779e+61
0.1078	0.0224	8.36760286234264e+60
0.11	0.0224	6.62073136583995e+60
0	0.0256	3.20029379141338e+46
0.0022	0.0256	-5.01951023823913e+46
0.0044	0.0256	1.06200967697277e+47
0.0066	0.0256	-7.53311758288476e+46
0.0088	0.0256	-7.87583547762963e+47
0.011	0.0256	8.12748040449205e+48
0.0132	0.0256	-1.12673650500175e+49
0.0154	0.0256	6.23816010230874e+49
0.0176	0.0256	-4.27267873995905e+50
0.0198	0.0256	-8.4575547258979e+50
0.022	0.0256	-6.15735137886786e+50
0.0242	0.0256	6.6272370415214e+51
0.0264	0.0256	2.75605500506244e+52
0.0286	0.0256	1.64509603142272e+52
0.0308	0.0256	-1.46989134994464e+53
0.033	0.0256	1.35680392751908e+53
0.0352	0.0256	-1.00585346006694e+53
0.0374	0.0256	4.66957635825245e+53
0.0396	0.0256	-4.33547337813323e+53
0.0418	0.0256	2.15814370747226e+53
0.044	0.0256	6.451490054652e+52
0.0462	0.0256	-3.71903497741336e+53
0.0484	0.0256	1.80180350234048e+54
0.0506	0.0256	-8.41137452762352e+54
0.0528	0.0256	3.67681430033052e+55
0.055	0.0256	-1.48713205750432e+56
0.0572	0.0256	5.47347006344858e+56
0.0594	0.0256	-1.74871730554156e+57
0.0616	0.0256	4.26107385297719e+57
0.0638	0.0256	-3.3485843461099e+57
0.066	0.0256	-4.39595867095124e+58
0.0682	0.0256	3.74513352517751e+59
0.0704	0.0256	-2.0519814069091e+60
0.0726	0.0256	9.52443129575628e+60
0.0748	0.0256	-4.23795778646177e+61
0.077	0.0256	-4.19323063133255e+61
0.0792	0.0256	-3.56695239578335e+61
0.0814	0.0256	5.49990110403067e+61
0.0836	0.0256	3.71802396541165e+60
0.0858	0.0256	2.87839034476281e+61
0.088	0.0256	3.12803924907309e+62
0.0902	0.0256	8.69648625704485e+61
0.0924	0.0256	-1.94709511369209e+62
0.0946	0.0256	-1.77928439332627e+62
0.0968	0.0256	-1.28445987183975e+62
0.099	0.0256	-9.55880958161432e+61
0.1012	0.0256	-6.81236005577209e+61
0.1034	0.0256	-5.06071579316061e+61
0.1056	0.0256	-4.00277961247269e+61
0.1078	0.0256	-3.13636878363067e+61
0.11	0.0256	-2.49805367312928e+61
0	0.0288	-8.68221939445494e+45
0.0022	0.0288	1.05705081583481e+45
0.0044	0.0288	1.38978440235314e+46
0.0066	0.0288	1.4702533453156e+47
0.0088	0.0288	-1.3290828720199e+48
0.011	0.0288	9.52050084742593e+48
0.0132	0.0288	-1.17087466632747e+49
0.0154	0.0288	6.08190265952836e+49
0.0176	0.0288	-3.98958815159087e+50
0.0198	0.0288	-1.06518138895242e+51
0.022	0.0288	-1.8842798732605e+50
0.0242	0.0288	5.18134550126333e+51
0.0264	0.0288	3.42484763565901e+52
0.0286	0.0288	-4.29111824131821e+52
0.0308	0.0288	7.46067786689488e+53
0.033	0.0288	-6.43172869623583e+53
0.0352	0.0288	3.01780167705127e+53
0.0374	0.0288	-2.35046570728007e+54
0.0396	0.0288	2.11714857957985e+54
0.0418	0.0288	-1.04652641333882e+54
0.044	0.0288	-2.67013009635054e+53
0.0462	0.0288	1.17417906414395e+54
0.0484	0.0288	-5.85066578437914e+54
0.0506	0.0288	2.86664073238143e+55
0.0528	0.0288	-1.31571344130953e+56
0.055	0.0288	5.60066046434132e+56
0.0572	0.0288	-2.19564933158871e+57
0.0594	0.0288	7.66981658674941e+57
0.0616	0.0288	-2.21063370801185e+58
0.0638	0.0288	3.98776918148806e+58
0.066	0.0288	6.34118588597766e+58
0.0682	0.0288	-1.08383340972269e+60
0.0704	0.0288	6.72170357067123e+60
0.0726	0.0288	-3.19992891902722e+61
0.0748	0.0288	1.43781969664245e+62
0.077	0.0288	1.44243402314356e+62
0.0792	0.0288	1.21256570677415e+62
0.0814	0.0288	-2.16155033555754e+62
0.0836	0.0288	-2.70558935561483e+61
0.0858	0.0288	-1.18967000951096e+62
0.088	0.0288	-1.18374561643353e+63
0.0902	0.0288	-3.46570052070658e+62
0.0924	0.0288	7.07014486175417e+62
0.0946	0.0288	6.48889781193539e+62
0.0968	0.0288	4.6758906705255e+62
0.099	0.0288	3.47446243918014e+62
0.1012	0.0288	2.46683767064441e+62
0.1034	0.0288	1.82572554947976e+62
0.1056	0.0288	1.44014840723569e+62
0.1078	0.0288	1.12428465384415e+62
0.11	0.0288	8.91540100065781e+61
0	0.032	2.71685415178543e+46
0.0022	0.032	-4.88405381253488e+46
0.0044	0.032	1.04699943724455e+47
0.0066	0.032	-2.85638965795263e+46
0.0088	0.032	-9.2032464579493e+47
0.011	0.032	8.07428907510865e+48
0.0132	0.032	-4.24017972744169e+48
0.0154	0.032	3.47005110685303e+49
0.0176	0.032	-3.20624881451386e+50
0.0198	0.032	-1.4710792339921e+51
0.022	0.032	9.71446490757957e+50
0.0242	0.032	1.47755761152803e+51
0.0264	0.032	4.85828958445359e+52
0.0286	0.032	-9.36434146063271e+52
0.0308	0.032	9.45566654458439e+53
0.033	0.032	2.99147993092803e+54
0.0352	0.032	-4.05948129819466e+53
0.0374	0.032	1.19385296591035e+55
0.0396	0.032	-1.03153673346123e+55
0.0418	0.032	5.04087487710819e+54
0.044	0.032	1.33926250592231e+54
0.0462	0.032	-3.58707243379745e+54
0.0484	0.032	1.82765113362813e+55
0.0506	0.032	-9.44750380569454e+55
0.0528	0.032	4.56595377052161e+56
0.055	0.032	-2.04200771214128e+57
0.0572	0.032	8.48591743003197e+57
0.0594	0.032	-3.19816156900199e+58
0.0616	0.032	1.03798285965787e+59
0.0638	0.032	-2.52254399068989e+59
0.066	0.032	1.67102753768229e+59
0.0682	0.032	2.78131064523136e+60
0.0704	0.032	-2.16492694663375e+61
0.0726	0.032	1.05999956500047e+62
0.0748	0.032	-4.54674078346459e+62
0.077	0.032	-4.64331937714586e+62
0.0792	0.032	-3.79924052121464e+62
0.0814	0.032	8.75675722138004e+62
0.0836	0.032	1.78512844092589e+62
0.0858	0.032	5.15453194543076e+62
0.088	0.032	4.50722251014326e+63
0.0902	0.032	1.40419850390586e+63
0.0924	0.032	-2.53641754834361e+63
0.0946	0.032	-2.33616727972196e+63
0.0968	0.032	-1.67207954456167e+63
0.099	0.032	-1.23299280146685e+63
0.1012	0.032	-8.63485657886402e+62
0.1034	0.032	-6.290164148931e+62
0.1056	0.032	-4.88680303481927e+62
0.1078	0.032	-3.73714172035961e+62
0.11	0.032	-2.89029359085539e+62
0	0.0352	-1.24340192197594e+46
0.0022	0.0352	1.80773287081582e+46
0.0044	0.0352	-6.33537900186021e+46
0.0066	0.0352	4.13942234087553e+47
0.0088	0.0352	-2.06399744549615e+48
0.011	0.0352	1.12427468195491e+49
0.0132	0.0352	-1.00767127913716e+49
0.0154	0.0352	5.23402966175597e+49
0.0176	0.0352	-3.62300192868456e+50
0.0198	0.0352	-1.44212391469025e+51
0.022	0.0352	4.42016111935079e+50
0.0242	0.0352	3.56367322724473e+51
0.0264	0.0352	4.23174197030517e+52
0.0286	0.0352	-5.49292011606776e+52
0.0308	0.0352	7.82693605603254e+53
0.033	0.0352	3.91499249587881e+54
0.0352	0.0352	-4.4514589919157e+54
0.0374	0.0352	-6.12540792830887e+55
0.0396	0.0352	5.01033784720945e+55
0.0418	0.0352	-2.42226187601293e+55
0.044	0.0352	-7.72754536459185e+54
0.0462	0.0352	1.04976200770378e+55
0.0484	0.0352	-5.44259156322964e+55
0.0506	0.0352	2.99472847622378e+56
0.0528	0.0352	-1.53380044031301e+57
0.055	0.0352	7.20160607482345e+57
0.0572	0.0352	-3.16387196435794e+58
0.0594	0.0352	1.27715753901661e+59
0.0616	0.0352	-4.56139060925825e+59
0.0638	0.0352	1.32249456726663e+60
0.066	0.0352	-2.24738758923281e+60
0.0682	0.0352	-5.15593585586231e+60
0.0704	0.0352	6.87123828884216e+61
0.0726	0.0352	-3.55953195661766e+62
0.0748	0.0352	1.23550429421621e+63
0.077	0.0352	1.30087021884017e+63
0.0792	0.0352	9.90554488713203e+62
0.0814	0.0352	-3.68195889975093e+63
0.0836	0.0352	-1.11243435905207e+63
0.0858	0.0352	-2.3475513631805e+63
0.088	0.0352	-1.73124226299834e+64
0.0902	0.0352	-5.81245843861053e+63
0.0924	0.0352	8.92511975104002e+63
0.0946	0.0352	8.23931794979371e+63
0.0968	0.0352	5.80734952438358e+63
0.099	0.0352	4.20322514014636e+63
0.1012	0.0352	2.84868947080905e+63
0.1034	0.0352	1.9917084791813e+63
0.1056	0.0352	1.48151607525024e+63
0.1078	0.0352	1.06363648419052e+63
0.11	0.0352	7.56059699912509e+62
0	0.0384	-6.02396795659344e+45
0.0022	0.0384	-3.0563324590865e+46
0.0044	0.0384	9.62402235373215e+46
0.0066	0.0384	-4.29148045918639e+46
0.0088	0.0384	-6.7051484400372e+47
0.011	0.0384	6.42340679092069e+48
0.0132	0.0384	8.93010073249261e+48
0.0154	0.0384	-1.05343202139188e+49
0.0176	0.0384	-1.64859239912017e+50
0.0198	0.0384	-2.24009090775128e+51
0.022	0.0384	2.83242712921756e+51
0.0242	0.0384	-4.20696626446939e+51
0.0264	0.0384	7.05503247465138e+52
0.0286	0.0384	-1.55931708098288e+53
0.0308	0.0384	1.17139109620977e+54
0.033	0.0384	2.81951004001032e+54
0.0352	0.0384	1.66630653734609e+53
0.0374	0.0384	-8.54248232350254e+55
0.0396	0.0384	-2.32941834230505e+56
0.0418	0.0384	1.16372780099415e+56
0.044	0.0384	4.74839763953233e+55
0.0462	0.0384	-2.85673826042329e+55
0.0484	0.0384	1.52089858355425e+56
0.0506	0.0384	-9.04488243884361e+56
0.0528	0.0384	4.97373511002734e+57
0.055	0.0384	-2.45172922110021e+58
0.0572	0.0384	1.13709883711802e+59
0.0594	0.0384	-4.89680019888755e+59
0.0616	0.0384	1.90209312899124e+60
0.0638	0.0384	-6.2818328410867e+60
0.066	0.0384	1.48948551780686e+61
0.0682	0.0384	-3.36611471893195e+60
0.0704	0.0384	-2.13058434744569e+62
0.0726	0.0384	1.30102689622355e+63
0.0748	0.0384	-2.02304759484431e+63
0.077	0.0384	-2.37412607062627e+63
0.0792	0.0384	-1.23070721777208e+63
0.0814	0.0384	1.61587640495395e+64
0.0836	0.0384	6.69222074142767e+63
0.0858	0.0384	1.12205365629634e+64
0.088	0.0384	6.73240233774492e+64
0.0902	0.0384	2.47113132898124e+64
0.0924	0.0384	-3.04008817657476e+64
0.0946	0.0384	-2.80675531925194e+64
0.0968	0.0384	-1.91623930730422e+64
0.099	0.0384	-1.33033727005439e+64
0.1012	0.0384	-8.33887197618141e+63
0.1034	0.0384	-5.20774167349015e+63
0.1056	0.0384	-3.35432927572785e+63
0.1078	0.0384	-1.83678652849126e+63
0.11	0.0384	-7.21010233087852e+62
0	0.0416	4.90504120970581e+46
0.0022	0.0416	-7.91788883472343e+46
0.0044	0.0416	8.92362835056375e+46
0.0066	0.0416	9.8316696506993e+46
0.0088	0.0416	-1.15404804779123e+48
0.011	0.0416	8.11948904020595e+48
0.0132	0.0416	6.31875747181264e+48
0.0154	0.0416	3.07641133393826e+48
0.0176	0.0416	-2.12323289356898e+50
0.0198	0.0416	-2.1451439528481e+51
0.022	0.0416	1.86867516217211e+51
0.0242	0.0416	-1.3575250683744e+50
0.0264	0.0416	5.60462400286591e+52
0.0286	0.0416	-8.08048300837515e+52
0.0308	0.0416	8.51926542628622e+53
0.033	0.0416	4.43616431430643e+54
0.0352	0.0416	-4.46057585276869e+54
0.0374	0.0416	-6.75293336155673e+55
0.0396	0.0416	-3.46394493012639e+56
0.0418	0.0416	-5.33009149391021e+56
0.044	0.0416	-2.96383718257666e+56
0.0462	0.0416	6.48087031351479e+55
0.0484	0.0416	-3.87093212597106e+56
0.0506	0.0416	2.55565943757531e+57
0.0528	0.0416	-1.55131776357521e+58
0.055	0.0416	8.03223051160629e+58
0.0572	0.0416	-3.93028954265594e+59
0.0594	0.0416	1.80166571148672e+60
0.0616	0.0416	-7.56326289800198e+60
0.0638	0.0416	2.78570471678212e+61
0.066	0.0416	-8.11317156636357e+61
0.0682	0.0416	1.14943396625324e+62
0.0704	0.0416	6.31371340791055e+62
0.0726	0.0416	-6.89297050727758e+63
0.0748	0.0416	3.96334470392402e+64
0.077	0.0416	4.04561047391478e+64
0.0792	0.0416	3.37885936309929e+64
0.0814	0.0416	-7.15536958564435e+64
0.0836	0.0416	-1.34567306121483e+64
0.0858	0.0416	-4.3520082439102e+64
0.088	0.0416	-3.97128095414573e+65
0.0902	0.0416	-1.2360314805567e+65
0.0924	0.0416	2.33967928955121e+65
0.0946	0.0416	2.17404817412335e+65
0.0968	0.0416	1.56689670598955e+65
0.099	0.0416	1.1582807439089e+65
0.1012	0.0416	8.06970049667402e+64
0.1034	0.0416	5.7999250511172e+64
0.1056	0.0416	4.42119652513284e+64
0.1078	0.0416	3.26541074132752e+64
0.11	0.0416	2.39987918944515e+64
0	0.0448	3.01295469743041e+45
0.0022	0.0448	6.30218494069637e+45
0.0044	0.0448	-6.04420161564928e+46
0.0066	0.0448	4.12126558188322e+47
0.0088	0.0448	-1.82622915818925e+48
0.011	0.0448	9.24254314077035e+48
0.0132	0.0448	7.5567860175346e+48
0.0154	0.0448	-2.1298230476824e+48
0.0176	0.0448	-2.04046890445414e+50
0.0198	0.0448	-2.31907559149286e+51
0.022	0.0448	2.10571604862644e+51
0.0242	0.0448	-6.44143008300599e+50
0.0264	0.0448	5.96286791874318e+52
0.0286	0.0448	-9.06404588601143e+52
0.0308	0.0448	9.0643346635421e+53
0.033	0.0448	4.57469105496558e+54
0.0352	0.0448	-4.07724069755552e+54
0.0374	0.0448	-7.65411136475392e+55
0.0396	0.0448	-3.58625909777464e+56
0.0418	0.0448	-6.65534347029224e+56
0.044	0.0448	-4.78313062960867e+56
0.0462	0.0448	2.76715418577232e+54
0.0484	0.0448	8.38988804269655e+56
0.0506	0.0448	-6.47508341740107e+57
0.0528	0.0448	4.63303615053191e+58
0.055	0.0448	-2.52171339609196e+59
0.0572	0.0448	1.3016234324995e+60
0.0594	0.0448	-6.34365368715939e+60
0.0616	0.0448	2.86717962464372e+61
0.0638	0.0448	-1.16490056248678e+62
0.066	0.0448	3.98791059043821e+62
0.0682	0.0448	-9.44237416503015e+62
0.0704	0.0448	-2.90656132028344e+62
0.0726	0.0448	2.02800958210816e+64
0.0748	0.0448	-1.45670088445414e+65
0.077	0.0448	-1.53118809064272e+65
0.0792	0.0448	-1.27107245731709e+65
0.0814	0.0448	2.94638534001471e+65
0.0836	0.0448	6.68017565036092e+64
0.0858	0.0448	1.8480897274109e+65
0.088	0.0448	1.62259582933786e+66
0.0902	0.0448	5.37084482180101e+65
0.0924	0.0448	-9.11179485200755e+65
0.0946	0.0448	-8.58167292613423e+65
0.0968	0.0448	-6.23621858316482e+65
0.099	0.0448	-4.66325888465692e+65
0.1012	0.0448	-3.29664451152217e+65
0.1034	0.0448	-2.41590982221078e+65
0.1056	0.0448	-1.8836663746994e+65
0.1078	0.0448	-1.43502523219788e+65
0.11	0.0448	-1.09644404834045e+65
0	0.048	1.83729889257075e+46
0.0022	0.048	-3.29961429175056e+46
0.0044	0.048	-2.29740513311921e+46
0.0066	0.048	2.99076145769126e+47
0.0088	0.048	-1.32344300030689e+48
0.011	0.048	7.535514593974e+48
0.0132	0.048	1.63547518927622e+49
0.0154	0.048	-2.41338037848658e+49
0.0176	0.048	-1.3831916346948e+50
0.0198	0.048	-2.60071607812939e+51
0.022	0.048	2.33491879149699e+51
0.0242	0.048	-5.7685273335723e+50
0.0264	0.048	5.91044693893038e+52
0.0286	0.048	-6.75764253384282e+52
0.0308	0.048	7.88131964845304e+53
0.033	0.048	5.42292870642175e+54
0.0352	0.048	-5.44536998132243e+54
0.0374	0.048	-7.22750728388412e+55
0.0396	0.048	-4.22746505592808e+56
0.0418	0.048	-6.91995779155968e+56
0.044	0.048	-5.90897544417843e+56
0.0462	0.048	1.08456291028514e+56
0.0484	0.048	-1.32248810587258e+57
0.0506	0.048	1.28630871655408e+58
0.0528	0.048	-1.31795731997153e+59
0.055	0.048	7.54560975043645e+59
0.0572	0.048	-4.10947666942457e+60
0.0594	0.048	2.12784387395909e+61
0.0616	0.048	-1.03230277786376e+62
0.0638	0.048	4.58188446672421e+62
0.066	0.048	-1.78043889842918e+63
0.0682	0.048	5.45205152145931e+63
0.0704	0.048	-8.15770931750148e+63
0.0726	0.048	-4.38966716221459e+64
0.0748	0.048	4.82898698737608e+65
0.077	0.048	5.3262183574198e+65
0.0792	0.048	4.33291691138202e+65
0.0814	0.048	-1.22359796422084e+66
0.0836	0.048	-3.51846075444724e+65
0.0858	0.048	-8.02572049391699e+65
0.088	0.048	-6.54477399643894e+66
0.0902	0.048	-2.33966630482207e+66
0.0924	0.048	3.40817545560674e+66
0.0946	0.048	3.26434813302616e+66
0.0968	0.048	2.38885401050211e+66
0.099	0.048	1.80547409877271e+66
0.1012	0.048	1.29218232799416e+66
0.1034	0.048	9.63215027376081e+65
0.1056	0.048	7.66365150793664e+65
0.1078	0.048	5.9959641969201e+65
0.11	0.048	4.72778283697682e+65
0	0.0512	2.58214582654628e+46
0.0022	0.0512	2.55265552890582e+45
0.0044	0.0512	-8.06511257561523e+46
0.0066	0.0512	3.68004789046726e+47
0.0088	0.0512	-1.28391740864753e+48
0.011	0.0512	6.67189286746783e+48
0.0132	0.0512	2.33337333224198e+49
0.0154	0.0512	-4.33277110165913e+49
0.0176	0.0512	-9.43858483640553e+49
0.0198	0.0512	-2.87208850960631e+51
0.022	0.0512	2.76915853925183e+51
0.0242	0.0512	-1.61150191123989e+51
0.0264	0.0512	6.44039458280675e+52
0.0286	0.0512	-8.26804014612339e+52
0.0308	0.0512	8.65423224002999e+53
0.033	0.0512	5.46832874855814e+54
0.0352	0.0512	-4.32159587089572e+54
0.0374	0.0512	-8.47081514023621e+55
0.0396	0.0512	-4.25287485459671e+56
0.0418	0.0512	-9.24148874009498e+56
0.044	0.0512	-4.59612965290859e+56
0.0462	0.0512	-1.08868445508489e+57
0.0484	0.0512	4.1069051769455e+57
0.0506	0.0512	-3.92676949834991e+58
0.0528	0.0512	3.56093041712089e+59
0.055	0.0512	-2.13701900007496e+60
0.0572	0.0512	1.22896663574176e+61
0.0594	0.0512	-6.76242647746098e+61
0.0616	0.0512	3.51708723053487e+62
0.0638	0.0512	-1.69644021060767e+63
0.066	0.0512	7.34702104908112e+63
0.0682	0.0512	-2.67387433607799e+64
0.0704	0.0512	6.71728110367904e+64
0.0726	0.0512	1.51301740800624e+64
0.0748	0.0512	-1.4445561410717e+66
0.077	0.0512	-1.72883744063741e+66
0.0792	0.0512	-1.3480663692273e+66
0.0814	0.0512	5.19222444416806e+66
0.0836	0.0512	1.85682793755441e+66
0.0858	0.0512	3.58196273172944e+66
0.088	0.0512	2.66560435448193e+67
0.0902	0.0512	1.03374976699489e+67
0.0924	0.0512	-1.25859621257446e+67
0.0946	0.0512	-1.22994672454116e+67
0.0968	0.0512	-9.04828567473878e+66
0.099	0.0512	-6.90141257732395e+66
0.1012	0.0512	-4.98393429622072e+66
0.1034	0.0512	-3.76558227050675e+66
0.1056	0.0512	-3.04769357326807e+66
0.1078	0.0512	-2.43676586685294e+66
0.11	0.0512	-1.9690404583194e+66
0	0.0544	-1.66212794557353e+46
0.0022	0.0544	3.43287814441325e+46
0.0044	0.0544	-1.53138227230929e+47
0.0066	0.0544	4.46573264699796e+47
0.0088	0.0544	-1.20414395229169e+48
0.011	0.0544	6.20363238738291e+48
0.0132	0.0544	2.79735197670222e+49
0.0154	0.0544	-4.81500686623298e+49
0.0176	0.0544	-9.43147277084892e+49
0.0198	0.0544	-2.92291650337582e+51
0.022	0.0544	2.1128971262594e+51
0.0242	0.0544	1.56891187192704e+51
0.0264	0.0544	5.31093732275616e+52
0.0286	0.0544	-1.86802646660261e+52
0.0308	0.0544	5.94581742696809e+53
0.033	0.0544	6.90803995831336e+54
0.0352	0.0544	-7.69978455400412e+54
0.0374	0.0544	-7.31465840748758e+55
0.0396	0.0544	-5.25589099865732e+56
0.0418	0.0544	-8.49058034455135e+56
0.044	0.0544	-1.23086783316598e+57
0.0462	0.0544	1.77861027889402e+57
0.0484	0.0544	-1.07963613787389e+58
0.0506	0.0544	1.00710757103463e+59
0.0528	0.0544	-8.99842483902369e+59
0.055	0.0544	5.67402900645232e+60
0.0572	0.0544	-3.45054695197883e+61
0.0594	0.0544	2.02012505107824e+62
0.0616	0.0544	-1.1268319390636e+63
0.0638	0.0544	5.89627962511193e+63
0.066	0.0544	-2.82254106046186e+64
0.0682	0.0544	1.1801104816045e+65
0.0704	0.0544	-3.86148162591682e+65
0.0726	0.0544	6.04370108871618e+65
0.0748	0.0544	3.43008979269687e+66
0.077	0.0544	4.93516247440362e+66
0.0792	0.0544	3.46138536809087e+66
0.0814	0.0544	-2.257351671766e+67
0.0836	0.0544	-9.78476732847287e+66
0.0858	0.0544	-1.64328476170757e+67
0.088	0.0544	-1.1006765116822e+68
0.0902	0.0544	-4.6448882994181e+67
0.0924	0.0544	4.57370996299248e+67
0.0946	0.0544	4.5827434221515e+67
0.0968	0.0544	3.37990431771615e+67
0.099	0.0544	2.59565546273629e+67
0.1012	0.0544	1.88227865804877e+67
0.1034	0.0544	1.43484775226328e+67
0.1056	0.0544	1.17740191774955e+67
0.1078	0.0544	9.5752781530494e+66
0.11	0.0544	7.88271223009829e+66
0	0.0576	6.67151381360628e+46
0.0022	0.0576	-3.09002728221849e+46
0.0044	0.0576	2.59440216446178e+46
0.0066	0.0576	-1.29102725085838e+47
0.0088	0.0576	6.63164369132277e+47
0.011	0.0576	1.42282829080349e+47
0.0132	0.0576	5.03880335157616e+49
0.0154	0.0576	-1.11640709886409e+50
0.0176	0.0576	8.43882032401748e+49
0.0198	0.0576	-3.62609831591553e+51
0.022	0.0576	3.88788931770619e+51
0.0242	0.0576	-3.98304606092369e+51
0.0264	0.0576	7.43266014067046e+52
0.0286	0.0576	-9.35182902399945e+52
0.0308	0.0576	9.0707958433758e+53
0.033	0.0576	6.02453561817754e+54
0.0352	0.0576	-2.48926466773207e+54
0.0374	0.0576	-1.02399206186285e+56
0.0396	0.0576	-4.64880813364075e+56
0.0418	0.0576	-1.41112835701775e+57
0.044	0.0576	1.45398770217763e+56
0.0462	0.0576	-5.34835273142171e+57
0.0484	0.0576	2.53570933836482e+58
0.0506	0.0576	-2.36260027475696e+59
0.0528	0.0576	2.09957742323433e+60
0.055	0.0576	-1.39382021492752e+61
0.0572	0.0576	8.98090853041763e+61
0.0594	0.0576	-5.60560326663742e+62
0.0616	0.0576	3.35967208101142e+63
0.0638	0.0576	-1.90874760589195e+64
0.066	0.0576	1.00756303556944e+65
0.0682	0.0576	-4.77342105506803e+65
0.0704	0.0576	1.88955304053598e+66
0.0726	0.0576	-5.04106405907559e+66
0.0748	0.0576	-2.40699006824839e+66
0.077	0.0576	-1.00366176333583e+67
0.0792	0.0576	-4.23777197163437e+66
0.0814	0.0576	1.00621964222401e+68
0.0836	0.0576	5.14491223676943e+67
0.0858	0.0576	7.73678767512324e+67
0.088	0.0576	4.62339366979285e+68
0.0902	0.0576	2.12754969852581e+68
0.0924	0.0576	-1.62080197423387e+68
0.0946	0.0576	-1.67911784024029e+68
0.0968	0.0576	-1.23625869018228e+68
0.099	0.0576	-9.52717782857392e+67
0.1012	0.0576	-6.88714209695941e+67
0.1034	0.0576	-5.26332696724978e+67
0.1056	0.0576	-4.36320605689405e+67
0.1078	0.0576	-3.59289555185655e+67
0.11	0.0576	-2.99778742604452e+67
0	0.0608	-9.18863768927254e+46
0.0022	0.0608	1.63512213190276e+47
0.0044	0.0608	-3.7477440558039e+47
0.0066	0.0608	7.89337474151721e+47
0.0088	0.0608	-1.74835616132914e+48
0.011	0.0608	7.67898876005712e+48
0.0132	0.0608	2.84883377699842e+49
0.0154	0.0608	-2.44876866958179e+49
0.0176	0.0608	-2.31514003549082e+50
0.0198	0.0608	-2.60385075577827e+51
0.022	0.0608	-5.1376835111215e+50
0.0242	0.0608	1.20555647187832e+52
0.0264	0.0608	1.84893071624797e+52
0.0286	0.0608	1.378634415161e+53
0.0308	0.0608	4.19537122281991e+51
0.033	0.0608	9.89425619273569e+54
0.0352	0.0608	-1.49900277838256e+55
0.0374	0.0608	-5.53866325330976e+55
0.0396	0.0608	-7.15807796990877e+56
0.0418	0.0608	-7.69160977385854e+56
0.044	0.0608	-3.35396387271413e+57
0.0462	0.0608	9.7257489454069e+57
0.0484	0.0608	-5.44168787673447e+58
0.0506	0.0608	5.02735003981777e+59
0.0528	0.0608	-4.43685073387148e+60
0.055	0.0608	3.10763977113524e+61
0.0572	0.0608	-2.12678224117041e+62
0.0594	0.0608	1.41924898900651e+63
0.0616	0.0608	-9.16776861577597e+63
0.0638	0.0608	5.67203549985856e+64
0.066	0.0608	-3.30733712131752e+65
0.0682	0.0608	1.76957707342846e+66
0.0704	0.0608	-8.25772294431414e+66
0.0726	0.0608	2.96782942548378e+67
0.0748	0.0608	-4.43356381330913e+67
0.077	0.0608	-6.68989736720719e+66
0.0792	0.0608	-3.01368715998131e+67
0.0814	0.0608	-4.59703353251629e+68
0.0836	0.0608	-2.69898561210969e+68
0.0858	0.0608	-3.73013791945536e+68
0.088	0.0608	-1.98447817028455e+69
0.0902	0.0608	-9.96592451333102e+68
0.0924	0.0608	5.50754523489318e+68
0.0946	0.0608	5.99412204290084e+68
0.0968	0.0608	4.3747376698155e+68
0.099	0.0608	3.36547078950415e+68
0.1012	0.0608	2.3955174822702e+68
0.1034	0.0608	1.81658040931125e+68
0.1056	0.0608	1.51476788554839e+68
0.1078	0.0608	1.25673250815702e+68
0.11	0.0608	1.05724154573927e+68
0	0.064	1.06716820586303e+47
0.0022	0.064	-1.20106910690464e+47
0.0044	0.064	3.72471125413256e+47
0.0066	0.064	-1.37678670048027e+48
0.0088	0.064	4.77661520064743e+48
0.011	0.064	-1.24396611172567e+49
0.0132	0.064	9.51652357433047e+49
0.0154	0.064	-2.28405282173053e+50
0.0176	0.064	4.09951900059798e+50
0.0198	0.064	-4.87396408764546e+51
0.022	0.064	6.55900445180213e+51
0.0242	0.064	-1.19275854585923e+52
0.0264	0.064	1.0529345652917e+53
0.0286	0.064	-1.8772091923692e+53
0.0308	0.064	1.29738887391492e+54
0.033	0.064	5.14312000249107e+54
0.0352	0.064	6.04986833787207e+54
0.0374	0.064	-1.48843204935701e+56
0.0396	0.064	-3.98129301618769e+56
0.0418	0.064	-2.48666453435607e+57
0.044	0.064	2.8092800395854e+57
0.0462	0.064	-2.00833924887302e+58
0.0484	0.064	1.02792585604759e+59
0.0506	0.064	-9.45100382545437e+59
0.0528	0.064	8.24387546393978e+60
0.055	0.064	-6.10630269567967e+61
0.0572	0.064	4.45140545455625e+62
0.0594	0.064	-3.18720515095652e+63
0.0616	0.064	2.22851265592538e+64
0.0638	0.064	-1.50897105918567e+65
0.066	0.064	9.77026010626566e+65
0.0682	0.064	-5.92590758632338e+66
0.0704	0.064	3.24378315945387e+67
0.0726	0.064	-1.47722454910917e+68
0.0748	0.064	4.27344836806956e+68
0.077	0.064	2.4523018824674e+68
0.0792	0.064	3.44332511015599e+68
0.0814	0.064	2.15093158510194e+69
0.0836	0.064	1.41333028497935e+69
0.0858	0.064	1.83917024987003e+69
0.088	0.064	8.7632458883439e+69
0.0902	0.064	4.79854974916144e+69
0.0924	0.064	-1.73218666438188e+69
0.0946	0.064	-2.0518015992773e+69
0.0968	0.064	-1.46563386479009e+69
0.099	0.064	-1.11539287610562e+69
0.1012	0.064	-7.62610707106776e+68
0.1034	0.064	-5.62007459360325e+68
0.1056	0.064	-4.68429375574994e+68
0.1078	0.064	-3.89051858027734e+68
0.11	0.064	-3.27933074328119e+68
0	0.0672	-4.79358312779519e+46
0.0022	0.0672	1.87623975480517e+47
0.0044	0.0672	-4.20289007288657e+47
0.0066	0.0672	8.80032831885399e+47
0.0088	0.0672	-2.23407891348614e+48
0.011	0.0672	1.09733541139915e+49
0.0132	0.0672	1.8567449814278e+49
0.0154	0.0672	5.01770883572805e+49
0.0176	0.0672	-5.70077879337089e+50
0.0198	0.0672	-1.56016196168314e+51
0.022	0.0672	-5.8727548743601e+51
0.0242	0.0672	3.20594074285181e+52
0.0264	0.0672	-4.90216673805587e+52
0.0286	0.0672	4.19069688597297e+53
0.0308	0.0672	-1.05228849572272e+54
0.033	0.0672	1.46779957029439e+55
0.0352	0.0672	-2.8593287307975e+55
0.0374	0.0672	-1.27456310857485e+55
0.0396	0.0672	-1.02661426580874e+57
0.0418	0.0672	-3.023249954312e+56
0.044	0.0672	-7.92956304258931e+57
0.0462	0.0672	2.90494564342732e+58
0.0484	0.0672	-1.65647890650962e+59
0.0506	0.0672	1.50142122520414e+60
0.0528	0.0672	-1.28131993280576e+61
0.055	0.0672	1.00617078236391e+62
0.0572	0.0672	-7.83836506271728e+62
0.0594	0.0672	6.04733961189631e+63
0.0616	0.0672	-4.60251502483575e+64
0.0638	0.0672	3.43541093412487e+65
0.066	0.0672	-2.49217918848981e+66
0.0682	0.0672	1.73123618740437e+67
0.0704	0.0672	-1.12155625118074e+68
0.0726	0.0672	6.41577578928212e+68
0.0748	0.0672	-2.78711450977907e+69
0.077	0.0672	-1.92673477081867e+69
0.0792	0.0672	-2.37607392598848e+69
0.0814	0.0672	-1.03229782733287e+70
0.0836	0.0672	-7.40703521678435e+69
0.0858	0.0672	-9.30141660156177e+69
0.088	0.0672	-4.03080891070776e+70
0.0902	0.0672	-2.39862499897976e+70
0.0924	0.0672	4.5858080689659e+69
0.0946	0.0672	6.54186634979955e+69
0.0968	0.0672	4.4537884851135e+69
0.099	0.0672	3.29307895774672e+69
0.1012	0.0672	2.02719950598228e+69
0.1034	0.0672	1.36600323876369e+69
0.1056	0.0672	1.12441320219243e+69
0.1078	0.0672	9.25571520131904e+68
0.11	0.0672	7.74375335354102e+68
0	0.0704	-1.99610783747617e+47
0.0022	0.0704	1.39996645818401e+47
0.0044	0.0704	1.42878012903057e+47
0.0066	0.0704	-1.26447596637637e+48
0.0088	0.0704	5.06112917008938e+48
0.011	0.0704	-1.32914596894222e+49
0.0132	0.0704	1.03636545085645e+50
0.0154	0.0704	-2.25937378653199e+50
0.0176	0.0704	3.56768367802775e+50
0.0198	0.0704	-4.94919706631752e+51
0.022	0.0704	5.4194773152895e+51
0.0242	0.0704	-8.05656350551117e+51
0.0264	0.0704	9.97702917863126e+52
0.0286	0.0704	-1.59416512251889e+53
0.0308	0.0704	1.29353824091548e+54
0.033	0.0704	5.51859452729544e+54
0.0352	0.0704	1.15274134605104e+55
0.0374	0.0704	-1.8801881175775e+56
0.0396	0.0704	-3.60495833508961e+56
0.0418	0.0704	-3.66661278423609e+57
0.044	0.0704	5.5638117895051e+57
0.0462	0.0704	-3.82995936283918e+58
0.0484	0.0704	2.09797902716329e+59
0.0506	0.0704	-1.85168529394577e+60
0.0528	0.0704	1.50655992582284e+61
0.055	0.0704	-1.25848329312771e+62
0.0572	0.0704	1.05189373753852e+63
0.0594	0.0704	-8.78876918058206e+63
0.0616	0.0704	7.33199284020447e+64
0.0638	0.0704	-6.09330077187412e+65
0.066	0.0704	5.02268390123199e+66
0.0682	0.0704	-4.07365685980549e+67
0.0704	0.0704	3.20126505575612e+68
0.0726	0.0704	-2.35977995437706e+69
0.0748	0.0704	1.49993899853933e+70
0.077	0.0704	1.11781466649679e+70
0.0792	0.0704	1.34421848336956e+70
0.0814	0.0704	5.16716018106567e+70
0.0836	0.0704	3.93183461265254e+70
0.0858	0.0704	4.92720594950239e+70
0.088	0.0704	1.98873494377482e+71
0.0902	0.0704	1.27350279565625e+71
0.0924	0.0704	-6.58541713161822e+69
0.0946	0.0704	-1.86740679268703e+70
0.0968	0.0704	-1.13967300112056e+70
0.099	0.0704	-7.87897986990941e+69
0.1012	0.0704	-3.36213433847689e+69
0.1034	0.0704	-1.36054497274262e+69
0.1056	0.0704	-1.06229080095508e+69
0.1078	0.0704	-8.67923883096519e+68
0.11	0.0704	-7.20068159717996e+68
0	0.0736	4.44355886397132e+47
0.0022	0.0736	-5.56650137399627e+47
0.0044	0.0736	1.1938366922559e+48
0.0066	0.0736	-3.08299127936087e+48
0.0088	0.0736	8.10992337506972e+48
0.011	0.0736	-1.64974017611083e+49
0.0132	0.0736	1.01195626322964e+50
0.0154	0.0736	-1.58558578779256e+50
0.0176	0.0736	5.13554149138051e+47
0.0198	0.0736	-3.53335633821032e+51
0.022	0.0736	-1.24740166698841e+51
0.0242	0.0736	1.79599057087983e+52
0.0264	0.0736	2.65323687533912e+51
0.0286	0.0736	2.53448528266912e+53
0.0308	0.0736	-4.00340444279687e+53
0.033	0.0736	1.29261239011976e+55
0.0352	0.0736	-1.62759833879808e+55
0.0374	0.0736	-7.05595853431544e+55
0.0396	0.0736	-9.66814717406104e+56
0.0418	0.0736	-1.43659840873434e+57
0.044	0.0736	-6.97518227892269e+57
0.0462	0.0736	2.48263533550876e+58
0.0484	0.0736	-1.75004029111896e+59
0.0506	0.0736	1.41057259475163e+60
0.0528	0.0736	-9.77163160189442e+60
0.055	0.0736	8.85101977532447e+61
0.0572	0.0736	-8.05179431371447e+62
0.0594	0.0736	7.36244130718685e+63
0.0616	0.0736	-6.80244584506268e+64
0.0638	0.0736	6.38694882245063e+65
0.066	0.0736	-6.13029939219679e+66
0.0682	0.0736	6.04957501798368e+67
0.0704	0.0736	-6.16800221326562e+68
0.0726	0.0736	6.51866699853499e+69
0.0748	0.0736	-7.14892297452587e+70
0.077	0.0736	-5.72119705406232e+70
0.0792	0.0736	-7.09127458478801e+70
0.0814	0.0736	-3.02028124554123e+71
0.0836	0.0736	-2.21091830545361e+71
0.0858	0.0736	-3.06098580034573e+71
0.088	0.0736	-1.1607192840871e+72
0.0902	0.0736	-7.55356578219293e+71
0.0924	0.0736	-2.81854853571396e+69
0.0946	0.0736	7.51535337538365e+70
0.0968	0.0736	4.36242051853306e+70
0.099	0.0736	2.98034153535554e+70
0.1012	0.0736	8.50644703757411e+69
0.1034	0.0736	1.66914850998924e+68
0.1056	0.0736	4.18646799191836e+68
0.1078	0.0736	8.74263293707287e+68
0.11	0.0736	1.05860041416993e+69
0	0.0768	-5.67185238806706e+47
0.0022	0.0768	8.08322724027812e+47
0.0044	0.0768	-1.48689710565661e+48
0.0066	0.0768	3.36637158048094e+48
0.0088	0.0768	-9.1756150360646e+48
0.011	0.0768	3.3031429468695e+49
0.0132	0.0768	-4.18097994989551e+49
0.0154	0.0768	2.89695218729729e+50
0.0176	0.0768	-1.40342121874826e+51
0.0198	0.0768	6.65960162980736e+50
0.022	0.0768	-1.5045086476367e+52
0.0242	0.0768	6.12392946668735e+52
0.0264	0.0768	-1.30695275742844e+53
0.0286	0.0768	7.0704530943542e+53
0.0308	0.0768	-1.86247730972982e+54
0.033	0.0768	1.7908923988277e+55
0.0352	0.0768	-2.85266899974626e+55
0.0374	0.0768	-4.90602185061955e+55
0.0396	0.0768	-1.05490767165397e+57
0.0418	0.0768	-2.01733193822521e+57
0.044	0.0768	-4.62000957946423e+57
0.0462	0.0768	1.21649721342023e+55
0.0484	0.0768	2.3809787390724e+58
0.0506	0.0768	1.41854734578032e+59
0.0528	0.0768	-4.97891271674937e+60
0.055	0.0768	3.51976131091775e+61
0.0572	0.0768	-2.55836434289531e+62
0.0594	0.0768	2.01997912928833e+63
0.0616	0.0768	-1.80719982929237e+64
0.0638	0.0768	1.85776386894736e+65
0.066	0.0768	-2.13919676664911e+66
0.0682	0.0768	2.64550104116765e+67
0.0704	0.0768	-3.39635369001784e+68
0.0726	0.0768	4.43872691972181e+69
0.0748	0.0768	-5.85106053464994e+70
0.077	0.0768	-5.72813218985302e+70
0.0792	0.0768	-5.48354774661206e+70
0.0814	0.0768	-2.55982153671456e+71
0.0836	0.0768	-2.15584538904866e+71
0.0858	0.0768	-2.11781002986246e+71
0.088	0.0768	-8.97910805046994e+71
0.0902	0.0768	-7.50533462841914e+71
0.0924	0.0768	-1.22323698868596e+71
0.0946	0.0768	6.80082560440918e+70
0.0968	0.0768	3.05520566193799e+70
0.099	0.0768	8.89524684424762e+69
0.1012	0.0768	-6.16430698845316e+69
0.1034	0.0768	-2.14141656100507e+67
0.1056	0.0768	7.90623918068015e+68
0.1078	0.0768	1.15679783763665e+69
0.11	0.0768	1.31235896695336e+69
0	0.08	4.99055645035649e+47
0.0022	0.08	-1.0510761313228e+48
0.0044	0.08	2.75331669404803e+48
0.0066	0.08	-7.67267593228905e+48
0.0088	0.08	2.19196020328618e+49
0.011	0.08	-5.86309971225267e+49
0.0132	0.08	2.42403893947641e+50
0.0154	0.08	-5.86443250167662e+50
0.0176	0.08	1.40071640790946e+51
0.0198	0.08	-8.6412851470691e+51
0.022	0.08	1.48704745578925e+52
0.0242	0.08	-3.87694543485256e+52
0.0264	0.08	2.13534285662207e+53
0.0286	0.08	-5.45432014265016e+53
0.0308	0.08	2.81344577837208e+54
0.033	0.08	7.75956797238706e+53
0.0352	0.08	3.94498907831293e+55
0.0374	0.08	-3.07721464833493e+56
0.0396	0.08	-1.77532948436706e+56
0.0418	0.08	-5.88334944299323e+57
0.044	0.08	7.63983063863253e+57
0.0462	0.08	-4.6706723270665e+58
0.0484	0.08	1.85797793701006e+59
0.0506	0.08	-2.11491095347134e+60
0.0528	0.08	2.1118975477006e+61
0.055	0.08	-1.60787746776969e+62
0.0572	0.08	1.21667359921256e+63
0.0594	0.08	-9.14195001796961e+63
0.0616	0.08	6.75191448395081e+64
0.0638	0.08	-4.78923991175161e+65
0.066	0.08	3.07572903597527e+66
0.0682	0.08	-1.44787826483011e+67
0.0704	0.08	-2.56519625480948e+67
0.0726	0.08	2.21178139924624e+69
0.0748	0.08	-4.6188563213959e+70
0.077	0.08	-7.17861717364279e+70
0.0792	0.08	-8.50689129356282e+70
0.0814	0.08	-2.62595022530017e+71
0.0836	0.08	-1.91116393111862e+71
0.0858	0.08	-2.9628039071962e+71
0.088	0.08	-9.66004030791928e+71
0.0902	0.08	-5.79553439300782e+71
0.0924	0.08	5.72448596994323e+69
0.0946	0.08	4.49357879656942e+70
0.0968	0.08	2.52988614486785e+70
0.099	0.08	3.15222959465769e+69
0.1012	0.08	3.2829938779001e+69
0.1034	0.08	8.08214711656379e+68
0.1056	0.08	5.91851640733895e+68
0.1078	0.08	1.21667579233596e+69
0.11	0.08	1.34761288016942e+69
0	0.0832	-1.91390170049673e+47
0.0022	0.0832	5.26354169782878e+47
0.0044	0.0832	-1.67174930410562e+48
0.0066	0.0832	5.37635127885321e+48
0.0088	0.0832	-1.80791965300852e+49
0.011	0.0832	6.79393537097123e+49
0.0132	0.0832	-1.61573623991786e+50
0.0154	0.0832	7.54488325381238e+50
0.0176	0.0832	-3.06337014910864e+51
0.0198	0.0832	6.09998312316652e+51
0.022	0.0832	-3.55786558847263e+52
0.0242	0.0832	1.32206896742823e+53
0.0264	0.0832	-3.71428368377543e+53
0.0286	0.0832	1.63290923078347e+54
0.0308	0.0832	-5.32471153893537e+54
0.033	0.0832	3.19148375025744e+55
0.0352	0.0832	-7.61408357814116e+55
0.0374	0.0832	1.30636367551716e+56
0.0396	0.0832	-1.99114162689057e+57
0.0418	0.0832	7.08796776579525e+56
0.044	0.0832	-2.20465179387425e+58
0.0462	0.0832	7.66524710299839e+58
0.0484	0.0832	-4.17237950904204e+59
0.0506	0.0832	4.13372774276952e+60
0.0528	0.0832	-3.65928389379192e+61
0.055	0.0832	2.84436672113795e+62
0.0572	0.0832	-2.22010257609269e+63
0.0594	0.0832	1.75396693759307e+64
0.0616	0.0832	-1.41764734131133e+65
0.0638	0.0832	1.1918449202716e+66
0.066	0.0832	-1.0649864823848e+67
0.0682	0.0832	1.03244799519712e+68
0.0704	0.0832	-1.096303515625e+69
0.0726	0.0832	1.26557791745011e+70
0.0748	0.0832	-1.55702175409513e+71
0.077	0.0832	-1.96483125872577e+71
0.0792	0.0832	-2.10268147418332e+71
0.0814	0.0832	-2.2324058755236e+71
0.0836	0.0832	-1.88218375869748e+71
0.0858	0.0832	-1.93530315648019e+71
0.088	0.0832	-7.036980309331e+71
0.0902	0.0832	-6.07214451938652e+71
0.0924	0.0832	-1.33317946763723e+71
0.0946	0.0832	4.86778765577933e+70
0.0968	0.0832	1.34372115603254e+70
0.099	0.0832	1.68284040638133e+69
0.1012	0.0832	-2.0803931146072e+69
0.1034	0.0832	-1.39651304393393e+68
0.1056	0.0832	1.13121846719737e+69
0.1078	0.0832	1.49268001129702e+69
0.11	0.0832	1.63885095909165e+69
0	0.0864	-2.63899922868008e+46
0.0022	0.0864	-5.03685180979538e+47
0.0044	0.0864	1.83066846357704e+48
0.0066	0.0864	-5.9577024264512e+48
0.0088	0.0864	1.884189351844e+49
0.011	0.0864	-5.34871657195851e+49
0.0132	0.0864	2.48132509859608e+50
0.0154	0.0864	-6.10243642999002e+50
0.0176	0.0864	1.59514562518306e+51
0.0198	0.0864	-1.01366966585396e+52
0.022	0.0864	1.98136180161185e+52
0.0242	0.0864	-6.12757145240232e+52
0.0264	0.0864	3.18058333153358e+53
0.0286	0.0864	-9.85338054007742e+53
0.0308	0.0864	4.83159231490416e+54
0.033	0.0864	-7.40290122877981e+54
0.0352	0.0864	8.31206621091072e+55
0.0374	0.0864	-5.0700277379455e+56
0.0396	0.0864	4.76492037575132e+56
0.0418	0.0864	-1.01796349703464e+58
0.044	0.0864	2.12900237082085e+58
0.0462	0.0864	-1.23334692583172e+59
0.0484	0.0864	6.10193074965972e+59
0.0506	0.0864	-5.64685623893632e+60
0.0528	0.0864	4.66850750963316e+61
0.055	0.0864	-3.56810606290791e+62
0.0572	0.0864	2.66997979628243e+63
0.0594	0.0864	-1.92349630408723e+64
0.0616	0.0864	1.28389827452265e+65
0.0638	0.0864	-7.13441979231772e+65
0.066	0.0864	1.78809149445963e+66
0.0682	0.0864	3.51186850498309e+67
0.0704	0.0864	-9.07731520834329e+68
0.0726	0.0864	1.52413826712434e+70
0.0748	0.0864	-2.23813562130635e+71
0.077	0.0864	-2.62635814250699e+71
0.0792	0.0864	-2.71951407202346e+71
0.0814	0.0864	-3.19885424652778e+71
0.0836	0.0864	-3.50833685175028e+71
0.0858	0.0864	-4.06042168672919e+71
0.088	0.0864	-7.76557887083544e+71
0.0902	0.0864	-4.50343073598025e+71
0.0924	0.0864	2.42724723080061e+70
0.0946	0.0864	2.18604392208322e+70
0.0968	0.0864	1.67094406818861e+70
0.099	0.0864	2.52092584287225e+68
0.1012	0.0864	1.25974281732586e+69
0.1034	0.0864	1.09712820930144e+69
0.1056	0.0864	9.87464915665467e+68
0.1078	0.0864	1.63056160107738e+69
0.11	0.0864	1.72045145181699e+69
0	0.0896	9.34468302592965e+47
0.0022	0.0896	-7.37269736398736e+47
0.0044	0.0896	2.584445868384e+47
0.0066	0.0896	1.64979396989227e+48
0.0088	0.0896	-9.94073776558826e+48
0.011	0.0896	5.00568273763151e+49
0.0132	0.0896	-1.12209927939157e+50
0.0154	0.0896	6.7499675248012e+50
0.0176	0.0896	-2.92239690322362e+51
0.0198	0.0896	5.4823594884013e+51
0.022	0.0896	-3.58931275104774e+52
0.0242	0.0896	1.34452624888779e+53
0.0264	0.0896	-3.74939961537467e+53
0.0286	0.0896	1.68159834757191e+54
0.0308	0.0896	-5.50571349031856e+54
0.033	0.0896	3.36918962700887e+55
0.0352	0.0896	-7.73671146042902e+55
0.0374	0.0896	1.39233401367205e+56
0.0396	0.0896	-2.32701095619353e+57
0.0418	0.0896	1.04623452550174e+57
0.044	0.0896	-3.23980281009495e+58
0.0462	0.0896	1.25781698399904e+59
0.0484	0.0896	-7.71431296557155e+59
0.0506	0.0896	6.80547739065587e+60
0.0528	0.0896	-5.4899492910933e+61
0.055	0.0896	4.5481784969993e+62
0.0572	0.0896	-3.84684078938024e+63
0.0594	0.0896	3.33959942687349e+64
0.0616	0.0896	-2.99406179264911e+65
0.0638	0.0896	2.7884566262061e+66
0.066	0.0896	-2.71003559995954e+67
0.0682	0.0896	2.75415803221905e+68
0.0704	0.0896	-2.92396755539769e+69
0.0726	0.0896	3.23062966953644e+70
0.0748	0.0896	-3.69414398568603e+71
0.077	0.0896	-4.26182589101793e+71
0.0792	0.0896	-4.40367906550666e+71
0.0814	0.0896	-4.98036150894364e+71
0.0836	0.0896	-5.18393772649435e+71
0.0858	0.0896	-5.7917095220398e+71
0.088	0.0896	-5.29554081379175e+71
0.0902	0.0896	-4.99854032359004e+71
0.0924	0.0896	-1.43064998996648e+71
0.0946	0.0896	3.83957417985558e+70
0.0968	0.0896	2.51428332709673e+69
0.099	0.0896	2.00538526482428e+69
0.1012	0.0896	-7.393509704646e+68
0.1034	0.0896	3.1696063609362e+68
0.1056	0.0896	1.53873889035225e+69
0.1078	0.0896	1.9632255952162e+69
0.11	0.0896	2.03448309506376e+69
0	0.0928	-1.10864725540964e+48
0.0022	0.0928	1.69727679920155e+48
0.0044	0.0928	-3.18651568855904e+48
0.0066	0.0928	6.50405972058525e+48
0.0088	0.0928	-1.44765966957589e+49
0.011	0.0928	4.14494485034516e+49
0.0132	0.0928	-2.16501143260551e+49
0.0154	0.0928	2.42762678447489e+50
0.0176	0.0928	-1.03247451854748e+51
0.0198	0.0928	-2.4303124781701e+51
0.022	0.0928	-5.93894282801568e+51
0.0242	0.0928	1.89829890875618e+52
0.0264	0.0928	7.17026779353582e+52
0.0286	0.0928	-1.24793960521649e+53
0.0308	0.0928	1.9743117511213e+54
0.033	0.0928	2.94928384349148e+54
0.0352	0.0928	5.6434515162982e+55
0.0374	0.0928	-4.3072041836795e+56
0.0396	0.0928	6.96509845776295e+54
0.0418	0.0928	-1.01685559486836e+58
0.044	0.0928	1.54000410157087e+58
0.0462	0.0928	-1.20524892289466e+59
0.0484	0.0928	6.45396550107534e+59
0.0506	0.0928	-5.2946892949078e+60
0.0528	0.0928	3.63343356526084e+61
0.055	0.0928	-2.79841763448923e+62
0.0572	0.0928	2.14384430659926e+63
0.0594	0.0928	-1.61729239010123e+64
0.0616	0.0928	1.18214688204314e+65
0.0638	0.0928	-8.08370556214894e+65
0.066	0.0928	4.70176991643057e+66
0.0682	0.0928	-1.44115845036222e+67
0.0704	0.0928	-1.92657273248172e+68
0.0726	0.0928	5.64065240970459e+69
0.0748	0.0928	-9.96880527869575e+70
0.077	0.0928	-1.08086506204436e+71
0.0792	0.0928	-1.08893494984955e+71
0.0814	0.0928	-1.17435757929094e+71
0.0836	0.0928	-1.19500541761156e+71
0.0858	0.0928	-1.2801017562613e+71
0.088	0.0928	-1.50159082553485e+71
0.0902	0.0928	-1.82713960436952e+71
0.0924	0.0928	-2.89797776791271e+68
0.0946	0.0928	1.76224836162147e+70
0.0968	0.0928	1.10557922505648e+70
0.099	0.0928	-1.24316325068403e+69
0.1012	0.0928	8.2037578317336e+68
0.1034	0.0928	1.50764680021531e+69
0.1056	0.0928	1.56982113007189e+69
0.1078	0.0928	2.1724739219928e+69
0.11	0.0928	2.17822439881683e+69
0	0.096	8.35925354224921e+47
0.0022	0.096	-1.35455963680916e+48
0.0044	0.096	2.99145158231251e+48
0.0066	0.096	-7.72963392710485e+48
0.0088	0.096	2.06941785758406e+49
0.011	0.096	-4.84650451974872e+49
0.0132	0.096	2.19305425167102e+50
0.0154	0.096	-3.74349700633132e+50
0.0176	0.096	5.80021585465763e+50
0.0198	0.096	-6.82923858391104e+51
0.022	0.096	4.24888207828566e+51
0.0242	0.096	-4.49072065642016e+51
0.0264	0.096	1.20704624605129e+53
0.0286	0.096	-1.6391096032115e+53
0.0308	0.096	1.59754901843041e+54
0.033	0.096	7.32336623450107e+54
0.0352	0.096	3.19223981392738e+55
0.0374	0.096	-2.8493406392498e+56
0.0396	0.096	-9.739351220399e+56
0.0418	0.096	-5.72303773356512e+57
0.044	0.096	-1.48343334842518e+58
0.0462	0.096	4.40968911866939e+58
0.0484	0.096	-4.57889989431728e+59
0.0506	0.096	2.76358425601973e+60
0.0528	0.096	-1.39602437061401e+61
0.055	0.096	8.88389836430744e+61
0.0572	0.096	-5.13468732278026e+62
0.0594	0.096	2.32922570366655e+63
0.0616	0.096	-2.45696408675783e+63
0.0638	0.096	-1.27284996676868e+65
0.066	0.096	2.3319562147157e+66
0.0682	0.096	-2.99386264077561e+67
0.0704	0.096	3.28186250719449e+68
0.0726	0.096	-3.18128920638388e+69
0.0748	0.096	2.63720671882457e+70
0.077	0.096	2.95527785893242e+70
0.0792	0.096	3.02074318758789e+70
0.0814	0.096	3.35259613915431e+70
0.0836	0.096	3.47126838270252e+70
0.0858	0.096	3.81636172374578e+70
0.088	0.096	4.46084598818772e+70
0.0902	0.096	5.43890944398986e+70
0.0924	0.096	1.02814983716649e+70
0.0946	0.096	6.4115071953504e+69
0.0968	0.096	4.31575733518271e+69
0.099	0.096	4.72675613356433e+68
0.1012	0.096	2.04817555147086e+68
0.1034	0.096	1.18774674765969e+69
0.1056	0.096	2.13472665978527e+69
0.1078	0.096	2.59157712554313e+69
0.11	0.096	2.52018911938431e+69
0	0.0992	-7.88802508604044e+47
0.0022	0.0992	1.57261161192998e+48
0.0044	0.0992	-3.56836669180426e+48
0.0066	0.0992	8.45480484391235e+48
0.0088	0.0992	-2.20896194083691e+49
0.011	0.0992	7.05965549452173e+49
0.0132	0.0992	-1.16658060684619e+50
0.0154	0.0992	6.3194332556935e+50
0.0176	0.0992	-2.39721131567444e+51
0.0198	0.0992	1.81521421609383e+51
0.022	0.0992	-2.26209941096409e+52
0.0242	0.0992	7.5640428185123e+52
0.0264	0.0992	-1.16311263373112e+53
0.0286	0.0992	6.09879924680854e+53
0.0308	0.0992	-7.7794670262514e+53
0.033	0.0992	1.45874762596617e+55
0.0352	0.0992	1.82997515677655e+55
0.0374	0.0992	-2.74465917342064e+56
0.0396	0.0992	-9.67854811416973e+56
0.0418	0.0992	-7.67340808591269e+57
0.044	0.0992	-6.38750850515989e+57
0.0462	0.0992	-3.73286406688467e+58
0.0484	0.0992	1.53720229272435e+59
0.0506	0.0992	-9.65923354282685e+59
0.0528	0.0992	1.39671095003622e+60
0.055	0.0992	4.25823032682417e+60
0.0572	0.0992	-1.50873892049496e+62
0.0594	0.0992	2.10078458564387e+63
0.0616	0.0992	-2.33699501942506e+64
0.0638	0.0992	2.31523254187479e+65
0.066	0.0992	-2.10758234256113e+66
0.0682	0.0992	1.76867978816879e+67
0.0704	0.0992	-1.3425250869803e+68
0.0726	0.0992	8.68479457515152e+68
0.0748	0.0992	-3.87053494083001e+69
0.077	0.0992	-4.61918402849241e+69
0.0792	0.0992	-4.83365830538812e+69
0.0814	0.0992	-5.63966870890633e+69
0.0836	0.0992	-6.01075378188429e+69
0.0858	0.0992	-6.87942975147271e+69
0.088	0.0992	-8.60547852459e+69
0.0902	0.0992	-1.11392200384158e+70
0.0924	0.0992	-2.14436949696873e+68
0.0946	0.0992	9.32736484822952e+68
0.0968	0.0992	1.47128586512685e+69
0.099	0.0992	1.6538029832529e+69
0.1012	0.0992	1.78320510066357e+69
0.1034	0.0992	2.37079989282961e+69
0.1056	0.0992	2.37441421474516e+69
0.1078	0.0992	2.89644763997911e+69
0.11	0.0992	2.72980644545015e+69
0	0.1024	2.16118419997319e+47
0.0022	0.1024	-1.1304688393984e+48
0.0044	0.1024	3.73725130065872e+48
0.0066	0.1024	-1.1740154043183e+49
0.0088	0.1024	3.5502925605164e+49
0.011	0.1024	-9.7940063052998e+49
0.0132	0.1024	3.95900164541551e+50
0.0154	0.1024	-9.14460812634795e+50
0.0176	0.1024	2.41756131314192e+51
0.0198	0.1024	-1.36572138395926e+52
0.022	0.1024	2.57988669886551e+52
0.0242	0.1024	-8.07530048789017e+52
0.0264	0.1024	4.01007489301116e+53
0.0286	0.1024	-1.20283540521287e+54
0.0308	0.1024	5.65090564646808e+54
0.033	0.1024	-7.32467840455154e+54
0.0352	0.1024	9.67140342235003e+55
0.0374	0.1024	-5.32638586499985e+56
0.0396	0.1024	-3.54660336512287e+56
0.0418	0.1024	-9.88538135055775e+57
0.044	0.1024	-9.73076065013978e+57
0.0462	0.1024	1.00015657253265e+57
0.0484	0.1024	-2.87529589277919e+59
0.0506	0.1024	-9.96021104363827e+58
0.0528	0.1024	2.63740752476024e+60
0.055	0.1024	-2.67378187847729e+61
0.0572	0.1024	2.48535370526814e+62
0.0594	0.1024	-2.18163189335398e+63
0.0616	0.1024	1.82436096876823e+64
0.0638	0.1024	-1.45636996361096e+65
0.066	0.1024	1.10763084494682e+66
0.0682	0.1024	-7.9930779292324e+66
0.0704	0.1024	5.46518082301307e+67
0.0726	0.1024	-3.60079931723388e+68
0.0748	0.1024	2.47399399382269e+69
0.077	0.1024	2.81108744710039e+69
0.0792	0.1024	2.90162130459919e+69
0.0814	0.1024	3.2598268388878e+69
0.0836	0.1024	3.41027132459712e+69
0.0858	0.1024	3.79415124394694e+69
0.088	0.1024	4.31069214456549e+69
0.0902	0.1024	5.13806129207304e+69
0.0924	0.1024	2.4790043372268e+69
0.0946	0.1024	2.32364999746526e+69
0.0968	0.1024	2.27194464267935e+69
0.099	0.1024	2.36210178417279e+69
0.1012	0.1024	2.42369572121986e+69
0.1034	0.1024	2.64253421803454e+69
0.1056	0.1024	3.00625267160065e+69
0.1078	0.1024	3.42998728191788e+69
0.11	0.1024	3.10831637228483e+69
0	0.1056	5.82578686062923e+47
0.0022	0.1056	-2.06155742277498e+47
0.0044	0.1056	-7.86981925624025e+47
0.0066	0.1056	3.47912253516063e+48
0.0088	0.1056	-1.32760095890502e+49
0.011	0.1056	5.86673815597622e+49
0.0132	0.1056	-1.03322629465217e+50
0.0154	0.1056	7.37314914580061e+50
0.0176	0.1056	-2.97786579628116e+51
0.0198	0.1056	3.84156927622248e+51
0.022	0.1056	-3.33224452358255e+52
0.0242	0.1056	1.155860119846e+53
0.0264	0.1056	-2.57917766467876e+53
0.0286	0.1056	1.21851238032256e+54
0.0308	0.1056	-3.23185627148431e+54
0.033	0.1056	2.59222675303527e+55
0.0352	0.1056	-2.11802622031454e+55
0.0374	0.1056	-9.56832176390285e+55
0.0396	0.1056	-2.13169019287561e+57
0.0418	0.1056	-4.5082865458289e+57
0.044	0.1056	-3.42224729861065e+58
0.0462	0.1056	6.18127643799067e+58
0.0484	0.1056	1.36891848263502e+58
0.0506	0.1056	3.02553429143868e+59
0.0528	0.1056	-2.77253251298504e+60
0.055	0.1056	2.25097091572831e+61
0.0572	0.1056	-1.75752399745041e+62
0.0594	0.1056	1.31739607235237e+63
0.0616	0.1056	-9.39233685280929e+63
0.0638	0.1056	6.24490853777022e+64
0.066	0.1056	-3.69974615189576e+65
0.0682	0.1056	1.69426055552143e+66
0.0704	0.1056	-1.44969436156679e+66
0.0726	0.1056	-1.04688150485312e+68
0.0748	0.1056	1.9924298225184e+69
0.077	0.1056	2.07981617086781e+69
0.0792	0.1056	2.08098738975424e+69
0.0814	0.1056	2.16217214383727e+69
0.0836	0.1056	2.16029297431254e+69
0.0858	0.1056	2.23488432628942e+69
0.088	0.1056	2.15115317567945e+69
0.0902	0.1056	2.11134391443823e+69
0.0924	0.1056	2.84684481179999e+69
0.0946	0.1056	3.07414823460715e+69
0.0968	0.1056	3.16759201154828e+69
0.099	0.1056	3.33871405363218e+69
0.1012	0.1056	3.41850498712216e+69
0.1034	0.1056	3.56322956550248e+69
0.1056	0.1056	3.58618019932212e+69
0.1078	0.1056	3.8417912692157e+69
0.11	0.1056	3.39800016149845e+69
0	0.1088	-6.21836445865285e+47
0.0022	0.1088	6.54801633654411e+47
0.0044	0.1088	-3.19215949016361e+47
0.0066	0.1088	-1.77398601025363e+48
0.0088	0.1088	8.54841409929153e+48
0.011	0.1088	-1.91440664885401e+49
0.0132	0.1088	1.71541605959036e+50
0.0154	0.1088	-1.67112436011103e+50
0.0176	0.1088	9.83820304739151e+49
0.0198	0.1088	-6.92220184448041e+51
0.022	0.1088	2.25297184364557e+51
0.0242	0.1088	-6.71867143790273e+51
0.0264	0.1088	1.71137019237539e+53
0.0286	0.1088	-3.66377895279307e+53
0.0308	0.1088	2.75188373300292e+54
0.033	0.1088	4.01546180125069e+54
0.0352	0.1088	6.49965760498133e+55
0.0374	0.1088	-4.14423722745947e+56
0.0396	0.1088	-1.15303030682749e+57
0.0418	0.1088	-9.09754160559879e+57
0.044	0.1088	8.27010074575041e+57
0.0462	0.1088	-1.46227934813004e+58
0.0484	0.1088	2.51222905066436e+58
0.0506	0.1088	-2.62393082898123e+59
0.0528	0.1088	2.06468902515684e+60
0.055	0.1088	-1.56230301259765e+61
0.0572	0.1088	1.1609168912786e+62
0.0594	0.1088	-8.49976725670236e+62
0.0616	0.1088	6.16638538305401e+63
0.0638	0.1088	-4.48332285526616e+64
0.066	0.1088	3.33464748621659e+65
0.0682	0.1088	-2.61804332174703e+66
0.0704	0.1088	2.24697948279402e+67
0.0726	0.1088	-2.15204092137635e+68
0.0748	0.1088	2.28200011630571e+69
0.077	0.1088	2.44782594678142e+69
0.0792	0.1088	2.47965359791053e+69
0.0814	0.1088	2.64851527708555e+69
0.0836	0.1088	2.69661717203817e+69
0.0858	0.1088	2.87011007670337e+69
0.088	0.1088	2.9548044897106e+69
0.0902	0.1088	3.16246688943766e+69
0.0924	0.1088	3.05349463166854e+69
0.0946	0.1088	3.19497653812686e+69
0.0968	0.1088	3.26388511031774e+69
0.099	0.1088	3.42589557035594e+69
0.1012	0.1088	3.51383618858634e+69
0.1034	0.1088	3.69029153275811e+69
0.1056	0.1088	3.80906976315589e+69
0.1078	0.1088	3.96647198806182e+69
0.11	0.1088	4.11135088972046e+69
0	0.112	6.24305326466274e+47
0.0022	0.112	-8.11487943019456e+47
0.0044	0.112	1.14992905813323e+48
0.0066	0.112	-2.16184198596141e+48
0.0088	0.112	2.71401762384471e+48
0.011	0.112	1.3572337177157e+49
0.0132	0.112	4.39972556152659e+49
0.0154	0.112	3.44706673132217e+50
0.0176	0.112	-1.70484484559029e+51
0.0198	0.112	-9.51179300680785e+50
0.022	0.112	-1.9558201981868e+52
0.0242	0.112	6.69601956769508e+52
0.0264	0.112	-7.65430204096024e+52
0.0286	0.112	5.68248769231523e+53
0.0308	0.112	-6.99139861343588e+53
0.033	0.112	1.73958187767938e+55
0.0352	0.112	2.05021352538332e+55
0.0374	0.112	-2.46182999978549e+56
0.0396	0.112	-1.95778472134805e+57
0.0418	0.112	2.00931531012729e+57
0.044	0.112	-2.10645429384032e+57
0.0462	0.112	5.09215166078484e+57
0.0484	0.112	-2.26892936462799e+58
0.0506	0.112	1.80392837748661e+59
0.0528	0.112	-1.34284797089573e+60
0.055	0.112	9.83967710497292e+60
0.0572	0.112	-7.15258393698517e+61
0.0594	0.112	5.17440614160515e+62
0.0616	0.112	-3.73997800191074e+63
0.0638	0.112	2.71255374969895e+64
0.066	0.112	-1.98053814656854e+65
0.0682	0.112	1.45386965678859e+66
0.0704	0.112	-1.06039576139058e+67
0.0726	0.112	7.42351968856571e+67
0.0748	0.112	-4.52952229902224e+68
0.077	0.112	-4.99876210580028e+68
0.0792	0.112	-5.11627519534398e+68
0.0814	0.112	-5.60162688021089e+68
0.0836	0.112	-5.77370612937199e+68
0.0858	0.112	-6.28110541754337e+68
0.088	0.112	-6.56147069508433e+68
0.0902	0.112	-7.16995425201039e+68
0.0924	0.112	-6.96878587550415e+68
0.0946	0.112	-7.41276333901704e+68
0.0968	0.112	-7.6798263902869e+68
0.099	0.112	-8.1902524827806e+68
0.1012	0.112	-8.5227340047747e+68
0.1034	0.112	-9.086585216569e+68
0.1056	0.112	-9.51728838919224e+68
0.1078	0.112	-1.00514833199485e+69
0.11	0.112	-1.05695370282283e+69
0	0.1152	-4.47077465601091e+47
0.0022	0.1152	8.73212127081209e+47
0.0044	0.1152	-1.40090075130483e+48
0.0066	0.1152	1.42215195817643e+48
0.0088	0.1152	-1.25544014530518e+48
0.011	0.1152	1.26392729709881e+49
0.0132	0.1152	8.55090560787419e+49
0.0154	0.1152	1.70084154261771e+50
0.0176	0.1152	-9.29880860385356e+50
0.0198	0.1152	-4.35266757158948e+51
0.022	0.1152	-8.0648193394777e+51
0.0242	0.1152	2.37909260187742e+52
0.0264	0.1152	8.69446667938316e+52
0.0286	0.1152	-4.88206726540907e+52
0.0308	0.1152	1.72529963784143e+54
0.033	0.1152	8.70312582410478e+54
0.0352	0.1152	5.79069717267648e+55
0.0374	0.1152	-3.7983870275437e+56
0.0396	0.1152	4.26802878045742e+56
0.0418	0.1152	-4.51354411037947e+56
0.044	0.1152	6.431887470493e+56
0.0462	0.1152	-2.41787751505682e+57
0.0484	0.1152	1.48262173945953e+58
0.0506	0.1152	-1.09023518199663e+59
0.0528	0.1152	7.83657578853477e+59
0.055	0.1152	-5.57790723654616e+60
0.0572	0.1152	3.9408075982118e+61
0.0594	0.1152	-2.76435252848743e+62
0.0616	0.1152	1.92404656204409e+63
0.0638	0.1152	-1.32549421441358e+64
0.066	0.1152	8.98430962939424e+64
0.0682	0.1152	-5.91769015494583e+65
0.0704	0.1152	3.69573785045842e+66
0.0726	0.1152	-2.07865425642382e+67
0.0748	0.1152	9.21516374442102e+67
0.077	0.1152	1.05162057625705e+68
0.0792	0.1152	1.08953753901514e+68
0.0814	0.1152	1.22592549293142e+68
0.0836	0.1152	1.28113362573318e+68
0.0858	0.1152	1.42584591275766e+68
0.088	0.1152	1.51263137519481e+68
0.0902	0.1152	1.6868814258358e+68
0.0924	0.1152	1.65370720198608e+68
0.0946	0.1152	1.78726506630245e+68
0.0968	0.1152	1.87790630345053e+68
0.099	0.1152	2.03235194058484e+68
0.1012	0.1152	2.14433051892576e+68
0.1034	0.1152	2.31704810155207e+68
0.1056	0.1152	2.4595406647519e+68
0.1078	0.1152	2.62996640692628e+68
0.11	0.1152	2.80063317982662e+68
0	0.1184	2.7975011397434e+47
0.0022	0.1184	-6.30558614587648e+47
0.0044	0.1184	1.57877438067335e+48
0.0066	0.1184	-4.48251558417568e+48
0.0088	0.1184	1.0359657818075e+49
0.011	0.1184	-9.08533049751528e+48
0.0132	0.1184	1.30421694805716e+50
0.0154	0.1184	1.37029655996886e+50
0.0176	0.1184	-9.68384046592824e+50
0.0198	0.1184	-4.16540957425434e+51
0.022	0.1184	-1.09710952306761e+52
0.0242	0.1184	3.46018101895979e+52
0.0264	0.1184	5.1834503802859e+52
0.0286	0.1184	1.14031019141467e+53
0.0308	0.1184	1.1082420687914e+54
0.033	0.1184	1.16953739416693e+55
0.0352	0.1184	-1.76185042072238e+55
0.0374	0.1184	7.73746937042876e+55
0.0396	0.1184	-9.19669085493692e+55
0.0418	0.1184	1.10761831492637e+56
0.044	0.1184	-2.45009290705048e+56
0.0462	0.1184	1.26422605762138e+57
0.0484	0.1184	-8.43204790991836e+57
0.0506	0.1184	5.94237221389046e+58
0.0528	0.1184	-4.13237475201439e+59
0.055	0.1184	2.84367436474702e+60
0.0572	0.1184	-1.93525161360269e+61
0.0594	0.1184	1.29966337726505e+62
0.0616	0.1184	-8.58099325878474e+62
0.0638	0.1184	5.53548124208993e+63
0.066	0.1184	-3.45317791117582e+64
0.0682	0.1184	2.04767364985316e+65
0.0704	0.1184	-1.12000386421221e+66
0.0726	0.1184	5.33099941334915e+66
0.0748	0.1184	-1.92017194142586e+67
0.077	0.1184	-2.27617944122526e+67
0.0792	0.1184	-2.39087022590734e+67
0.0814	0.1184	-2.76856806581545e+67
0.0836	0.1184	-2.93611471837499e+67
0.0858	0.1184	-3.34217646356636e+67
0.088	0.1184	-3.6007457559596e+67
0.0902	0.1184	-4.0922412868181e+67
0.0924	0.1184	-4.05151554134708e+67
0.0946	0.1184	-4.44285652798341e+67
0.0968	0.1184	-4.73071650820797e+67
0.099	0.1184	-5.18624161589187e+67
0.1012	0.1184	-5.54127304602114e+67
0.1034	0.1184	-6.05629869455843e+67
0.1056	0.1184	-6.50428245614289e+67
0.1078	0.1184	-7.02805231485585e+67
0.11	0.1184	-7.56443425675018e+67
0	0.1216	-9.02552677576221e+46
0.0022	0.1216	4.55620483938119e+47
0.0044	0.1216	-9.35901446436079e+47
0.0066	0.1216	9.05148465683991e+47
0.0088	0.1216	-1.74511168676683e+48
0.011	0.1216	1.93300025519673e+49
0.0132	0.1216	7.30811952087573e+49
0.0154	0.1216	2.98819741831527e+50
0.0176	0.1216	-1.30957977644171e+51
0.0198	0.1216	-3.84972975440235e+51
0.022	0.1216	-1.21724055277348e+52
0.0242	0.1216	3.44165009994308e+52
0.0264	0.1216	6.70604257644541e+52
0.0286	0.1216	5.34792528428306e+52
0.0308	0.1216	1.42543558521741e+54
0.033	0.1216	-2.63899717979585e+54
0.0352	0.1216	4.63416704909618e+54
0.0374	0.1216	-1.59949505060941e+55
0.0396	0.1216	2.05141228331431e+55
0.0418	0.1216	-3.15981413905347e+55
0.044	0.1216	1.08011661364158e+56
0.0462	0.1216	-6.47913254016717e+56
0.0484	0.1216	4.35124452291391e+57
0.0506	0.1216	-2.95990595544299e+58
0.0528	0.1216	1.98791215074707e+59
0.055	0.1216	-1.31721252877646e+60
0.0572	0.1216	8.5906242887359e+60
0.0594	0.1216	-5.49350959250675e+61
0.0616	0.1216	3.42528424937009e+62
0.0638	0.1216	-2.0651728891139e+63
0.066	0.1216	1.18898797694497e+64
0.0682	0.1216	-6.40967616694752e+64
0.0704	0.1216	3.13183545842835e+65
0.0726	0.1216	-1.30674800686246e+66
0.0748	0.1216	4.09076231921119e+66
0.077	0.1216	5.05621294500677e+66
0.0792	0.1216	5.39066368130512e+66
0.0814	0.1216	6.42622562007994e+66
0.0836	0.1216	6.9182869614943e+66
0.0858	0.1216	8.04504712392153e+66
0.088	0.1216	8.7970521740738e+66
0.0902	0.1216	1.01688151942968e+67
0.0924	0.1216	1.0173223690901e+67
0.0946	0.1216	1.12997906692514e+67
0.0968	0.1216	1.21786927612125e+67
0.099	0.1216	1.34989746159794e+67
0.1012	0.1216	1.45840095700412e+67
0.1034	0.1216	1.60916367912372e+67
0.1056	0.1216	1.74554079131326e+67
0.1078	0.1216	1.90255486035555e+67
0.11	0.1216	2.0660830664286e+67
0	0.1248	5.80453421568098e+46
0.0022	0.1248	-2.87946654600583e+47
0.0044	0.1248	1.23601638704238e+48
0.0066	0.1248	-4.28279605761304e+48
0.0088	0.1248	1.00829904303552e+49
0.011	0.1248	-7.38175171281841e+48
0.0132	0.1248	1.43747793625376e+50
0.0154	0.1248	1.70102535436803e+50
0.0176	0.1248	-9.87325958083279e+50
0.0198	0.1248	-4.97449107974335e+51
0.022	0.1248	-1.06494284693903e+52
0.0242	0.1248	2.9722278314846e+52
0.0264	0.1248	8.63337591159793e+52
0.0286	0.1248	6.42619838890768e+51
0.0308	0.1248	-3.0645981618261e+53
0.033	0.1248	5.94450694025133e+53
0.0352	0.1248	-1.1490726717446e+54
0.0374	0.1248	3.38282855616328e+54
0.0396	0.1248	-4.91327409864137e+54
0.0418	0.1248	1.07299301705735e+55
0.044	0.1248	-4.98109046251335e+55
0.0462	0.1248	3.1434446787301e+56
0.0484	0.1248	-2.07305176312615e+57
0.0506	0.1248	1.36255221781702e+58
0.0528	0.1248	-8.82440335165899e+58
0.055	0.1248	5.61839087151175e+59
0.0572	0.1248	-3.50451510305217e+60
0.0594	0.1248	2.13116156603453e+61
0.0616	0.1248	-1.25498956169931e+62
0.0638	0.1248	7.08849577181263e+62
0.066	0.1248	-3.78749129286562e+63
0.0682	0.1248	1.87492966731219e+64
0.0704	0.1248	-8.31828054104635e+64
0.0726	0.1248	3.12303051712234e+65
0.0748	0.1248	-8.88733454372061e+65
0.077	0.1248	-1.14889486158399e+66
0.0792	0.1248	-1.2442196149336e+66
0.0814	0.1248	-1.52613515625762e+66
0.0836	0.1248	-1.66761710083021e+66
0.0858	0.1248	-1.97778422343757e+66
0.088	0.1248	-2.1929382849957e+66
0.0902	0.1248	-2.57286275500174e+66
0.0924	0.1248	-2.60111752599184e+66
0.0946	0.1248	-2.92136697736253e+66
0.0968	0.1248	-3.18288498204424e+66
0.099	0.1248	-3.56076156840169e+66
0.1012	0.1248	-3.88433390793721e+66
0.1034	0.1248	-4.31977138225625e+66
0.1056	0.1248	-4.72586647327775e+66
0.1078	0.1248	-5.18829911262654e+66
0.11	0.1248	-5.67639611158694e+66
0	0.128	8.41255484085099e+46
0.0022	0.128	1.31921433311903e+47
0.0044	0.128	-3.91425353873292e+47
0.0066	0.128	8.77855692237615e+46
0.0088	0.128	-1.48367434226335e+48
0.011	0.128	2.33445582568185e+49
0.0132	0.128	7.33472827283064e+49
0.0154	0.128	3.93201393361684e+50
0.0176	0.128	-1.54611306116891e+51
0.0198	0.128	-3.91085122880497e+51
0.022	0.128	-1.46462002456256e+52
0.0242	0.128	3.91219722250839e+52
0.0264	0.128	-1.88515564783432e+52
0.0286	0.128	-5.10819275773118e+51
0.0308	0.128	6.67773326151639e+52
0.033	0.128	-1.35143665708828e+53
0.0352	0.128	2.77362647624067e+53
0.0374	0.128	-7.44376231755561e+53
0.0396	0.128	1.32032656701668e+54
0.0418	0.128	-4.14508661911145e+54
0.044	0.128	2.26517893841372e+55
0.0462	0.128	-1.43636476068472e+56
0.0484	0.128	9.22207566891724e+56
0.0506	0.128	-5.85647821549371e+57
0.0528	0.128	3.65500701704181e+58
0.055	0.128	-2.23474082055625e+59
0.0572	0.128	1.33302651475306e+60
0.0594	0.128	-7.71435059800684e+60
0.0616	0.128	4.2988340146111e+61
0.0638	0.128	-2.28308615393345e+62
0.066	0.128	1.13895924395192e+63
0.0682	0.128	-5.22492918285937e+63
0.0704	0.128	2.1334518086797e+64
0.0726	0.128	-7.35529034017132e+64
0.0748	0.128	1.96270676344979e+65
0.077	0.128	2.66051604383783e+65
0.0792	0.128	2.92809176997264e+65
0.0814	0.128	3.69154792542671e+65
0.0836	0.128	4.09246486252472e+65
0.0858	0.128	4.94120836173405e+65
0.088	0.128	5.54960990518337e+65
0.0902	0.128	6.59575924993678e+65
0.0924	0.128	6.73663592210575e+65
0.0946	0.128	7.63852339546382e+65
0.0968	0.128	8.40273302304855e+65
0.099	0.128	9.47404222702982e+65
0.1012	0.128	1.04222923556154e+66
0.1034	0.128	1.16671960517532e+66
0.1056	0.128	1.28571999340885e+66
0.1078	0.128	1.42012619473874e+66
0.11	0.128	1.56355898766022e+66
0	0.1312	-1.54469490783205e+45
0.0022	0.1312	-6.46077479909134e+46
0.0044	0.1312	8.55937339081447e+47
0.0066	0.1312	-3.4346068446011e+48
0.0088	0.1312	7.34748772666494e+48
0.011	0.1312	1.37294842601891e+48
0.0132	0.1312	1.40417483371306e+50
0.0154	0.1312	2.60846490264834e+50
0.0176	0.1312	-1.15334129634335e+51
0.0198	0.1312	-5.41444368486359e+51
0.022	0.1312	3.76013140414021e+51
0.0242	0.1312	-7.65831369282939e+51
0.0264	0.1312	3.79144007824665e+51
0.0286	0.1312	1.8322441597198e+51
0.0308	0.1312	-1.47341854372089e+52
0.033	0.1312	3.0999866810587e+52
0.0352	0.1312	-6.67648933276409e+52
0.0374	0.1312	1.75165584015318e+53
0.0396	0.1312	-4.07202306988145e+53
0.0418	0.1312	1.69668508580107e+54
0.044	0.1312	-9.92637359313166e+54
0.0462	0.1312	6.20248378061116e+55
0.0484	0.1312	-3.86505352346633e+56
0.0506	0.1312	2.37171764029321e+57
0.0528	0.1312	-1.42645757288912e+58
0.055	0.1312	8.37848245763003e+58
0.0572	0.1312	-4.78364159222103e+59
0.0594	0.1312	2.63880946604666e+60
0.0616	0.1312	-1.39524027248457e+61
0.0638	0.1312	6.99556129018182e+61
0.066	0.1312	-3.27716391775824e+62
0.0682	0.1312	1.40448940736443e+63
0.0704	0.1312	-5.33825312668755e+63
0.0726	0.1312	1.71755981495056e+64
0.0748	0.1312	-4.39047246934101e+64
0.077	0.1312	-6.25559898987599e+64
0.0792	0.1312	-6.99867392708966e+64
0.0814	0.1312	-9.05796712271396e+64
0.0836	0.1312	-1.01821674878607e+65
0.0858	0.1312	-1.24941097120466e+65
0.088	0.1312	-1.41995665752279e+65
0.0902	0.1312	-1.70672412046713e+65
0.0924	0.1312	-1.76027853452148e+65
0.0946	0.1312	-2.01244405310035e+65
0.0968	0.1312	-2.23280847096892e+65
0.099	0.1312	-2.5342991720921e+65
0.1012	0.1312	-2.80859990640482e+65
0.1034	0.1312	-3.16168660464579e+65
0.1056	0.1312	-3.50618851511531e+65
0.1078	0.1312	-3.89286382753582e+65
0.11	0.1312	-4.30935540123099e+65
0	0.1344	1.47548825174136e+47
0.0022	0.1344	-1.98716180478417e+46
0.0044	0.1344	-1.45188241692301e+46
0.0066	0.1344	-3.38332321056794e+47
0.0088	0.1344	-2.08824932680555e+48
0.011	0.1344	2.81512816486871e+49
0.0132	0.1344	7.86360011660585e+49
0.0154	0.1344	4.75078869040418e+50
0.0176	0.1344	-1.70054851709609e+51
0.0198	0.1344	1.21167478058067e+51
0.022	0.1344	-8.87191740990146e+50
0.0242	0.1344	1.50939873571521e+51
0.0264	0.1344	-7.46600153359702e+50
0.0286	0.1344	-5.43022250763504e+50
0.0308	0.1344	3.29300944824695e+51
0.033	0.1344	-7.20574733870217e+51
0.0352	0.1344	1.64263770142323e+52
0.0374	0.1344	-4.5491824885123e+52
0.0396	0.1344	1.4106990732987e+53
0.0418	0.1344	-6.9924566331768e+53
0.044	0.1344	4.16668074295257e+54
0.0462	0.1344	-2.54473316307178e+55
0.0484	0.1344	1.53760193734279e+56
0.0506	0.1344	-9.12040293564273e+56
0.0528	0.1344	5.28925697407436e+57
0.055	0.1344	-2.98717433005532e+58
0.0572	0.1344	1.63471923830831e+59
0.0594	0.1344	-8.61336106792054e+59
0.0616	0.1344	4.33368504547456e+60
0.0638	0.1344	-2.05943285066145e+61
0.066	0.1344	9.1079231858532e+61
0.0682	0.1344	-3.67263083330441e+62
0.0704	0.1344	1.31191046764552e+63
0.0726	0.1344	-3.99045800705256e+63
0.0748	0.1344	9.91100222230435e+63
0.077	0.1344	1.48826556662658e+64
0.0792	0.1344	1.69301389818788e+64
0.0814	0.1344	2.24674884618119e+64
0.0836	0.1344	2.55951174608112e+64
0.0858	0.1344	3.18702054122216e+64
0.088	0.1344	3.66188889721721e+64
0.0902	0.1344	4.44514502761137e+64
0.0924	0.1344	4.62722315534913e+64
0.0946	0.1344	5.32825998964622e+64
0.0968	0.1344	5.95725658235446e+64
0.099	0.1344	6.80072618524478e+64
0.1012	0.1344	7.5862662504436e+64
0.1034	0.1344	8.58130584016745e+64
0.1056	0.1344	9.56918433237512e+64
0.1078	0.1344	1.06725844068538e+65
0.11	0.1344	1.18706195893067e+65
0	0.1376	-1.9571635511662e+46
0.0022	0.1376	1.2534582421377e+47
0.0044	0.1376	4.64058463716938e+47
0.0066	0.1376	-2.14082166784362e+48
0.0088	0.1376	3.12850038589683e+48
0.011	0.1376	1.32481438337767e+49
0.0132	0.1376	1.34062894789594e+50
0.0154	0.1376	-1.25563642614043e+50
0.0176	0.1376	3.3831372369161e+50
0.0198	0.1376	-2.59661641500615e+50
0.022	0.1376	2.02763781085817e+50
0.0242	0.1376	-2.99117204786426e+50
0.0264	0.1376	1.43817090679719e+50
0.0286	0.1376	1.48418212782921e+50
0.0308	0.1376	-7.47257706275963e+50
0.033	0.1376	1.71346575451898e+51
0.0352	0.1376	-4.24155300878615e+51
0.0374	0.1376	1.3261009516104e+52
0.0396	0.1376	-5.23054500032002e+52
0.0418	0.1376	2.82849520874785e+53
0.044	0.1376	-1.67634180877442e+54
0.0462	0.1376	9.97360267222178e+54
0.0484	0.1376	-5.84316462917415e+55
0.0506	0.1376	3.35237468501097e+56
0.0528	0.1376	-1.87625243522396e+57
0.055	0.1376	1.02008431942943e+58
0.0572	0.1376	-5.3594257049676e+58
0.0594	0.1376	2.70319710994882e+59
0.0616	0.1376	-1.29793954120741e+60
0.0638	0.1376	5.86790582556827e+60
0.066	0.1376	-2.46177193264871e+61
0.0682	0.1376	9.39854555097317e+61
0.0704	0.1376	-3.18101555679024e+62
0.0726	0.1376	9.24088379252864e+62
0.0748	0.1376	-2.24915370310003e+63
0.077	0.1376	-3.5715381568142e+63
0.0792	0.1376	-4.13238746298565e+63
0.0814	0.1376	-5.6176648602131e+63
0.0836	0.1376	-6.48252940047292e+63
0.0858	0.1376	-8.18080974593201e+63
0.088	0.1376	-9.49602771130946e+63
0.0902	0.1376	-1.16291019473684e+64
0.0924	0.1376	-1.22116277527396e+64
0.0946	0.1376	-1.41515662685354e+64
0.0968	0.1376	-1.5932594750792e+64
0.099	0.1376	-1.82809773587598e+64
0.1012	0.1376	-2.05127145428828e+64
0.1034	0.1376	-2.33021043360342e+64
0.1056	0.1376	-2.61133332768795e+64
0.1078	0.1376	-2.92410887131658e+64
0.11	0.1376	-3.26610332118113e+64
0	0.1408	1.93813541035031e+47
0.0022	0.1408	-8.64849834899129e+46
0.0044	0.1408	3.04782378542635e+47
0.0066	0.1408	-4.65716890563457e+47
0.0088	0.1408	-2.76770325708651e+48
0.011	0.1408	2.89851141645247e+49
0.0132	0.1408	-2.94670416071754e+49
0.0154	0.1408	3.02871582950775e+49
0.0176	0.1408	-6.79263960511911e+49
0.0198	0.1408	5.54702506481106e+49
0.022	0.1408	-4.53657354402838e+49
0.0242	0.1408	5.95050295750921e+49
0.0264	0.1408	-2.69836514420531e+49
0.0286	0.1408	-3.90277851598469e+49
0.0308	0.1408	1.73117512010682e+50
0.033	0.1408	-4.22893689815073e+50
0.0352	0.1408	1.17566482116284e+51
0.0374	0.1408	-4.2831578116738e+51
0.0396	0.1408	1.98680582049413e+52
0.0418	0.1408	-1.11184246509883e+53
0.044	0.1408	6.48235333108309e+53
0.0462	0.1408	-3.75268293237144e+54
0.0484	0.1408	2.13257823319273e+55
0.0506	0.1408	-1.18437591001854e+56
0.0528	0.1408	6.40376096229995e+56
0.055	0.1408	-3.35614427746441e+57
0.0572	0.1408	1.69578146537274e+58
0.0594	0.1408	-8.20558960725601e+58
0.0616	0.1408	3.77031623452604e+59
0.0638	0.1408	-1.62724037473868e+60
0.066	0.1408	6.50433402353412e+60
0.0682	0.1408	-2.36403352545016e+61
0.0704	0.1408	7.63315748542666e+61
0.0726	0.1408	-2.13424820452683e+62
0.0748	0.1408	5.1109299687997e+62
0.077	0.1408	8.6221269692933e+62
0.0792	0.1408	1.0151406092324e+63
0.0814	0.1408	1.41273036836328e+63
0.0836	0.1408	1.65073807359242e+63
0.0858	0.1408	2.10927216280972e+63
0.088	0.1408	2.47197914379371e+63
0.0902	0.1408	3.05148118559526e+63
0.0924	0.1408	3.23088905472391e+63
0.0946	0.1408	3.76567192788256e+63
0.0968	0.1408	4.26672354951484e+63
0.099	0.1408	4.9179382353575e+63
0.1012	0.1408	5.54788026270924e+63
0.1034	0.1408	6.3263885551744e+63
0.1056	0.1408	7.1213874787348e+63
0.1078	0.1408	8.0031180208934e+63
0.11	0.1408	8.97325586259753e+63
0	0.144	-2.13036838286162e+47
0.0022	0.144	5.72639546121785e+47
0.0044	0.144	-3.64039168536601e+47
0.0066	0.144	4.86407263847351e+47
0.0088	0.144	8.70152227782806e+47
0.011	0.144	-5.82708988704088e+48
0.0132	0.144	6.31214443948738e+48
0.0154	0.144	-7.03791485858536e+48
0.0176	0.144	1.3757995053089e+49
0.0198	0.144	-1.182027247814e+49
0.022	0.144	9.99303541668793e+48
0.0242	0.144	-1.18634231224705e+49
0.0264	0.144	4.88086063242684e+48
0.0286	0.144	1.01103740320461e+49
0.0308	0.144	-4.13235196238232e+49
0.033	0.144	1.10151966390629e+50
0.0352	0.144	-3.52784206558867e+50
0.0374	0.144	1.48074462037943e+51
0.0396	0.144	-7.52535184700112e+51
0.0418	0.144	4.23597235278133e+52
0.044	0.144	-2.41750840775568e+53
0.0462	0.144	1.36145442156674e+54
0.0484	0.144	-7.50935623397275e+54
0.0506	0.144	4.04071009929334e+55
0.0528	0.144	-2.1129865092089e+56
0.055	0.144	1.06897636245907e+57
0.0572	0.144	-5.20347179112574e+57
0.0594	0.144	2.42066864402702e+58
0.0616	0.144	-1.06715067967459e+59
0.0638	0.144	4.41094601590453e+59
0.066	0.144	-1.68643510684269e+60
0.0682	0.144	5.86317122237494e+60
0.0704	0.144	-1.81622752754783e+61
0.0726	0.144	4.91459035056194e+61
0.0748	0.144	-1.15819182798163e+62
0.077	0.144	-2.08913229783508e+62
0.0792	0.144	-2.50461137370037e+62
0.0814	0.144	-3.56711322748394e+62
0.0836	0.144	-4.21954943976491e+62
0.0858	0.144	-5.4551445515692e+62
0.088	0.144	-6.45187056882886e+62
0.0902	0.144	-8.02301674246871e+62
0.0924	0.144	-8.56141829325432e+62
0.0946	0.144	-1.00309385975887e+63
0.0968	0.144	-1.14330504658306e+63
0.099	0.144	-1.32327659933359e+63
0.1012	0.144	-1.50013554784798e+63
0.1034	0.144	-1.71660286199773e+63
0.1056	0.144	-1.94025137052431e+63
0.1078	0.144	-2.18766102460462e+63
0.11	0.144	-2.46141030546896e+63
0	0.1472	1.86060282945328e+47
0.0022	0.1472	-1.02364483016378e+47
0.0044	0.1472	5.16061547641177e+47
0.0066	0.1472	-7.30994551259012e+46
0.0088	0.1472	-2.36847895843367e+47
0.011	0.1472	1.19050451325665e+48
0.0132	0.1472	-1.35573789342163e+48
0.0154	0.1472	1.59673722952853e+48
0.0176	0.1472	-2.8079354927261e+48
0.0198	0.1472	2.51360388943982e+48
0.022	0.1472	-2.17507515309528e+48
0.0242	0.1472	2.36576335216156e+48
0.0264	0.1472	-8.31257055897252e+47
0.0286	0.1472	-2.62621329314604e+48
0.0308	0.1472	1.02891644021625e+49
0.033	0.1472	-3.06684534779696e+49
0.0352	0.1472	1.13459577819037e+50
0.0374	0.1472	-5.28797063031642e+50
0.0396	0.1472	2.80458852273104e+51
0.0418	0.1472	-1.56508289732899e+52
0.044	0.1472	8.7245355515895e+52
0.0462	0.1472	-4.78088368371575e+53
0.0484	0.1472	2.56129395392724e+54
0.0506	0.1472	-1.33657744446618e+55
0.0528	0.1472	6.7674367043011e+55
0.055	0.1472	-3.30951428160351e+56
0.0572	0.1472	1.55458007112851e+57
0.0594	0.1472	-6.96680907995811e+57
0.0616	0.1472	2.95393039526659e+58
0.0638	0.1472	-1.17274369198048e+59
0.066	0.1472	4.30367502158794e+59
0.0682	0.1472	-1.43709531598418e+60
0.0704	0.1472	4.2896404126186e+60
0.0726	0.1472	-1.12690636220728e+61
0.0748	0.1472	2.60344482433118e+61
0.077	0.1472	5.06873555410666e+61
0.0792	0.1472	6.19425299657394e+61
0.0814	0.1472	9.02966965507865e+61
0.0836	0.1472	1.08125234626664e+62
0.0858	0.1472	1.41366386182679e+62
0.088	0.1472	1.68676913423359e+62
0.0902	0.1472	2.11202011706796e+62
0.0924	0.1472	2.2706057236658e+62
0.0946	0.1472	2.67333033981832e+62
0.0968	0.1472	3.06396823983448e+62
0.099	0.1472	3.55992446385627e+62
0.1012	0.1472	4.05425607482571e+62
0.1034	0.1472	4.65425078233616e+62
0.1056	0.1472	5.2806684230214e+62
0.1078	0.1472	5.97217948243889e+62
0.11	0.1472	6.7412056531493e+62
0	0.1504	-5.00274282694741e+46
0.0022	0.1504	9.23944929472664e+46
0.0044	0.1504	-1.03957728762601e+47
0.0066	0.1504	9.7785500724163e+45
0.0088	0.1504	5.99362922833245e+46
0.011	0.1504	-2.4533133323315e+47
0.0132	0.1504	2.91618513448487e+47
0.0154	0.1504	-3.56373223607996e+47
0.0176	0.1504	5.76870033390764e+47
0.0198	0.1504	-5.33605802166118e+47
0.022	0.1504	4.6892159487068e+47
0.0242	0.1504	-4.70725640169543e+47
0.0264	0.1504	1.25220783757386e+47
0.0286	0.1504	6.94963944045741e+47
0.0308	0.1504	-2.70725166064404e+48
0.033	0.1504	9.15207970110132e+48
0.0352	0.1504	-3.82972692163017e+49
0.0374	0.1504	1.90412577621114e+50
0.0396	0.1504	-1.02374492070669e+51
0.0418	0.1504	5.62237605708378e+51
0.044	0.1504	-3.05862376929381e+52
0.0462	0.1504	1.63149879200513e+53
0.0484	0.1504	-8.49554383526896e+53
0.0506	0.1504	4.30316923640314e+54
0.0528	0.1504	-2.11190829092888e+55
0.055	0.1504	9.99644155214876e+55
0.0572	0.1504	-4.53828211662216e+56
0.0594	0.1504	1.96288403814748e+57
0.0616	0.1504	-8.02216991827305e+57
0.0638	0.1504	3.06703892309955e+58
0.066	0.1504	-1.08359248752167e+59
0.0682	0.1504	3.48699841992683e+59
0.0704	0.1504	-1.00612993206389e+60
0.0726	0.1504	2.56851051659196e+60
0.0748	0.1504	-5.7757964529847e+60
0.077	0.1504	-1.22995411286382e+61
0.0792	0.1504	-1.53427075151032e+61
0.0814	0.1504	-2.29032836463668e+61
0.0836	0.1504	-2.77640770409077e+61
0.0858	0.1504	-3.66972962398416e+61
0.088	0.1504	-4.41647168069323e+61
0.0902	0.1504	-5.56611796116265e+61
0.0924	0.1504	-6.0268878625316e+61
0.0946	0.1504	-7.12845878697942e+61
0.0968	0.1504	-8.21323634789872e+61
0.099	0.1504	-9.57709171943554e+61
0.1012	0.1504	-1.09540962051325e+62
0.1034	0.1504	-1.26132047988329e+62
0.1056	0.1504	-1.43618564499662e+62
0.1078	0.1504	-1.62888800382317e+62
0.11	0.1504	-1.84419025394241e+62
0	0.1536	1.78099058163898e+46
0.0022	0.1536	-1.72765017580612e+46
0.0044	0.1536	2.00237233828778e+46
0.0066	0.1536	-7.70289811844621e+44
0.0088	0.1536	-1.46148514013573e+46
0.011	0.1536	5.1000794769385e+46
0.0132	0.1536	-6.28861313266314e+46
0.0154	0.1536	7.87662900992937e+46
0.0176	0.1536	-1.19366415838028e+47
0.0198	0.1536	1.13295282899561e+47
0.022	0.1536	-1.0044303318293e+47
0.0242	0.1536	9.32216586407721e+46
0.0264	0.1536	-1.2945240831765e+46
0.0286	0.1536	-1.90993512165652e+47
0.0308	0.1536	7.63737892193464e+47
0.033	0.1536	-2.92192214240915e+48
0.0352	0.1536	1.33843783917615e+49
0.0374	0.1536	-6.87780779756301e+49
0.0396	0.1536	3.68655525654582e+50
0.0418	0.1536	-1.9841803332443e+51
0.044	0.1536	1.05252215518119e+52
0.0462	0.1536	-5.46442768235782e+52
0.0484	0.1536	2.76608044553223e+53
0.0506	0.1536	-1.36039955883426e+54
0.0528	0.1536	6.4749477604397e+54
0.055	0.1536	-2.96865627355368e+55
0.0572	0.1536	1.30387389299952e+56
0.0594	0.1536	-5.44975608948507e+56
0.0616	0.1536	2.15029564552368e+57
0.0638	0.1536	-7.93206879979224e+57
0.066	0.1536	2.70395896468793e+58
0.0682	0.1536	-8.40389224683385e+58
0.0704	0.1536	2.34672410865942e+59
0.0726	0.1536	-5.8033140118886e+59
0.0748	0.1536	1.2477227870671e+60
0.077	0.1536	2.98068137303506e+60
0.0792	0.1536	3.80658718388285e+60
0.0814	0.1536	5.83083393399872e+60
0.0836	0.1536	7.16088713503855e+60
0.0858	0.1536	9.57187718500631e+60
0.088	0.1536	1.16209390107296e+61
0.0902	0.1536	1.47414999140434e+61
0.0924	0.1536	1.60749052020713e+61
0.0946	0.1536	1.90983270454793e+61
0.0968	0.1536	2.2117767786014e+61
0.099	0.1536	2.58814507937731e+61
0.1012	0.1536	2.97261438215684e+61
0.1034	0.1536	3.43282389569674e+61
0.1056	0.1536	3.92210142278698e+61
0.1078	0.1536	4.46048331414879e+61
0.11	0.1536	5.0646900533858e+61
0	0.1568	-5.35128141935275e+45
0.0022	0.1568	3.53669497771285e+45
0.0044	0.1568	-3.98720906195433e+45
0.0066	0.1568	-1.32833219602692e+44
0.0088	0.1568	3.67480013923212e+45
0.011	0.1568	-1.11239663407985e+46
0.0132	0.1568	1.41369819706862e+46
0.0154	0.1568	-1.7990272284619e+46
0.0176	0.1568	2.57905875222944e+46
0.0198	0.1568	-2.49883445021734e+46
0.022	0.1568	2.2210123250405e+46
0.0242	0.1568	-1.88556909868343e+46
0.0264	0.1568	-1.53386431743273e+45
0.0286	0.1568	5.86777540024389e+46
0.0308	0.1568	-2.47064041347952e+47
0.033	0.1568	1.05525330632608e+48
0.0352	0.1568	-5.12948752908457e+48
0.0374	0.1568	2.6653228897694e+49
0.0396	0.1568	-1.40932460215322e+50
0.0418	0.1568	7.40414569669881e+50
0.044	0.1568	-3.82086569777465e+51
0.0462	0.1568	1.92690995113277e+52
0.0484	0.1568	-9.46390009150625e+52
0.0506	0.1568	4.51110068468221e+53
0.0528	0.1568	-2.07867048673793e+54
0.055	0.1568	9.21661544151833e+54
0.0572	0.1568	-3.91075999271947e+55
0.0594	0.1568	1.57767977245733e+56
0.0616	0.1568	-6.00414451728689e+56
0.0638	0.1568	2.13549885895182e+57
0.066	0.1568	-7.02011386424749e+57
0.0682	0.1568	2.10544594760817e+58
0.0704	0.1568	-5.67398331197923e+58
0.0726	0.1568	1.34568982703051e+59
0.0748	0.1568	-2.66872197666549e+59
0.077	0.1568	-7.57032711500008e+59
0.0792	0.1568	-9.9596251216293e+59
0.0814	0.1568	-1.57302442477347e+60
0.0836	0.1568	-1.96118638774932e+60
0.0858	0.1568	-2.65476651800583e+60
0.088	0.1568	-3.25448950874059e+60
0.0902	0.1568	-4.15677849237235e+60
0.0924	0.1568	-4.56733754819174e+60
0.0946	0.1568	-5.4512598156699e+60
0.0968	0.1568	-6.34723773102227e+60
0.099	0.1568	-7.45496332585536e+60
0.1012	0.1568	-8.60086710671636e+60
0.1034	0.1568	-9.96279382910836e+60
0.1056	0.1568	-1.14235083431692e+61
0.1078	0.1568	-1.30281347935756e+61
0.11	0.1568	-1.48376139398989e+61
0	0.16	2.6202169322769e+45
0.0022	0.16	-1.53733263465599e+45
0.0044	0.16	1.47415897574604e+45
0.0066	0.16	9.64828384264697e+43
0.0088	0.16	-1.66103297994648e+45
0.011	0.16	4.52875672224796e+45
0.0132	0.16	-5.83211353981326e+45
0.0154	0.16	7.46495580553504e+45
0.0176	0.16	-1.0285552334182e+46
0.0198	0.16	1.01060460303438e+46
0.022	0.16	-8.96565794140404e+45
0.0242	0.16	6.98618484023754e+45
0.0264	0.16	2.56960287994425e+45
0.0286	0.16	-3.18609442256797e+46
0.0308	0.16	1.40008879694153e+47
0.033	0.16	-6.36093180019327e+47
0.0352	0.16	3.17232478809847e+48
0.0374	0.16	-1.64828451046249e+49
0.0396	0.16	8.61098357095416e+49
0.0418	0.16	-4.44678602640476e+50
0.044	0.16	2.2511236336311e+51
0.0462	0.16	-1.11239050521302e+52
0.0484	0.16	5.34782779797791e+52
0.0506	0.16	-2.49261267187316e+53
0.0528	0.16	1.12194029542331e+54
0.055	0.16	-4.85415388625824e+54
0.0572	0.16	2.00779904476853e+55
0.0594	0.16	-7.88837958320708e+55
0.0616	0.16	2.92136857945622e+56
0.0638	0.16	-1.01054366039536e+57
0.066	0.16	3.2298431669342e+57
0.0682	0.16	-9.41419622045226e+57
0.0704	0.16	2.45966209275612e+58
0.0726	0.16	-5.58138451842522e+58
0.0748	0.16	9.84436662641265e+58
0.077	0.16	3.44393518751392e+59
0.0792	0.16	4.66297297650896e+59
0.0814	0.16	7.57840710271105e+59
0.0836	0.16	9.57464327759758e+59
0.0858	0.16	1.30970383100851e+60
0.088	0.16	1.61878304615763e+60
0.0902	0.16	2.0806077816554e+60
0.0924	0.16	2.3000092623139e+60
0.0946	0.16	2.75630676020308e+60
0.0968	0.16	3.223611478953e+60
0.099	0.16	3.79732319591021e+60
0.1012	0.16	4.39618008995541e+60
0.1034	0.16	5.10461134218359e+60
0.1056	0.16	5.86943326487527e+60
0.1078	0.16	6.7086238692502e+60
0.11	0.16	7.65777948263078e+60
