0	0	20.0000001054294
0.0022	0	20.0000001054294
0.0044	0	20.0000001054294
0.0066	0	20.0000001054294
0.0088	0	20.0000001054294
0.011	0	20.0000001054294
0.0132	0	20.0000001054295
0.0154	0	20.0000001054295
0.0176	0	20.0000001054295
0.0198	0	20.0000001054296
0.022	0	20.0000001054296
0.0242	0	20.0000001054297
0.0264	0	20.0000001054297
0.0286	0	20.0000001054298
0.0308	0	20.0000001054299
0.033	0	20.0000001054299
0.0352	0	20.00000010543
0.0374	0	20.00000010543
0.0396	0	20.0000001054301
0.0418	0	20.0000001054302
0.044	0	20.0000001054303
0.0462	0	20.0000001054303
0.0484	0	20.0000001054304
0.0506	0	20.0000001054305
0.0528	0	20.0000001054306
0.055	0	20.0000001054306
0.0572	0	20.0000001054307
0.0594	0	20.0000001054308
0.0616	0	20.0000001054309
0.0638	0	20.000000105431
0.066	0	20.000000105431
0.0682	0	20.0000001054311
0.0704	0	20.0000001054312
0.0726	0	20.0000001054313
0.0748	0	20.0000001054314
0.077	0	20.0000001054315
0.0792	0	20.0000001054315
0.0814	0	20.0000001054316
0.0836	0	20.0000001054317
0.0858	0	20.0000001054318
0.088	0	20.0000001054318
0.0902	0	20.0000001054319
0.0924	0	20.0000001054319
0.0946	0	20.000000105432
0.0968	0	20.000000105432
0.099	0	20.0000001054321
0.1012	0	20.0000001054321
0.1034	0	20.0000001054321
0.1056	0	20.0000001054321
0.1078	0	20.0000001054321
0.11	0	20.0000001054321
0	0.0032	20.0000001054294
0.0022	0.0032	20.0000001054294
0.0044	0.0032	20.0000001054294
0.0066	0.0032	20.0000001054294
0.0088	0.0032	20.0000001054294
0.011	0.0032	20.0000001054294
0.0132	0.0032	20.0000001054295
0.0154	0.0032	20.0000001054295
0.0176	0.0032	20.0000001054295
0.0198	0.0032	20.0000001054296
0.022	0.0032	20.0000001054296
0.0242	0.0032	20.0000001054297
0.0264	0.0032	20.0000001054297
0.0286	0.0032	20.0000001054298
0.0308	0.0032	20.0000001054299
0.033	0.0032	20.0000001054299
0.0352	0.0032	20.00000010543
0.0374	0.0032	20.00000010543
0.0396	0.0032	20.0000001054301
0.0418	0.0032	20.0000001054302
0.044	0.0032	20.0000001054302
0.0462	0.0032	20.0000001054303
0.0484	0.0032	20.0000001054304
0.0506	0.0032	20.0000001054305
0.0528	0.0032	20.0000001054306
0.055	0.0032	20.0000001054306
0.0572	0.0032	20.0000001054307
0.0594	0.0032	20.0000001054308
0.0616	0.0032	20.0000001054309
0.0638	0.0032	20.000000105431
0.066	0.0032	20.000000105431
0.0682	0.0032	20.0000001054311
0.0704	0.0032	20.0000001054312
0.0726	0.0032	20.0000001054313
0.0748	0.0032	20.0000001054314
0.077	0.0032	20.0000001054315
0.0792	0.0032	20.0000001054315
0.0814	0.0032	20.0000001054316
0.0836	0.0032	20.0000001054317
0.0858	0.0032	20.0000001054318
0.088	0.0032	20.0000001054318
0.0902	0.0032	20.0000001054319
0.0924	0.0032	20.0000001054319
0.0946	0.0032	20.000000105432
0.0968	0.0032	20.000000105432
0.099	0.0032	20.0000001054321
0.1012	0.0032	20.0000001054321
0.1034	0.0032	20.0000001054321
0.1056	0.0032	20.0000001054321
0.1078	0.0032	20.0000001054321
0.11	0.0032	20.0000001054321
0	0.0064	20.0000001054294
0.0022	0.0064	20.0000001054294
0.0044	0.0064	20.0000001054294
0.0066	0.0064	20.0000001054294
0.0088	0.0064	20.0000001054294
0.011	0.0064	20.0000001054294
0.0132	0.0064	20.0000001054295
0.0154	0.0064	20.0000001054295
0.0176	0.0064	20.0000001054295
0.0198	0.0064	20.0000001054296
0.022	0.0064	20.0000001054296
0.0242	0.0064	20.0000001054297
0.0264	0.0064	20.0000001054297
0.0286	0.0064	20.0000001054298
0.0308	0.0064	20.0000001054299
0.033	0.0064	20.0000001054299
0.0352	0.0064	20.00000010543
0.0374	0.0064	20.00000010543
0.0396	0.0064	20.0000001054301
0.0418	0.0064	20.0000001054302
0.044	0.0064	20.0000001054302
0.0462	0.0064	20.0000001054303
0.0484	0.0064	20.0000001054304
0.0506	0.0064	20.0000001054305
0.0528	0.0064	20.0000001054306
0.055	0.0064	20.0000001054306
0.0572	0.0064	20.0000001054307
0.0594	0.0064	20.0000001054308
0.0616	0.0064	20.0000001054309
0.0638	0.0064	20.000000105431
0.066	0.0064	20.000000105431
0.0682	0.0064	20.0000001054311
0.0704	0.0064	20.0000001054312
0.0726	0.0064	20.0000001054313
0.0748	0.0064	20.0000001054314
0.077	0.0064	20.0000001054315
0.0792	0.0064	20.0000001054315
0.0814	0.0064	20.0000001054316
0.0836	0.0064	20.0000001054317
0.0858	0.0064	20.0000001054317
0.088	0.0064	20.0000001054318
0.0902	0.0064	20.0000001054319
0.0924	0.0064	20.0000001054319
0.0946	0.0064	20.000000105432
0.0968	0.0064	20.000000105432
0.099	0.0064	20.0000001054321
0.1012	0.0064	20.0000001054321
0.1034	0.0064	20.0000001054321
0.1056	0.0064	20.0000001054321
0.1078	0.0064	20.0000001054321
0.11	0.0064	20.0000001054321
0	0.0096	20.0000001054294
0.0022	0.0096	20.0000001054293
0.0044	0.0096	20.0000001054293
0.0066	0.0096	20.0000001054294
0.0088	0.0096	20.0000001054294
0.011	0.0096	20.0000001054294
0.0132	0.0096	20.0000001054294
0.0154	0.0096	20.0000001054294
0.0176	0.0096	20.0000001054295
0.0198	0.0096	20.0000001054295
0.022	0.0096	20.0000001054296
0.0242	0.0096	20.0000001054296
0.0264	0.0096	20.0000001054297
0.0286	0.0096	20.0000001054298
0.0308	0.0096	20.0000001054298
0.033	0.0096	20.0000001054299
0.0352	0.0096	20.0000001054299
0.0374	0.0096	20.00000010543
0.0396	0.0096	20.0000001054301
0.0418	0.0096	20.0000001054301
0.044	0.0096	20.0000001054302
0.0462	0.0096	20.0000001054303
0.0484	0.0096	20.0000001054304
0.0506	0.0096	20.0000001054305
0.0528	0.0096	20.0000001054305
0.055	0.0096	20.0000001054306
0.0572	0.0096	20.0000001054307
0.0594	0.0096	20.0000001054308
0.0616	0.0096	20.0000001054308
0.0638	0.0096	20.0000001054309
0.066	0.0096	20.000000105431
0.0682	0.0096	20.0000001054311
0.0704	0.0096	20.0000001054312
0.0726	0.0096	20.0000001054313
0.0748	0.0096	20.0000001054314
0.077	0.0096	20.0000001054314
0.0792	0.0096	20.0000001054315
0.0814	0.0096	20.0000001054316
0.0836	0.0096	20.0000001054317
0.0858	0.0096	20.0000001054317
0.088	0.0096	20.0000001054318
0.0902	0.0096	20.0000001054319
0.0924	0.0096	20.0000001054319
0.0946	0.0096	20.000000105432
0.0968	0.0096	20.000000105432
0.099	0.0096	20.0000001054321
0.1012	0.0096	20.0000001054321
0.1034	0.0096	20.0000001054321
0.1056	0.0096	20.0000001054321
0.1078	0.0096	20.0000001054321
0.11	0.0096	20.0000001054321
0	0.0128	20.0000001054181
0.0022	0.0128	20.0000001054181
0.0044	0.0128	20.0000001054181
0.0066	0.0128	20.0000001054182
0.0088	0.0128	20.0000001054182
0.011	0.0128	20.0000001054183
0.0132	0.0128	20.0000001054183
0.0154	0.0128	20.0000001054184
0.0176	0.0128	20.0000001054185
0.0198	0.0128	20.0000001054186
0.022	0.0128	20.0000001054187
0.0242	0.0128	20.0000001054188
0.0264	0.0128	20.000000105419
0.0286	0.0128	20.0000001054191
0.0308	0.0128	20.0000001054193
0.033	0.0128	20.0000001054194
0.0352	0.0128	20.0000001054196
0.0374	0.0128	20.0000001054198
0.0396	0.0128	20.00000010542
0.0418	0.0128	20.0000001054202
0.044	0.0128	20.0000001054205
0.0462	0.0128	20.0000001054207
0.0484	0.0128	20.0000001054209
0.0506	0.0128	20.0000001054212
0.0528	0.0128	20.0000001054214
0.055	0.0128	20.0000001054217
0.0572	0.0128	20.000000105422
0.0594	0.0128	20.0000001054224
0.0616	0.0128	20.0000001054227
0.0638	0.0128	20.000000105423
0.066	0.0128	20.0000001054233
0.0682	0.0128	20.0000001054237
0.0704	0.0128	20.0000001054241
0.0726	0.0128	20.0000001054245
0.0748	0.0128	20.0000001054249
0.077	0.0128	20.0000001054253
0.0792	0.0128	20.0000001054258
0.0814	0.0128	20.0000001054263
0.0836	0.0128	20.0000001054268
0.0858	0.0128	20.0000001054274
0.088	0.0128	20.000000105428
0.0902	0.0128	20.0000001054286
0.0924	0.0128	20.0000001054293
0.0946	0.0128	20.0000001054301
0.0968	0.0128	20.000000105431
0.099	0.0128	20.0000001054321
0.1012	0.0128	20.0000001054321
0.1034	0.0128	20.0000001054321
0.1056	0.0128	20.0000001054321
0.1078	0.0128	20.0000001054321
0.11	0.0128	20.0000001054321
0	0.016	20.0000001054076
0.0022	0.016	20.0000001054076
0.0044	0.016	20.0000001054076
0.0066	0.016	20.0000001054076
0.0088	0.016	20.0000001054077
0.011	0.016	20.0000001054078
0.0132	0.016	20.0000001054079
0.0154	0.016	20.000000105408
0.0176	0.016	20.0000001054082
0.0198	0.016	20.0000001054083
0.022	0.016	20.0000001054085
0.0242	0.016	20.0000001054087
0.0264	0.016	20.0000001054089
0.0286	0.016	20.0000001054091
0.0308	0.016	20.0000001054094
0.033	0.016	20.0000001054097
0.0352	0.016	20.00000010541
0.0374	0.016	20.0000001054103
0.0396	0.016	20.0000001054106
0.0418	0.016	20.000000105411
0.044	0.016	20.0000001054113
0.0462	0.016	20.0000001054117
0.0484	0.016	20.0000001054121
0.0506	0.016	20.0000001054126
0.0528	0.016	20.000000105413
0.055	0.016	20.0000001054135
0.0572	0.016	20.000000105414
0.0594	0.016	20.0000001054146
0.0616	0.016	20.0000001054151
0.0638	0.016	20.0000001054157
0.066	0.016	20.0000001054163
0.0682	0.016	20.000000105417
0.0704	0.016	20.0000001054176
0.0726	0.016	20.0000001054184
0.0748	0.016	20.0000001054191
0.077	0.016	20.0000001054199
0.0792	0.016	20.0000001054207
0.0814	0.016	20.0000001054216
0.0836	0.016	20.0000001054226
0.0858	0.016	20.0000001054236
0.088	0.016	20.0000001054247
0.0902	0.016	20.0000001054259
0.0924	0.016	20.0000001054272
0.0946	0.016	20.0000001054286
0.0968	0.016	20.0000001054303
0.099	0.016	20.0000001054321
0.1012	0.016	20.0000001054321
0.1034	0.016	20.0000001054321
0.1056	0.016	20.0000001054321
0.1078	0.016	20.0000001054321
0.11	0.016	20.0000001054321
0	0.0192	20.0000001053976
0.0022	0.0192	20.0000001053977
0.0044	0.0192	20.0000001053977
0.0066	0.0192	20.0000001053977
0.0088	0.0192	20.0000001053978
0.011	0.0192	20.000000105398
0.0132	0.0192	20.0000001053981
0.0154	0.0192	20.0000001053983
0.0176	0.0192	20.0000001053985
0.0198	0.0192	20.0000001053987
0.022	0.0192	20.0000001053989
0.0242	0.0192	20.0000001053992
0.0264	0.0192	20.0000001053995
0.0286	0.0192	20.0000001053998
0.0308	0.0192	20.0000001054002
0.033	0.0192	20.0000001054005
0.0352	0.0192	20.000000105401
0.0374	0.0192	20.0000001054014
0.0396	0.0192	20.0000001054018
0.0418	0.0192	20.0000001054023
0.044	0.0192	20.0000001054029
0.0462	0.0192	20.0000001054034
0.0484	0.0192	20.000000105404
0.0506	0.0192	20.0000001054046
0.0528	0.0192	20.0000001054052
0.055	0.0192	20.0000001054059
0.0572	0.0192	20.0000001054066
0.0594	0.0192	20.0000001054074
0.0616	0.0192	20.0000001054082
0.0638	0.0192	20.000000105409
0.066	0.0192	20.0000001054099
0.0682	0.0192	20.0000001054108
0.0704	0.0192	20.0000001054118
0.0726	0.0192	20.0000001054128
0.0748	0.0192	20.0000001054139
0.077	0.0192	20.000000105415
0.0792	0.0192	20.0000001054162
0.0814	0.0192	20.0000001054175
0.0836	0.0192	20.0000001054189
0.0858	0.0192	20.0000001054203
0.088	0.0192	20.0000001054219
0.0902	0.0192	20.0000001054236
0.0924	0.0192	20.0000001054254
0.0946	0.0192	20.0000001054274
0.0968	0.0192	20.0000001054297
0.099	0.0192	20.0000001054321
0.1012	0.0192	20.0000001054322
0.1034	0.0192	20.0000001054322
0.1056	0.0192	20.0000001054321
0.1078	0.0192	20.0000001054322
0.11	0.0192	20.0000001054321
0	0.0224	20.0000001053883
0.0022	0.0224	20.0000001053884
0.0044	0.0224	20.0000001053884
0.0066	0.0224	20.0000001053885
0.0088	0.0224	20.0000001053886
0.011	0.0224	20.0000001053887
0.0132	0.0224	20.0000001053889
0.0154	0.0224	20.0000001053891
0.0176	0.0224	20.0000001053894
0.0198	0.0224	20.0000001053896
0.022	0.0224	20.00000010539
0.0242	0.0224	20.0000001053903
0.0264	0.0224	20.0000001053907
0.0286	0.0224	20.0000001053911
0.0308	0.0224	20.0000001053915
0.033	0.0224	20.000000105392
0.0352	0.0224	20.0000001053925
0.0374	0.0224	20.0000001053931
0.0396	0.0224	20.0000001053937
0.0418	0.0224	20.0000001053943
0.044	0.0224	20.000000105395
0.0462	0.0224	20.0000001053957
0.0484	0.0224	20.0000001053964
0.0506	0.0224	20.0000001053972
0.0528	0.0224	20.000000105398
0.055	0.0224	20.0000001053989
0.0572	0.0224	20.0000001053998
0.0594	0.0224	20.0000001054008
0.0616	0.0224	20.0000001054018
0.0638	0.0224	20.0000001054029
0.066	0.0224	20.000000105404
0.0682	0.0224	20.0000001054052
0.0704	0.0224	20.0000001054065
0.0726	0.0224	20.0000001054078
0.0748	0.0224	20.0000001054092
0.077	0.0224	20.0000001054106
0.0792	0.0224	20.0000001054122
0.0814	0.0224	20.0000001054138
0.0836	0.0224	20.0000001054156
0.0858	0.0224	20.0000001054175
0.088	0.0224	20.0000001054195
0.0902	0.0224	20.0000001054216
0.0924	0.0224	20.0000001054239
0.0946	0.0224	20.0000001054264
0.0968	0.0224	20.0000001054292
0.099	0.0224	20.0000001054321
0.1012	0.0224	20.0000001054321
0.1034	0.0224	20.0000001054322
0.1056	0.0224	20.0000001054322
0.1078	0.0224	20.0000001054321
0.11	0.0224	20.0000001054322
0	0.0256	20.0000001053796
0.0022	0.0256	20.0000001053796
0.0044	0.0256	20.0000001053797
0.0066	0.0256	20.0000001053798
0.0088	0.0256	20.0000001053799
0.011	0.0256	20.0000001053801
0.0132	0.0256	20.0000001053803
0.0154	0.0256	20.0000001053806
0.0176	0.0256	20.0000001053808
0.0198	0.0256	20.0000001053812
0.022	0.0256	20.0000001053816
0.0242	0.0256	20.000000105382
0.0264	0.0256	20.0000001053824
0.0286	0.0256	20.0000001053829
0.0308	0.0256	20.0000001053835
0.033	0.0256	20.0000001053841
0.0352	0.0256	20.0000001053847
0.0374	0.0256	20.0000001053853
0.0396	0.0256	20.0000001053861
0.0418	0.0256	20.0000001053868
0.044	0.0256	20.0000001053876
0.0462	0.0256	20.0000001053885
0.0484	0.0256	20.0000001053894
0.0506	0.0256	20.0000001053904
0.0528	0.0256	20.0000001053914
0.055	0.0256	20.0000001053924
0.0572	0.0256	20.0000001053936
0.0594	0.0256	20.0000001053947
0.0616	0.0256	20.000000105396
0.0638	0.0256	20.0000001053973
0.066	0.0256	20.0000001053987
0.0682	0.0256	20.0000001054001
0.0704	0.0256	20.0000001054016
0.0726	0.0256	20.0000001054032
0.0748	0.0256	20.0000001054049
0.077	0.0256	20.0000001054067
0.0792	0.0256	20.0000001054086
0.0814	0.0256	20.0000001054106
0.0836	0.0256	20.0000001054127
0.0858	0.0256	20.0000001054149
0.088	0.0256	20.0000001054173
0.0902	0.0256	20.0000001054199
0.0924	0.0256	20.0000001054226
0.0946	0.0256	20.0000001054256
0.0968	0.0256	20.0000001054287
0.099	0.0256	20.0000001054321
0.1012	0.0256	20.0000001054321
0.1034	0.0256	20.0000001054321
0.1056	0.0256	20.0000001054321
0.1078	0.0256	20.0000001054321
0.11	0.0256	20.0000001054321
0	0.0288	20.0000001053714
0.0022	0.0288	20.0000001053715
0.0044	0.0288	20.0000001053715
0.0066	0.0288	20.0000001053716
0.0088	0.0288	20.0000001053718
0.011	0.0288	20.000000105372
0.0132	0.0288	20.0000001053722
0.0154	0.0288	20.0000001053725
0.0176	0.0288	20.0000001053729
0.0198	0.0288	20.0000001053733
0.022	0.0288	20.0000001053737
0.0242	0.0288	20.0000001053742
0.0264	0.0288	20.0000001053747
0.0286	0.0288	20.0000001053753
0.0308	0.0288	20.0000001053759
0.033	0.0288	20.0000001053766
0.0352	0.0288	20.0000001053774
0.0374	0.0288	20.0000001053781
0.0396	0.0288	20.000000105379
0.0418	0.0288	20.0000001053799
0.044	0.0288	20.0000001053808
0.0462	0.0288	20.0000001053818
0.0484	0.0288	20.0000001053829
0.0506	0.0288	20.000000105384
0.0528	0.0288	20.0000001053852
0.055	0.0288	20.0000001053865
0.0572	0.0288	20.0000001053878
0.0594	0.0288	20.0000001053892
0.0616	0.0288	20.0000001053906
0.0638	0.0288	20.0000001053921
0.066	0.0288	20.0000001053938
0.0682	0.0288	20.0000001053954
0.0704	0.0288	20.0000001053972
0.0726	0.0288	20.0000001053991
0.0748	0.0288	20.0000001054011
0.077	0.0288	20.0000001054031
0.0792	0.0288	20.0000001054053
0.0814	0.0288	20.0000001054076
0.0836	0.0288	20.0000001054101
0.0858	0.0288	20.0000001054127
0.088	0.0288	20.0000001054154
0.0902	0.0288	20.0000001054184
0.0924	0.0288	20.0000001054215
0.0946	0.0288	20.0000001054248
0.0968	0.0288	20.0000001054283
0.099	0.0288	20.0000001054321
0.1012	0.0288	20.0000001054321
0.1034	0.0288	20.0000001054321
0.1056	0.0288	20.0000001054321
0.1078	0.0288	20.0000001054321
0.11	0.0288	20.0000001054321
0	0.032	20.0000001053638
0.0022	0.032	20.0000001053638
0.0044	0.032	20.0000001053639
0.0066	0.032	20.000000105364
0.0088	0.032	20.0000001053642
0.011	0.032	20.0000001053644
0.0132	0.032	20.0000001053647
0.0154	0.032	20.000000105365
0.0176	0.032	20.0000001053654
0.0198	0.032	20.0000001053659
0.022	0.032	20.0000001053664
0.0242	0.032	20.0000001053669
0.0264	0.032	20.0000001053675
0.0286	0.032	20.0000001053682
0.0308	0.032	20.0000001053689
0.033	0.032	20.0000001053697
0.0352	0.032	20.0000001053705
0.0374	0.032	20.0000001053714
0.0396	0.032	20.0000001053724
0.0418	0.032	20.0000001053734
0.044	0.032	20.0000001053745
0.0462	0.032	20.0000001053757
0.0484	0.032	20.0000001053769
0.0506	0.032	20.0000001053782
0.0528	0.032	20.0000001053795
0.055	0.032	20.0000001053809
0.0572	0.032	20.0000001053825
0.0594	0.032	20.000000105384
0.0616	0.032	20.0000001053857
0.0638	0.032	20.0000001053874
0.066	0.032	20.0000001053893
0.0682	0.032	20.0000001053912
0.0704	0.032	20.0000001053932
0.0726	0.032	20.0000001053953
0.0748	0.032	20.0000001053976
0.077	0.032	20.0000001053999
0.0792	0.032	20.0000001054024
0.0814	0.032	20.000000105405
0.0836	0.032	20.0000001054078
0.0858	0.032	20.0000001054107
0.088	0.032	20.0000001054137
0.0902	0.032	20.000000105417
0.0924	0.032	20.0000001054204
0.0946	0.032	20.0000001054241
0.0968	0.032	20.000000105428
0.099	0.032	20.0000001054321
0.1012	0.032	20.0000001054321
0.1034	0.032	20.0000001054321
0.1056	0.032	20.0000001054321
0.1078	0.032	20.0000001054321
0.11	0.032	20.0000001054321
0	0.0352	20.0000001053566
0.0022	0.0352	20.0000001053567
0.0044	0.0352	20.0000001053568
0.0066	0.0352	20.0000001053569
0.0088	0.0352	20.0000001053571
0.011	0.0352	20.0000001053574
0.0132	0.0352	20.0000001053577
0.0154	0.0352	20.0000001053581
0.0176	0.0352	20.0000001053585
0.0198	0.0352	20.000000105359
0.022	0.0352	20.0000001053595
0.0242	0.0352	20.0000001053602
0.0264	0.0352	20.0000001053608
0.0286	0.0352	20.0000001053616
0.0308	0.0352	20.0000001053624
0.033	0.0352	20.0000001053632
0.0352	0.0352	20.0000001053642
0.0374	0.0352	20.0000001053652
0.0396	0.0352	20.0000001053663
0.0418	0.0352	20.0000001053674
0.044	0.0352	20.0000001053686
0.0462	0.0352	20.0000001053699
0.0484	0.0352	20.0000001053713
0.0506	0.0352	20.0000001053727
0.0528	0.0352	20.0000001053743
0.055	0.0352	20.0000001053759
0.0572	0.0352	20.0000001053775
0.0594	0.0352	20.0000001053793
0.0616	0.0352	20.0000001053812
0.0638	0.0352	20.0000001053831
0.066	0.0352	20.0000001053852
0.0682	0.0352	20.0000001053873
0.0704	0.0352	20.0000001053896
0.0726	0.0352	20.0000001053919
0.0748	0.0352	20.0000001053944
0.077	0.0352	20.000000105397
0.0792	0.0352	20.0000001053998
0.0814	0.0352	20.0000001054026
0.0836	0.0352	20.0000001054057
0.0858	0.0352	20.0000001054089
0.088	0.0352	20.0000001054122
0.0902	0.0352	20.0000001054158
0.0924	0.0352	20.0000001054195
0.0946	0.0352	20.0000001054235
0.0968	0.0352	20.0000001054277
0.099	0.0352	20.0000001054321
0.1012	0.0352	20.0000001054321
0.1034	0.0352	20.0000001054321
0.1056	0.0352	20.0000001054321
0.1078	0.0352	20.0000001054321
0.11	0.0352	20.0000001054321
0	0.0384	20.00000010535
0.0022	0.0384	20.00000010535
0.0044	0.0384	20.0000001053501
0.0066	0.0384	20.0000001053502
0.0088	0.0384	20.0000001053505
0.011	0.0384	20.0000001053507
0.0132	0.0384	20.0000001053511
0.0154	0.0384	20.0000001053515
0.0176	0.0384	20.000000105352
0.0198	0.0384	20.0000001053525
0.022	0.0384	20.0000001053532
0.0242	0.0384	20.0000001053538
0.0264	0.0384	20.0000001053546
0.0286	0.0384	20.0000001053554
0.0308	0.0384	20.0000001053563
0.033	0.0384	20.0000001053573
0.0352	0.0384	20.0000001053583
0.0374	0.0384	20.0000001053594
0.0396	0.0384	20.0000001053606
0.0418	0.0384	20.0000001053619
0.044	0.0384	20.0000001053632
0.0462	0.0384	20.0000001053646
0.0484	0.0384	20.0000001053662
0.0506	0.0384	20.0000001053677
0.0528	0.0384	20.0000001053694
0.055	0.0384	20.0000001053712
0.0572	0.0384	20.000000105373
0.0594	0.0384	20.000000105375
0.0616	0.0384	20.000000105377
0.0638	0.0384	20.0000001053792
0.066	0.0384	20.0000001053814
0.0682	0.0384	20.0000001053838
0.0704	0.0384	20.0000001053862
0.0726	0.0384	20.0000001053888
0.0748	0.0384	20.0000001053915
0.077	0.0384	20.0000001053944
0.0792	0.0384	20.0000001053974
0.0814	0.0384	20.0000001054005
0.0836	0.0384	20.0000001054038
0.0858	0.0384	20.0000001054073
0.088	0.0384	20.0000001054109
0.0902	0.0384	20.0000001054147
0.0924	0.0384	20.0000001054187
0.0946	0.0384	20.0000001054229
0.0968	0.0384	20.0000001054274
0.099	0.0384	20.000000105432
0.1012	0.0384	20.000000105432
0.1034	0.0384	20.0000001054321
0.1056	0.0384	20.0000001054321
0.1078	0.0384	20.0000001054321
0.11	0.0384	20.0000001054321
0	0.0416	20.0000001053437
0.0022	0.0416	20.0000001053438
0.0044	0.0416	20.0000001053439
0.0066	0.0416	20.000000105344
0.0088	0.0416	20.0000001053443
0.011	0.0416	20.0000001053446
0.0132	0.0416	20.000000105345
0.0154	0.0416	20.0000001053454
0.0176	0.0416	20.0000001053459
0.0198	0.0416	20.0000001053465
0.022	0.0416	20.0000001053472
0.0242	0.0416	20.000000105348
0.0264	0.0416	20.0000001053488
0.0286	0.0416	20.0000001053497
0.0308	0.0416	20.0000001053506
0.033	0.0416	20.0000001053517
0.0352	0.0416	20.0000001053528
0.0374	0.0416	20.000000105354
0.0396	0.0416	20.0000001053553
0.0418	0.0416	20.0000001053567
0.044	0.0416	20.0000001053582
0.0462	0.0416	20.0000001053597
0.0484	0.0416	20.0000001053614
0.0506	0.0416	20.0000001053631
0.0528	0.0416	20.0000001053649
0.055	0.0416	20.0000001053669
0.0572	0.0416	20.0000001053689
0.0594	0.0416	20.000000105371
0.0616	0.0416	20.0000001053732
0.0638	0.0416	20.0000001053755
0.066	0.0416	20.000000105378
0.0682	0.0416	20.0000001053805
0.0704	0.0416	20.0000001053832
0.0726	0.0416	20.000000105386
0.0748	0.0416	20.0000001053889
0.077	0.0416	20.000000105392
0.0792	0.0416	20.0000001053952
0.0814	0.0416	20.0000001053986
0.0836	0.0416	20.0000001054021
0.0858	0.0416	20.0000001054058
0.088	0.0416	20.0000001054097
0.0902	0.0416	20.0000001054137
0.0924	0.0416	20.000000105418
0.0946	0.0416	20.0000001054224
0.0968	0.0416	20.0000001054271
0.099	0.0416	20.000000105432
0.1012	0.0416	20.000000105432
0.1034	0.0416	20.000000105432
0.1056	0.0416	20.000000105432
0.1078	0.0416	20.000000105432
0.11	0.0416	20.000000105432
0	0.0448	20.0000001053379
0.0022	0.0448	20.0000001053379
0.0044	0.0448	20.0000001053381
0.0066	0.0448	20.0000001053382
0.0088	0.0448	20.0000001053385
0.011	0.0448	20.0000001053388
0.0132	0.0448	20.0000001053393
0.0154	0.0448	20.0000001053398
0.0176	0.0448	20.0000001053403
0.0198	0.0448	20.000000105341
0.022	0.0448	20.0000001053417
0.0242	0.0448	20.0000001053425
0.0264	0.0448	20.0000001053434
0.0286	0.0448	20.0000001053443
0.0308	0.0448	20.0000001053454
0.033	0.0448	20.0000001053465
0.0352	0.0448	20.0000001053478
0.0374	0.0448	20.0000001053491
0.0396	0.0448	20.0000001053505
0.0418	0.0448	20.0000001053519
0.044	0.0448	20.0000001053535
0.0462	0.0448	20.0000001053552
0.0484	0.0448	20.000000105357
0.0506	0.0448	20.0000001053588
0.0528	0.0448	20.0000001053608
0.055	0.0448	20.0000001053629
0.0572	0.0448	20.000000105365
0.0594	0.0448	20.0000001053673
0.0616	0.0448	20.0000001053697
0.0638	0.0448	20.0000001053722
0.066	0.0448	20.0000001053748
0.0682	0.0448	20.0000001053775
0.0704	0.0448	20.0000001053804
0.0726	0.0448	20.0000001053834
0.0748	0.0448	20.0000001053865
0.077	0.0448	20.0000001053898
0.0792	0.0448	20.0000001053932
0.0814	0.0448	20.0000001053968
0.0836	0.0448	20.0000001054006
0.0858	0.0448	20.0000001054045
0.088	0.0448	20.0000001054086
0.0902	0.0448	20.0000001054128
0.0924	0.0448	20.0000001054173
0.0946	0.0448	20.000000105422
0.0968	0.0448	20.0000001054269
0.099	0.0448	20.000000105432
0.1012	0.0448	20.000000105432
0.1034	0.0448	20.000000105432
0.1056	0.0448	20.000000105432
0.1078	0.0448	20.000000105432
0.11	0.0448	20.000000105432
0	0.048	20.0000001053325
0.0022	0.048	20.0000001053325
0.0044	0.048	20.0000001053327
0.0066	0.048	20.0000001053328
0.0088	0.048	20.0000001053331
0.011	0.048	20.0000001053335
0.0132	0.048	20.0000001053339
0.0154	0.048	20.0000001053345
0.0176	0.048	20.0000001053351
0.0198	0.048	20.0000001053358
0.022	0.048	20.0000001053365
0.0242	0.048	20.0000001053374
0.0264	0.048	20.0000001053383
0.0286	0.048	20.0000001053394
0.0308	0.048	20.0000001053405
0.033	0.048	20.0000001053417
0.0352	0.048	20.000000105343
0.0374	0.048	20.0000001053444
0.0396	0.048	20.0000001053459
0.0418	0.048	20.0000001053475
0.044	0.048	20.0000001053492
0.0462	0.048	20.000000105351
0.0484	0.048	20.0000001053529
0.0506	0.048	20.0000001053549
0.0528	0.048	20.000000105357
0.055	0.048	20.0000001053592
0.0572	0.048	20.0000001053615
0.0594	0.048	20.0000001053639
0.0616	0.048	20.0000001053665
0.0638	0.048	20.0000001053691
0.066	0.048	20.0000001053719
0.0682	0.048	20.0000001053748
0.0704	0.048	20.0000001053779
0.0726	0.048	20.000000105381
0.0748	0.048	20.0000001053843
0.077	0.048	20.0000001053878
0.0792	0.048	20.0000001053914
0.0814	0.048	20.0000001053952
0.0836	0.048	20.0000001053992
0.0858	0.048	20.0000001054033
0.088	0.048	20.0000001054076
0.0902	0.048	20.000000105412
0.0924	0.048	20.0000001054167
0.0946	0.048	20.0000001054216
0.0968	0.048	20.0000001054267
0.099	0.048	20.0000001054319
0.1012	0.048	20.000000105432
0.1034	0.048	20.000000105432
0.1056	0.048	20.000000105432
0.1078	0.048	20.000000105432
0.11	0.048	20.000000105432
0	0.0512	20.0000001053274
0.0022	0.0512	20.0000001053275
0.0044	0.0512	20.0000001053276
0.0066	0.0512	20.0000001053278
0.0088	0.0512	20.0000001053281
0.011	0.0512	20.0000001053285
0.0132	0.0512	20.000000105329
0.0154	0.0512	20.0000001053295
0.0176	0.0512	20.0000001053302
0.0198	0.0512	20.0000001053309
0.022	0.0512	20.0000001053318
0.0242	0.0512	20.0000001053327
0.0264	0.0512	20.0000001053337
0.0286	0.0512	20.0000001053348
0.0308	0.0512	20.000000105336
0.033	0.0512	20.0000001053373
0.0352	0.0512	20.0000001053387
0.0374	0.0512	20.0000001053402
0.0396	0.0512	20.0000001053417
0.0418	0.0512	20.0000001053435
0.044	0.0512	20.0000001053453
0.0462	0.0512	20.0000001053472
0.0484	0.0512	20.0000001053492
0.0506	0.0512	20.0000001053513
0.0528	0.0512	20.0000001053535
0.055	0.0512	20.0000001053558
0.0572	0.0512	20.0000001053583
0.0594	0.0512	20.0000001053608
0.0616	0.0512	20.0000001053635
0.0638	0.0512	20.0000001053663
0.066	0.0512	20.0000001053692
0.0682	0.0512	20.0000001053723
0.0704	0.0512	20.0000001053755
0.0726	0.0512	20.0000001053789
0.0748	0.0512	20.0000001053823
0.077	0.0512	20.000000105386
0.0792	0.0512	20.0000001053898
0.0814	0.0512	20.0000001053937
0.0836	0.0512	20.0000001053979
0.0858	0.0512	20.0000001054022
0.088	0.0512	20.0000001054066
0.0902	0.0512	20.0000001054113
0.0924	0.0512	20.0000001054161
0.0946	0.0512	20.0000001054212
0.0968	0.0512	20.0000001054264
0.099	0.0512	20.0000001054319
0.1012	0.0512	20.0000001054319
0.1034	0.0512	20.0000001054319
0.1056	0.0512	20.0000001054319
0.1078	0.0512	20.0000001054319
0.11	0.0512	20.0000001054319
0	0.0544	20.0000001053228
0.0022	0.0544	20.0000001053228
0.0044	0.0544	20.000000105323
0.0066	0.0544	20.0000001053232
0.0088	0.0544	20.0000001053235
0.011	0.0544	20.0000001053239
0.0132	0.0544	20.0000001053244
0.0154	0.0544	20.000000105325
0.0176	0.0544	20.0000001053257
0.0198	0.0544	20.0000001053264
0.022	0.0544	20.0000001053273
0.0242	0.0544	20.0000001053283
0.0264	0.0544	20.0000001053293
0.0286	0.0544	20.0000001053305
0.0308	0.0544	20.0000001053318
0.033	0.0544	20.0000001053331
0.0352	0.0544	20.0000001053346
0.0374	0.0544	20.0000001053362
0.0396	0.0544	20.0000001053379
0.0418	0.0544	20.0000001053397
0.044	0.0544	20.0000001053416
0.0462	0.0544	20.0000001053436
0.0484	0.0544	20.0000001053457
0.0506	0.0544	20.0000001053479
0.0528	0.0544	20.0000001053502
0.055	0.0544	20.0000001053527
0.0572	0.0544	20.0000001053553
0.0594	0.0544	20.000000105358
0.0616	0.0544	20.0000001053608
0.0638	0.0544	20.0000001053637
0.066	0.0544	20.0000001053668
0.0682	0.0544	20.00000010537
0.0704	0.0544	20.0000001053734
0.0726	0.0544	20.0000001053769
0.0748	0.0544	20.0000001053805
0.077	0.0544	20.0000001053843
0.0792	0.0544	20.0000001053883
0.0814	0.0544	20.0000001053924
0.0836	0.0544	20.0000001053967
0.0858	0.0544	20.0000001054012
0.088	0.0544	20.0000001054058
0.0902	0.0544	20.0000001054106
0.0924	0.0544	20.0000001054156
0.0946	0.0544	20.0000001054208
0.0968	0.0544	20.0000001054263
0.099	0.0544	20.0000001054319
0.1012	0.0544	20.0000001054319
0.1034	0.0544	20.0000001054319
0.1056	0.0544	20.0000001054319
0.1078	0.0544	20.0000001054319
0.11	0.0544	20.0000001054319
0	0.0576	20.0000001053184
0.0022	0.0576	20.0000001053185
0.0044	0.0576	20.0000001053186
0.0066	0.0576	20.0000001053188
0.0088	0.0576	20.0000001053192
0.011	0.0576	20.0000001053196
0.0132	0.0576	20.0000001053201
0.0154	0.0576	20.0000001053207
0.0176	0.0576	20.0000001053215
0.0198	0.0576	20.0000001053223
0.022	0.0576	20.0000001053232
0.0242	0.0576	20.0000001053242
0.0264	0.0576	20.0000001053253
0.0286	0.0576	20.0000001053266
0.0308	0.0576	20.0000001053279
0.033	0.0576	20.0000001053293
0.0352	0.0576	20.0000001053309
0.0374	0.0576	20.0000001053325
0.0396	0.0576	20.0000001053343
0.0418	0.0576	20.0000001053362
0.044	0.0576	20.0000001053382
0.0462	0.0576	20.0000001053403
0.0484	0.0576	20.0000001053425
0.0506	0.0576	20.0000001053448
0.0528	0.0576	20.0000001053472
0.055	0.0576	20.0000001053498
0.0572	0.0576	20.0000001053525
0.0594	0.0576	20.0000001053553
0.0616	0.0576	20.0000001053583
0.0638	0.0576	20.0000001053613
0.066	0.0576	20.0000001053645
0.0682	0.0576	20.0000001053679
0.0704	0.0576	20.0000001053714
0.0726	0.0576	20.000000105375
0.0748	0.0576	20.0000001053788
0.077	0.0576	20.0000001053828
0.0792	0.0576	20.0000001053869
0.0814	0.0576	20.0000001053912
0.0836	0.0576	20.0000001053956
0.0858	0.0576	20.0000001054002
0.088	0.0576	20.000000105405
0.0902	0.0576	20.00000010541
0.0924	0.0576	20.0000001054152
0.0946	0.0576	20.0000001054205
0.0968	0.0576	20.0000001054261
0.099	0.0576	20.0000001054318
0.1012	0.0576	20.0000001054319
0.1034	0.0576	20.0000001054319
0.1056	0.0576	20.0000001054319
0.1078	0.0576	20.0000001054319
0.11	0.0576	20.0000001054319
0	0.0608	20.0000001053143
0.0022	0.0608	20.0000001053144
0.0044	0.0608	20.0000001053145
0.0066	0.0608	20.0000001053148
0.0088	0.0608	20.0000001053151
0.011	0.0608	20.0000001053156
0.0132	0.0608	20.0000001053161
0.0154	0.0608	20.0000001053168
0.0176	0.0608	20.0000001053175
0.0198	0.0608	20.0000001053184
0.022	0.0608	20.0000001053193
0.0242	0.0608	20.0000001053204
0.0264	0.0608	20.0000001053216
0.0286	0.0608	20.0000001053229
0.0308	0.0608	20.0000001053243
0.033	0.0608	20.0000001053258
0.0352	0.0608	20.0000001053274
0.0374	0.0608	20.0000001053291
0.0396	0.0608	20.000000105331
0.0418	0.0608	20.0000001053329
0.044	0.0608	20.000000105335
0.0462	0.0608	20.0000001053372
0.0484	0.0608	20.0000001053395
0.0506	0.0608	20.0000001053419
0.0528	0.0608	20.0000001053445
0.055	0.0608	20.0000001053472
0.0572	0.0608	20.00000010535
0.0594	0.0608	20.0000001053529
0.0616	0.0608	20.000000105356
0.0638	0.0608	20.0000001053591
0.066	0.0608	20.0000001053625
0.0682	0.0608	20.000000105366
0.0704	0.0608	20.0000001053696
0.0726	0.0608	20.0000001053734
0.0748	0.0608	20.0000001053773
0.077	0.0608	20.0000001053814
0.0792	0.0608	20.0000001053856
0.0814	0.0608	20.00000010539
0.0836	0.0608	20.0000001053946
0.0858	0.0608	20.0000001053994
0.088	0.0608	20.0000001054043
0.0902	0.0608	20.0000001054094
0.0924	0.0608	20.0000001054148
0.0946	0.0608	20.0000001054203
0.0968	0.0608	20.0000001054259
0.099	0.0608	20.0000001054318
0.1012	0.0608	20.0000001054318
0.1034	0.0608	20.0000001054318
0.1056	0.0608	20.0000001054319
0.1078	0.0608	20.0000001054319
0.11	0.0608	20.0000001054319
0	0.064	20.0000001053106
0.0022	0.064	20.0000001053106
0.0044	0.064	20.0000001053108
0.0066	0.064	20.000000105311
0.0088	0.064	20.0000001053114
0.011	0.064	20.0000001053119
0.0132	0.064	20.0000001053124
0.0154	0.064	20.0000001053131
0.0176	0.064	20.0000001053139
0.0198	0.064	20.0000001053148
0.022	0.064	20.0000001053158
0.0242	0.064	20.0000001053169
0.0264	0.064	20.0000001053182
0.0286	0.064	20.0000001053195
0.0308	0.064	20.0000001053209
0.033	0.064	20.0000001053225
0.0352	0.064	20.0000001053242
0.0374	0.064	20.000000105326
0.0396	0.064	20.0000001053279
0.0418	0.064	20.0000001053299
0.044	0.064	20.0000001053321
0.0462	0.064	20.0000001053344
0.0484	0.064	20.0000001053368
0.0506	0.064	20.0000001053393
0.0528	0.064	20.0000001053419
0.055	0.064	20.0000001053447
0.0572	0.064	20.0000001053476
0.0594	0.064	20.0000001053507
0.0616	0.064	20.0000001053538
0.0638	0.064	20.0000001053571
0.066	0.064	20.0000001053606
0.0682	0.064	20.0000001053642
0.0704	0.064	20.0000001053679
0.0726	0.064	20.0000001053718
0.0748	0.064	20.0000001053759
0.077	0.064	20.0000001053801
0.0792	0.064	20.0000001053845
0.0814	0.064	20.000000105389
0.0836	0.064	20.0000001053937
0.0858	0.064	20.0000001053986
0.088	0.064	20.0000001054037
0.0902	0.064	20.0000001054089
0.0924	0.064	20.0000001054144
0.0946	0.064	20.00000010542
0.0968	0.064	20.0000001054258
0.099	0.064	20.0000001054318
0.1012	0.064	20.0000001054318
0.1034	0.064	20.0000001054318
0.1056	0.064	20.0000001054318
0.1078	0.064	20.0000001054318
0.11	0.064	20.0000001054318
0	0.0672	20.0000001053071
0.0022	0.0672	20.0000001053071
0.0044	0.0672	20.0000001053073
0.0066	0.0672	20.0000001053076
0.0088	0.0672	20.000000105308
0.011	0.0672	20.0000001053084
0.0132	0.0672	20.000000105309
0.0154	0.0672	20.0000001053097
0.0176	0.0672	20.0000001053106
0.0198	0.0672	20.0000001053115
0.022	0.0672	20.0000001053125
0.0242	0.0672	20.0000001053137
0.0264	0.0672	20.000000105315
0.0286	0.0672	20.0000001053163
0.0308	0.0672	20.0000001053179
0.033	0.0672	20.0000001053195
0.0352	0.0672	20.0000001053212
0.0374	0.0672	20.0000001053231
0.0396	0.0672	20.0000001053251
0.0418	0.0672	20.0000001053272
0.044	0.0672	20.0000001053294
0.0462	0.0672	20.0000001053318
0.0484	0.0672	20.0000001053343
0.0506	0.0672	20.0000001053369
0.0528	0.0672	20.0000001053396
0.055	0.0672	20.0000001053425
0.0572	0.0672	20.0000001053455
0.0594	0.0672	20.0000001053486
0.0616	0.0672	20.0000001053519
0.0638	0.0672	20.0000001053553
0.066	0.0672	20.0000001053588
0.0682	0.0672	20.0000001053625
0.0704	0.0672	20.0000001053664
0.0726	0.0672	20.0000001053704
0.0748	0.0672	20.0000001053746
0.077	0.0672	20.0000001053789
0.0792	0.0672	20.0000001053834
0.0814	0.0672	20.0000001053881
0.0836	0.0672	20.0000001053929
0.0858	0.0672	20.0000001053979
0.088	0.0672	20.0000001054031
0.0902	0.0672	20.0000001054085
0.0924	0.0672	20.000000105414
0.0946	0.0672	20.0000001054198
0.0968	0.0672	20.0000001054257
0.099	0.0672	20.0000001054318
0.1012	0.0672	20.0000001054318
0.1034	0.0672	20.0000001054318
0.1056	0.0672	20.0000001054318
0.1078	0.0672	20.0000001054318
0.11	0.0672	20.0000001054318
0	0.0704	20.0000001053038
0.0022	0.0704	20.0000001053039
0.0044	0.0704	20.0000001053041
0.0066	0.0704	20.0000001053043
0.0088	0.0704	20.0000001053047
0.011	0.0704	20.0000001053052
0.0132	0.0704	20.0000001053059
0.0154	0.0704	20.0000001053066
0.0176	0.0704	20.0000001053075
0.0198	0.0704	20.0000001053084
0.022	0.0704	20.0000001053095
0.0242	0.0704	20.0000001053107
0.0264	0.0704	20.000000105312
0.0286	0.0704	20.0000001053134
0.0308	0.0704	20.000000105315
0.033	0.0704	20.0000001053167
0.0352	0.0704	20.0000001053185
0.0374	0.0704	20.0000001053204
0.0396	0.0704	20.0000001053225
0.0418	0.0704	20.0000001053246
0.044	0.0704	20.0000001053269
0.0462	0.0704	20.0000001053294
0.0484	0.0704	20.0000001053319
0.0506	0.0704	20.0000001053346
0.0528	0.0704	20.0000001053374
0.055	0.0704	20.0000001053404
0.0572	0.0704	20.0000001053435
0.0594	0.0704	20.0000001053467
0.0616	0.0704	20.0000001053501
0.0638	0.0704	20.0000001053536
0.066	0.0704	20.0000001053572
0.0682	0.0704	20.0000001053611
0.0704	0.0704	20.000000105365
0.0726	0.0704	20.0000001053691
0.0748	0.0704	20.0000001053734
0.077	0.0704	20.0000001053778
0.0792	0.0704	20.0000001053824
0.0814	0.0704	20.0000001053872
0.0836	0.0704	20.0000001053922
0.0858	0.0704	20.0000001053973
0.088	0.0704	20.0000001054026
0.0902	0.0704	20.000000105408
0.0924	0.0704	20.0000001054137
0.0946	0.0704	20.0000001054195
0.0968	0.0704	20.0000001054256
0.099	0.0704	20.0000001054318
0.1012	0.0704	20.0000001054318
0.1034	0.0704	20.0000001054318
0.1056	0.0704	20.0000001054318
0.1078	0.0704	20.0000001054318
0.11	0.0704	20.0000001054318
0	0.0736	20.0000001053008
0.0022	0.0736	20.0000001053009
0.0044	0.0736	20.0000001053011
0.0066	0.0736	20.0000001053014
0.0088	0.0736	20.0000001053018
0.011	0.0736	20.0000001053023
0.0132	0.0736	20.0000001053029
0.0154	0.0736	20.0000001053037
0.0176	0.0736	20.0000001053046
0.0198	0.0736	20.0000001053056
0.022	0.0736	20.0000001053067
0.0242	0.0736	20.0000001053079
0.0264	0.0736	20.0000001053093
0.0286	0.0736	20.0000001053107
0.0308	0.0736	20.0000001053123
0.033	0.0736	20.0000001053141
0.0352	0.0736	20.0000001053159
0.0374	0.0736	20.0000001053179
0.0396	0.0736	20.00000010532
0.0418	0.0736	20.0000001053223
0.044	0.0736	20.0000001053247
0.0462	0.0736	20.0000001053272
0.0484	0.0736	20.0000001053298
0.0506	0.0736	20.0000001053325
0.0528	0.0736	20.0000001053354
0.055	0.0736	20.0000001053385
0.0572	0.0736	20.0000001053417
0.0594	0.0736	20.000000105345
0.0616	0.0736	20.0000001053484
0.0638	0.0736	20.000000105352
0.066	0.0736	20.0000001053558
0.0682	0.0736	20.0000001053597
0.0704	0.0736	20.0000001053637
0.0726	0.0736	20.0000001053679
0.0748	0.0736	20.0000001053723
0.077	0.0736	20.0000001053768
0.0792	0.0736	20.0000001053815
0.0814	0.0736	20.0000001053864
0.0836	0.0736	20.0000001053915
0.0858	0.0736	20.0000001053967
0.088	0.0736	20.0000001054021
0.0902	0.0736	20.0000001054076
0.0924	0.0736	20.0000001054134
0.0946	0.0736	20.0000001054193
0.0968	0.0736	20.0000001054254
0.099	0.0736	20.0000001054318
0.1012	0.0736	20.0000001054318
0.1034	0.0736	20.0000001054318
0.1056	0.0736	20.0000001054318
0.1078	0.0736	20.0000001054318
0.11	0.0736	20.0000001054318
0	0.0768	20.0000001052981
0.0022	0.0768	20.0000001052981
0.0044	0.0768	20.0000001052983
0.0066	0.0768	20.0000001052986
0.0088	0.0768	20.000000105299
0.011	0.0768	20.0000001052996
0.0132	0.0768	20.0000001053002
0.0154	0.0768	20.000000105301
0.0176	0.0768	20.0000001053019
0.0198	0.0768	20.0000001053029
0.022	0.0768	20.0000001053041
0.0242	0.0768	20.0000001053053
0.0264	0.0768	20.0000001053067
0.0286	0.0768	20.0000001053083
0.0308	0.0768	20.0000001053099
0.033	0.0768	20.0000001053117
0.0352	0.0768	20.0000001053136
0.0374	0.0768	20.0000001053156
0.0396	0.0768	20.0000001053178
0.0418	0.0768	20.0000001053201
0.044	0.0768	20.0000001053225
0.0462	0.0768	20.0000001053251
0.0484	0.0768	20.0000001053278
0.0506	0.0768	20.0000001053306
0.0528	0.0768	20.0000001053336
0.055	0.0768	20.0000001053367
0.0572	0.0768	20.00000010534
0.0594	0.0768	20.0000001053434
0.0616	0.0768	20.0000001053469
0.0638	0.0768	20.0000001053506
0.066	0.0768	20.0000001053544
0.0682	0.0768	20.0000001053584
0.0704	0.0768	20.0000001053626
0.0726	0.0768	20.0000001053669
0.0748	0.0768	20.0000001053713
0.077	0.0768	20.0000001053759
0.0792	0.0768	20.0000001053807
0.0814	0.0768	20.0000001053857
0.0836	0.0768	20.0000001053908
0.0858	0.0768	20.0000001053961
0.088	0.0768	20.0000001054016
0.0902	0.0768	20.0000001054073
0.0924	0.0768	20.0000001054131
0.0946	0.0768	20.0000001054191
0.0968	0.0768	20.0000001054253
0.099	0.0768	20.0000001054317
0.1012	0.0768	20.0000001054318
0.1034	0.0768	20.0000001054318
0.1056	0.0768	20.0000001054318
0.1078	0.0768	20.0000001054318
0.11	0.0768	20.0000001054318
0	0.08	20.0000001052955
0.0022	0.08	20.0000001052956
0.0044	0.08	20.0000001052957
0.0066	0.08	20.0000001052961
0.0088	0.08	20.0000001052965
0.011	0.08	20.000000105297
0.0132	0.08	20.0000001052977
0.0154	0.08	20.0000001052985
0.0176	0.08	20.0000001052994
0.0198	0.08	20.0000001053005
0.022	0.08	20.0000001053017
0.0242	0.08	20.000000105303
0.0264	0.08	20.0000001053044
0.0286	0.08	20.000000105306
0.0308	0.08	20.0000001053076
0.033	0.08	20.0000001053095
0.0352	0.08	20.0000001053114
0.0374	0.08	20.0000001053135
0.0396	0.08	20.0000001053157
0.0418	0.08	20.0000001053181
0.044	0.08	20.0000001053206
0.0462	0.08	20.0000001053232
0.0484	0.08	20.000000105326
0.0506	0.08	20.0000001053289
0.0528	0.08	20.0000001053319
0.055	0.08	20.0000001053351
0.0572	0.08	20.0000001053384
0.0594	0.08	20.0000001053419
0.0616	0.08	20.0000001053455
0.0638	0.08	20.0000001053493
0.066	0.08	20.0000001053532
0.0682	0.08	20.0000001053573
0.0704	0.08	20.0000001053615
0.0726	0.08	20.0000001053659
0.0748	0.08	20.0000001053704
0.077	0.08	20.0000001053751
0.0792	0.08	20.00000010538
0.0814	0.08	20.000000105385
0.0836	0.08	20.0000001053902
0.0858	0.08	20.0000001053956
0.088	0.08	20.0000001054012
0.0902	0.08	20.000000105407
0.0924	0.08	20.0000001054129
0.0946	0.08	20.000000105419
0.0968	0.08	20.0000001054253
0.099	0.08	20.0000001054317
0.1012	0.08	20.0000001054317
0.1034	0.08	20.0000001054318
0.1056	0.08	20.0000001054318
0.1078	0.08	20.0000001054318
0.11	0.08	20.0000001054318
0	0.0832	20.0000001052931
0.0022	0.0832	20.0000001052932
0.0044	0.0832	20.0000001052934
0.0066	0.0832	20.0000001052937
0.0088	0.0832	20.0000001052941
0.011	0.0832	20.0000001052947
0.0132	0.0832	20.0000001052954
0.0154	0.0832	20.0000001052962
0.0176	0.0832	20.0000001052972
0.0198	0.0832	20.0000001052982
0.022	0.0832	20.0000001052994
0.0242	0.0832	20.0000001053008
0.0264	0.0832	20.0000001053022
0.0286	0.0832	20.0000001053038
0.0308	0.0832	20.0000001053056
0.033	0.0832	20.0000001053074
0.0352	0.0832	20.0000001053094
0.0374	0.0832	20.0000001053116
0.0396	0.0832	20.0000001053138
0.0418	0.0832	20.0000001053162
0.044	0.0832	20.0000001053188
0.0462	0.0832	20.0000001053215
0.0484	0.0832	20.0000001053243
0.0506	0.0832	20.0000001053273
0.0528	0.0832	20.0000001053304
0.055	0.0832	20.0000001053336
0.0572	0.0832	20.000000105337
0.0594	0.0832	20.0000001053405
0.0616	0.0832	20.0000001053442
0.0638	0.0832	20.0000001053481
0.066	0.0832	20.000000105352
0.0682	0.0832	20.0000001053562
0.0704	0.0832	20.0000001053605
0.0726	0.0832	20.000000105365
0.0748	0.0832	20.0000001053696
0.077	0.0832	20.0000001053744
0.0792	0.0832	20.0000001053793
0.0814	0.0832	20.0000001053844
0.0836	0.0832	20.0000001053897
0.0858	0.0832	20.0000001053952
0.088	0.0832	20.0000001054008
0.0902	0.0832	20.0000001054067
0.0924	0.0832	20.0000001054127
0.0946	0.0832	20.0000001054188
0.0968	0.0832	20.0000001054252
0.099	0.0832	20.0000001054317
0.1012	0.0832	20.0000001054317
0.1034	0.0832	20.0000001054317
0.1056	0.0832	20.0000001054318
0.1078	0.0832	20.0000001054318
0.11	0.0832	20.0000001054317
0	0.0864	20.0000001052909
0.0022	0.0864	20.000000105291
0.0044	0.0864	20.0000001052912
0.0066	0.0864	20.0000001052915
0.0088	0.0864	20.000000105292
0.011	0.0864	20.0000001052925
0.0132	0.0864	20.0000001052933
0.0154	0.0864	20.0000001052941
0.0176	0.0864	20.0000001052951
0.0198	0.0864	20.0000001052962
0.022	0.0864	20.0000001052974
0.0242	0.0864	20.0000001052987
0.0264	0.0864	20.0000001053002
0.0286	0.0864	20.0000001053019
0.0308	0.0864	20.0000001053036
0.033	0.0864	20.0000001053055
0.0352	0.0864	20.0000001053076
0.0374	0.0864	20.0000001053098
0.0396	0.0864	20.0000001053121
0.0418	0.0864	20.0000001053145
0.044	0.0864	20.0000001053171
0.0462	0.0864	20.0000001053199
0.0484	0.0864	20.0000001053228
0.0506	0.0864	20.0000001053258
0.0528	0.0864	20.0000001053289
0.055	0.0864	20.0000001053322
0.0572	0.0864	20.0000001053357
0.0594	0.0864	20.0000001053393
0.0616	0.0864	20.000000105343
0.0638	0.0864	20.0000001053469
0.066	0.0864	20.000000105351
0.0682	0.0864	20.0000001053552
0.0704	0.0864	20.0000001053596
0.0726	0.0864	20.0000001053641
0.0748	0.0864	20.0000001053688
0.077	0.0864	20.0000001053737
0.0792	0.0864	20.0000001053787
0.0814	0.0864	20.0000001053839
0.0836	0.0864	20.0000001053893
0.0858	0.0864	20.0000001053948
0.088	0.0864	20.0000001054005
0.0902	0.0864	20.0000001054064
0.0924	0.0864	20.0000001054124
0.0946	0.0864	20.0000001054187
0.0968	0.0864	20.0000001054251
0.099	0.0864	20.0000001054317
0.1012	0.0864	20.0000001054317
0.1034	0.0864	20.0000001054317
0.1056	0.0864	20.0000001054317
0.1078	0.0864	20.0000001054317
0.11	0.0864	20.0000001054317
0	0.0896	20.0000001052889
0.0022	0.0896	20.000000105289
0.0044	0.0896	20.0000001052892
0.0066	0.0896	20.0000001052895
0.0088	0.0896	20.00000010529
0.011	0.0896	20.0000001052906
0.0132	0.0896	20.0000001052913
0.0154	0.0896	20.0000001052921
0.0176	0.0896	20.0000001052931
0.0198	0.0896	20.0000001052943
0.022	0.0896	20.0000001052955
0.0242	0.0896	20.0000001052969
0.0264	0.0896	20.0000001052984
0.0286	0.0896	20.0000001053001
0.0308	0.0896	20.0000001053019
0.033	0.0896	20.0000001053038
0.0352	0.0896	20.0000001053059
0.0374	0.0896	20.0000001053081
0.0396	0.0896	20.0000001053105
0.0418	0.0896	20.000000105313
0.044	0.0896	20.0000001053156
0.0462	0.0896	20.0000001053184
0.0484	0.0896	20.0000001053213
0.0506	0.0896	20.0000001053244
0.0528	0.0896	20.0000001053276
0.055	0.0896	20.000000105331
0.0572	0.0896	20.0000001053345
0.0594	0.0896	20.0000001053381
0.0616	0.0896	20.000000105342
0.0638	0.0896	20.0000001053459
0.066	0.0896	20.00000010535
0.0682	0.0896	20.0000001053543
0.0704	0.0896	20.0000001053587
0.0726	0.0896	20.0000001053633
0.0748	0.0896	20.0000001053681
0.077	0.0896	20.000000105373
0.0792	0.0896	20.0000001053781
0.0814	0.0896	20.0000001053834
0.0836	0.0896	20.0000001053888
0.0858	0.0896	20.0000001053944
0.088	0.0896	20.0000001054002
0.0902	0.0896	20.0000001054061
0.0924	0.0896	20.0000001054122
0.0946	0.0896	20.0000001054186
0.0968	0.0896	20.000000105425
0.099	0.0896	20.0000001054317
0.1012	0.0896	20.0000001054317
0.1034	0.0896	20.0000001054317
0.1056	0.0896	20.0000001054317
0.1078	0.0896	20.0000001054317
0.11	0.0896	20.0000001054317
0	0.0928	20.000000105287
0.0022	0.0928	20.0000001052871
0.0044	0.0928	20.0000001052873
0.0066	0.0928	20.0000001052877
0.0088	0.0928	20.0000001052881
0.011	0.0928	20.0000001052887
0.0132	0.0928	20.0000001052895
0.0154	0.0928	20.0000001052903
0.0176	0.0928	20.0000001052913
0.0198	0.0928	20.0000001052925
0.022	0.0928	20.0000001052938
0.0242	0.0928	20.0000001052952
0.0264	0.0928	20.0000001052967
0.0286	0.0928	20.0000001052984
0.0308	0.0928	20.0000001053002
0.033	0.0928	20.0000001053022
0.0352	0.0928	20.0000001053043
0.0374	0.0928	20.0000001053066
0.0396	0.0928	20.000000105309
0.0418	0.0928	20.0000001053115
0.044	0.0928	20.0000001053142
0.0462	0.0928	20.000000105317
0.0484	0.0928	20.00000010532
0.0506	0.0928	20.0000001053231
0.0528	0.0928	20.0000001053264
0.055	0.0928	20.0000001053298
0.0572	0.0928	20.0000001053334
0.0594	0.0928	20.0000001053371
0.0616	0.0928	20.000000105341
0.0638	0.0928	20.000000105345
0.066	0.0928	20.0000001053492
0.0682	0.0928	20.0000001053535
0.0704	0.0928	20.000000105358
0.0726	0.0928	20.0000001053626
0.0748	0.0928	20.0000001053675
0.077	0.0928	20.0000001053725
0.0792	0.0928	20.0000001053776
0.0814	0.0928	20.0000001053829
0.0836	0.0928	20.0000001053884
0.0858	0.0928	20.0000001053941
0.088	0.0928	20.0000001053999
0.0902	0.0928	20.0000001054059
0.0924	0.0928	20.0000001054121
0.0946	0.0928	20.0000001054184
0.0968	0.0928	20.000000105425
0.099	0.0928	20.0000001054317
0.1012	0.0928	20.0000001054317
0.1034	0.0928	20.0000001054317
0.1056	0.0928	20.0000001054317
0.1078	0.0928	20.0000001054317
0.11	0.0928	20.0000001054317
0	0.096	20.0000001052853
0.0022	0.096	20.0000001052854
0.0044	0.096	20.0000001052856
0.0066	0.096	20.0000001052859
0.0088	0.096	20.0000001052864
0.011	0.096	20.000000105287
0.0132	0.096	20.0000001052878
0.0154	0.096	20.0000001052887
0.0176	0.096	20.0000001052897
0.0198	0.096	20.0000001052909
0.022	0.096	20.0000001052921
0.0242	0.096	20.0000001052936
0.0264	0.096	20.0000001052952
0.0286	0.096	20.0000001052969
0.0308	0.096	20.0000001052987
0.033	0.096	20.0000001053007
0.0352	0.096	20.0000001053029
0.0374	0.096	20.0000001053052
0.0396	0.096	20.0000001053076
0.0418	0.096	20.0000001053102
0.044	0.096	20.0000001053129
0.0462	0.096	20.0000001053158
0.0484	0.096	20.0000001053188
0.0506	0.096	20.000000105322
0.0528	0.096	20.0000001053253
0.055	0.096	20.0000001053288
0.0572	0.096	20.0000001053324
0.0594	0.096	20.0000001053361
0.0616	0.096	20.00000010534
0.0638	0.096	20.0000001053441
0.066	0.096	20.0000001053484
0.0682	0.096	20.0000001053527
0.0704	0.096	20.0000001053573
0.0726	0.096	20.000000105362
0.0748	0.096	20.0000001053669
0.077	0.096	20.0000001053719
0.0792	0.096	20.0000001053771
0.0814	0.096	20.0000001053825
0.0836	0.096	20.0000001053881
0.0858	0.096	20.0000001053938
0.088	0.096	20.0000001053996
0.0902	0.096	20.0000001054057
0.0924	0.096	20.0000001054119
0.0946	0.096	20.0000001054183
0.0968	0.096	20.0000001054249
0.099	0.096	20.0000001054317
0.1012	0.096	20.0000001054317
0.1034	0.096	20.0000001054317
0.1056	0.096	20.0000001054317
0.1078	0.096	20.0000001054317
0.11	0.096	20.0000001054317
0	0.0992	20.0000001052837
0.0022	0.0992	20.0000001052838
0.0044	0.0992	20.000000105284
0.0066	0.0992	20.0000001052844
0.0088	0.0992	20.0000001052849
0.011	0.0992	20.0000001052855
0.0132	0.0992	20.0000001052862
0.0154	0.0992	20.0000001052871
0.0176	0.0992	20.0000001052882
0.0198	0.0992	20.0000001052894
0.022	0.0992	20.0000001052907
0.0242	0.0992	20.0000001052921
0.0264	0.0992	20.0000001052937
0.0286	0.0992	20.0000001052955
0.0308	0.0992	20.0000001052973
0.033	0.0992	20.0000001052994
0.0352	0.0992	20.0000001053015
0.0374	0.0992	20.0000001053039
0.0396	0.0992	20.0000001053064
0.0418	0.0992	20.000000105309
0.044	0.0992	20.0000001053117
0.0462	0.0992	20.0000001053147
0.0484	0.0992	20.0000001053177
0.0506	0.0992	20.0000001053209
0.0528	0.0992	20.0000001053243
0.055	0.0992	20.0000001053278
0.0572	0.0992	20.0000001053314
0.0594	0.0992	20.0000001053352
0.0616	0.0992	20.0000001053392
0.0638	0.0992	20.0000001053433
0.066	0.0992	20.0000001053476
0.0682	0.0992	20.000000105352
0.0704	0.0992	20.0000001053567
0.0726	0.0992	20.0000001053614
0.0748	0.0992	20.0000001053663
0.077	0.0992	20.0000001053714
0.0792	0.0992	20.0000001053767
0.0814	0.0992	20.0000001053821
0.0836	0.0992	20.0000001053877
0.0858	0.0992	20.0000001053935
0.088	0.0992	20.0000001053994
0.0902	0.0992	20.0000001054055
0.0924	0.0992	20.0000001054118
0.0946	0.0992	20.0000001054182
0.0968	0.0992	20.0000001054249
0.099	0.0992	20.0000001054317
0.1012	0.0992	20.0000001054317
0.1034	0.0992	20.0000001054317
0.1056	0.0992	20.0000001054317
0.1078	0.0992	20.0000001054317
0.11	0.0992	20.0000001054317
0	0.1024	20.0000001052823
0.0022	0.1024	20.0000001052824
0.0044	0.1024	20.0000001052826
0.0066	0.1024	20.0000001052829
0.0088	0.1024	20.0000001052834
0.011	0.1024	20.000000105284
0.0132	0.1024	20.0000001052848
0.0154	0.1024	20.0000001052857
0.0176	0.1024	20.0000001052868
0.0198	0.1024	20.000000105288
0.022	0.1024	20.0000001052893
0.0242	0.1024	20.0000001052908
0.0264	0.1024	20.0000001052924
0.0286	0.1024	20.0000001052942
0.0308	0.1024	20.0000001052961
0.033	0.1024	20.0000001052981
0.0352	0.1024	20.0000001053003
0.0374	0.1024	20.0000001053027
0.0396	0.1024	20.0000001053052
0.0418	0.1024	20.0000001053079
0.044	0.1024	20.0000001053107
0.0462	0.1024	20.0000001053136
0.0484	0.1024	20.0000001053167
0.0506	0.1024	20.0000001053199
0.0528	0.1024	20.0000001053233
0.055	0.1024	20.0000001053269
0.0572	0.1024	20.0000001053306
0.0594	0.1024	20.0000001053344
0.0616	0.1024	20.0000001053384
0.0638	0.1024	20.0000001053426
0.066	0.1024	20.0000001053469
0.0682	0.1024	20.0000001053514
0.0704	0.1024	20.0000001053561
0.0726	0.1024	20.0000001053609
0.0748	0.1024	20.0000001053659
0.077	0.1024	20.000000105371
0.0792	0.1024	20.0000001053763
0.0814	0.1024	20.0000001053818
0.0836	0.1024	20.0000001053874
0.0858	0.1024	20.0000001053932
0.088	0.1024	20.0000001053992
0.0902	0.1024	20.0000001054053
0.0924	0.1024	20.0000001054117
0.0946	0.1024	20.0000001054181
0.0968	0.1024	20.0000001054248
0.099	0.1024	20.0000001054317
0.1012	0.1024	20.0000001054317
0.1034	0.1024	20.0000001054317
0.1056	0.1024	20.0000001054317
0.1078	0.1024	20.0000001054317
0.11	0.1024	20.0000001054317
0	0.1056	20.0000001052809
0.0022	0.1056	20.000000105281
0.0044	0.1056	20.0000001052813
0.0066	0.1056	20.0000001052816
0.0088	0.1056	20.0000001052821
0.011	0.1056	20.0000001052827
0.0132	0.1056	20.0000001052835
0.0154	0.1056	20.0000001052844
0.0176	0.1056	20.0000001052855
0.0198	0.1056	20.0000001052867
0.022	0.1056	20.0000001052881
0.0242	0.1056	20.0000001052896
0.0264	0.1056	20.0000001052912
0.0286	0.1056	20.000000105293
0.0308	0.1056	20.0000001052949
0.033	0.1056	20.000000105297
0.0352	0.1056	20.0000001052992
0.0374	0.1056	20.0000001053016
0.0396	0.1056	20.0000001053041
0.0418	0.1056	20.0000001053068
0.044	0.1056	20.0000001053097
0.0462	0.1056	20.0000001053127
0.0484	0.1056	20.0000001053158
0.0506	0.1056	20.0000001053191
0.0528	0.1056	20.0000001053225
0.055	0.1056	20.0000001053261
0.0572	0.1056	20.0000001053298
0.0594	0.1056	20.0000001053337
0.0616	0.1056	20.0000001053377
0.0638	0.1056	20.000000105342
0.066	0.1056	20.0000001053463
0.0682	0.1056	20.0000001053508
0.0704	0.1056	20.0000001053555
0.0726	0.1056	20.0000001053604
0.0748	0.1056	20.0000001053654
0.077	0.1056	20.0000001053706
0.0792	0.1056	20.0000001053759
0.0814	0.1056	20.0000001053815
0.0836	0.1056	20.0000001053871
0.0858	0.1056	20.000000105393
0.088	0.1056	20.000000105399
0.0902	0.1056	20.0000001054052
0.0924	0.1056	20.0000001054115
0.0946	0.1056	20.0000001054181
0.0968	0.1056	20.0000001054248
0.099	0.1056	20.0000001054316
0.1012	0.1056	20.0000001054317
0.1034	0.1056	20.0000001054317
0.1056	0.1056	20.0000001054317
0.1078	0.1056	20.0000001054317
0.11	0.1056	20.0000001054317
0	0.1088	20.0000001052797
0.0022	0.1088	20.0000001052798
0.0044	0.1088	20.00000010528
0.0066	0.1088	20.0000001052804
0.0088	0.1088	20.0000001052809
0.011	0.1088	20.0000001052816
0.0132	0.1088	20.0000001052823
0.0154	0.1088	20.0000001052833
0.0176	0.1088	20.0000001052844
0.0198	0.1088	20.0000001052856
0.022	0.1088	20.0000001052869
0.0242	0.1088	20.0000001052884
0.0264	0.1088	20.0000001052901
0.0286	0.1088	20.0000001052919
0.0308	0.1088	20.0000001052939
0.033	0.1088	20.000000105296
0.0352	0.1088	20.0000001052982
0.0374	0.1088	20.0000001053006
0.0396	0.1088	20.0000001053032
0.0418	0.1088	20.0000001053059
0.044	0.1088	20.0000001053088
0.0462	0.1088	20.0000001053118
0.0484	0.1088	20.0000001053149
0.0506	0.1088	20.0000001053182
0.0528	0.1088	20.0000001053217
0.055	0.1088	20.0000001053253
0.0572	0.1088	20.0000001053291
0.0594	0.1088	20.000000105333
0.0616	0.1088	20.0000001053371
0.0638	0.1088	20.0000001053413
0.066	0.1088	20.0000001053458
0.0682	0.1088	20.0000001053503
0.0704	0.1088	20.0000001053551
0.0726	0.1088	20.00000010536
0.0748	0.1088	20.000000105365
0.077	0.1088	20.0000001053702
0.0792	0.1088	20.0000001053756
0.0814	0.1088	20.0000001053812
0.0836	0.1088	20.0000001053869
0.0858	0.1088	20.0000001053928
0.088	0.1088	20.0000001053988
0.0902	0.1088	20.000000105405
0.0924	0.1088	20.0000001054114
0.0946	0.1088	20.000000105418
0.0968	0.1088	20.0000001054247
0.099	0.1088	20.0000001054316
0.1012	0.1088	20.0000001054317
0.1034	0.1088	20.0000001054317
0.1056	0.1088	20.0000001054317
0.1078	0.1088	20.0000001054317
0.11	0.1088	20.0000001054316
0	0.112	20.0000001052786
0.0022	0.112	20.0000001052787
0.0044	0.112	20.0000001052789
0.0066	0.112	20.0000001052793
0.0088	0.112	20.0000001052798
0.011	0.112	20.0000001052805
0.0132	0.112	20.0000001052813
0.0154	0.112	20.0000001052822
0.0176	0.112	20.0000001052833
0.0198	0.112	20.0000001052845
0.022	0.112	20.0000001052859
0.0242	0.112	20.0000001052874
0.0264	0.112	20.0000001052891
0.0286	0.112	20.0000001052909
0.0308	0.112	20.0000001052929
0.033	0.112	20.000000105295
0.0352	0.112	20.0000001052973
0.0374	0.112	20.0000001052997
0.0396	0.112	20.0000001053023
0.0418	0.112	20.000000105305
0.044	0.112	20.0000001053079
0.0462	0.112	20.000000105311
0.0484	0.112	20.0000001053142
0.0506	0.112	20.0000001053175
0.0528	0.112	20.000000105321
0.055	0.112	20.0000001053247
0.0572	0.112	20.0000001053284
0.0594	0.112	20.0000001053324
0.0616	0.112	20.0000001053365
0.0638	0.112	20.0000001053408
0.066	0.112	20.0000001053452
0.0682	0.112	20.0000001053499
0.0704	0.112	20.0000001053546
0.0726	0.112	20.0000001053595
0.0748	0.112	20.0000001053646
0.077	0.112	20.0000001053699
0.0792	0.112	20.0000001053753
0.0814	0.112	20.0000001053809
0.0836	0.112	20.0000001053867
0.0858	0.112	20.0000001053926
0.088	0.112	20.0000001053986
0.0902	0.112	20.0000001054049
0.0924	0.112	20.0000001054113
0.0946	0.112	20.0000001054179
0.0968	0.112	20.0000001054247
0.099	0.112	20.0000001054316
0.1012	0.112	20.0000001054316
0.1034	0.112	20.0000001054316
0.1056	0.112	20.0000001054316
0.1078	0.112	20.0000001054316
0.11	0.112	20.0000001054316
0	0.1152	20.0000001052776
0.0022	0.1152	20.0000001052777
0.0044	0.1152	20.0000001052779
0.0066	0.1152	20.0000001052783
0.0088	0.1152	20.0000001052788
0.011	0.1152	20.0000001052795
0.0132	0.1152	20.0000001052803
0.0154	0.1152	20.0000001052812
0.0176	0.1152	20.0000001052823
0.0198	0.1152	20.0000001052836
0.022	0.1152	20.000000105285
0.0242	0.1152	20.0000001052865
0.0264	0.1152	20.0000001052882
0.0286	0.1152	20.00000010529
0.0308	0.1152	20.000000105292
0.033	0.1152	20.0000001052942
0.0352	0.1152	20.0000001052965
0.0374	0.1152	20.0000001052989
0.0396	0.1152	20.0000001053015
0.0418	0.1152	20.0000001053043
0.044	0.1152	20.0000001053072
0.0462	0.1152	20.0000001053102
0.0484	0.1152	20.0000001053135
0.0506	0.1152	20.0000001053168
0.0528	0.1152	20.0000001053204
0.055	0.1152	20.000000105324
0.0572	0.1152	20.0000001053279
0.0594	0.1152	20.0000001053319
0.0616	0.1152	20.000000105336
0.0638	0.1152	20.0000001053403
0.066	0.1152	20.0000001053448
0.0682	0.1152	20.0000001053494
0.0704	0.1152	20.0000001053542
0.0726	0.1152	20.0000001053592
0.0748	0.1152	20.0000001053643
0.077	0.1152	20.0000001053696
0.0792	0.1152	20.0000001053751
0.0814	0.1152	20.0000001053807
0.0836	0.1152	20.0000001053865
0.0858	0.1152	20.0000001053924
0.088	0.1152	20.0000001053985
0.0902	0.1152	20.0000001054048
0.0924	0.1152	20.0000001054112
0.0946	0.1152	20.0000001054178
0.0968	0.1152	20.0000001054246
0.099	0.1152	20.0000001054316
0.1012	0.1152	20.0000001054316
0.1034	0.1152	20.0000001054316
0.1056	0.1152	20.0000001054316
0.1078	0.1152	20.0000001054316
0.11	0.1152	20.0000001054316
0	0.1184	20.0000001052767
0.0022	0.1184	20.0000001052768
0.0044	0.1184	20.000000105277
0.0066	0.1184	20.0000001052774
0.0088	0.1184	20.0000001052779
0.011	0.1184	20.0000001052786
0.0132	0.1184	20.0000001052794
0.0154	0.1184	20.0000001052803
0.0176	0.1184	20.0000001052815
0.0198	0.1184	20.0000001052827
0.022	0.1184	20.0000001052841
0.0242	0.1184	20.0000001052857
0.0264	0.1184	20.0000001052874
0.0286	0.1184	20.0000001052892
0.0308	0.1184	20.0000001052912
0.033	0.1184	20.0000001052934
0.0352	0.1184	20.0000001052957
0.0374	0.1184	20.0000001052982
0.0396	0.1184	20.0000001053008
0.0418	0.1184	20.0000001053036
0.044	0.1184	20.0000001053065
0.0462	0.1184	20.0000001053096
0.0484	0.1184	20.0000001053128
0.0506	0.1184	20.0000001053162
0.0528	0.1184	20.0000001053198
0.055	0.1184	20.0000001053235
0.0572	0.1184	20.0000001053273
0.0594	0.1184	20.0000001053313
0.0616	0.1184	20.0000001053355
0.0638	0.1184	20.0000001053399
0.066	0.1184	20.0000001053444
0.0682	0.1184	20.000000105349
0.0704	0.1184	20.0000001053539
0.0726	0.1184	20.0000001053588
0.0748	0.1184	20.000000105364
0.077	0.1184	20.0000001053693
0.0792	0.1184	20.0000001053748
0.0814	0.1184	20.0000001053805
0.0836	0.1184	20.0000001053863
0.0858	0.1184	20.0000001053922
0.088	0.1184	20.0000001053984
0.0902	0.1184	20.0000001054047
0.0924	0.1184	20.0000001054111
0.0946	0.1184	20.0000001054178
0.0968	0.1184	20.0000001054246
0.099	0.1184	20.0000001054316
0.1012	0.1184	20.0000001054316
0.1034	0.1184	20.0000001054316
0.1056	0.1184	20.0000001054316
0.1078	0.1184	20.0000001054316
0.11	0.1184	20.0000001054316
0	0.1216	20.0000001052759
0.0022	0.1216	20.000000105276
0.0044	0.1216	20.0000001052762
0.0066	0.1216	20.0000001052766
0.0088	0.1216	20.0000001052771
0.011	0.1216	20.0000001052777
0.0132	0.1216	20.0000001052786
0.0154	0.1216	20.0000001052795
0.0176	0.1216	20.0000001052807
0.0198	0.1216	20.0000001052819
0.022	0.1216	20.0000001052833
0.0242	0.1216	20.0000001052849
0.0264	0.1216	20.0000001052866
0.0286	0.1216	20.0000001052885
0.0308	0.1216	20.0000001052905
0.033	0.1216	20.0000001052927
0.0352	0.1216	20.000000105295
0.0374	0.1216	20.0000001052975
0.0396	0.1216	20.0000001053001
0.0418	0.1216	20.0000001053029
0.044	0.1216	20.0000001053059
0.0462	0.1216	20.000000105309
0.0484	0.1216	20.0000001053123
0.0506	0.1216	20.0000001053157
0.0528	0.1216	20.0000001053192
0.055	0.1216	20.000000105323
0.0572	0.1216	20.0000001053269
0.0594	0.1216	20.0000001053309
0.0616	0.1216	20.0000001053351
0.0638	0.1216	20.0000001053395
0.066	0.1216	20.000000105344
0.0682	0.1216	20.0000001053487
0.0704	0.1216	20.0000001053535
0.0726	0.1216	20.0000001053585
0.0748	0.1216	20.0000001053637
0.077	0.1216	20.0000001053691
0.0792	0.1216	20.0000001053746
0.0814	0.1216	20.0000001053803
0.0836	0.1216	20.0000001053861
0.0858	0.1216	20.0000001053921
0.088	0.1216	20.0000001053982
0.0902	0.1216	20.0000001054046
0.0924	0.1216	20.000000105411
0.0946	0.1216	20.0000001054177
0.0968	0.1216	20.0000001054245
0.099	0.1216	20.0000001054315
0.1012	0.1216	20.0000001054316
0.1034	0.1216	20.0000001054316
0.1056	0.1216	20.0000001054316
0.1078	0.1216	20.0000001054316
0.11	0.1216	20.0000001054316
0	0.1248	20.0000001052751
0.0022	0.1248	20.0000001052752
0.0044	0.1248	20.0000001052755
0.0066	0.1248	20.0000001052758
0.0088	0.1248	20.0000001052763
0.011	0.1248	20.000000105277
0.0132	0.1248	20.0000001052778
0.0154	0.1248	20.0000001052788
0.0176	0.1248	20.0000001052799
0.0198	0.1248	20.0000001052812
0.022	0.1248	20.0000001052826
0.0242	0.1248	20.0000001052842
0.0264	0.1248	20.000000105286
0.0286	0.1248	20.0000001052878
0.0308	0.1248	20.0000001052899
0.033	0.1248	20.000000105292
0.0352	0.1248	20.0000001052944
0.0374	0.1248	20.0000001052969
0.0396	0.1248	20.0000001052995
0.0418	0.1248	20.0000001053024
0.044	0.1248	20.0000001053053
0.0462	0.1248	20.0000001053085
0.0484	0.1248	20.0000001053118
0.0506	0.1248	20.0000001053152
0.0528	0.1248	20.0000001053188
0.055	0.1248	20.0000001053225
0.0572	0.1248	20.0000001053264
0.0594	0.1248	20.0000001053305
0.0616	0.1248	20.0000001053347
0.0638	0.1248	20.0000001053391
0.066	0.1248	20.0000001053436
0.0682	0.1248	20.0000001053484
0.0704	0.1248	20.0000001053532
0.0726	0.1248	20.0000001053583
0.0748	0.1248	20.0000001053635
0.077	0.1248	20.0000001053688
0.0792	0.1248	20.0000001053744
0.0814	0.1248	20.0000001053801
0.0836	0.1248	20.0000001053859
0.0858	0.1248	20.000000105392
0.088	0.1248	20.0000001053981
0.0902	0.1248	20.0000001054045
0.0924	0.1248	20.000000105411
0.0946	0.1248	20.0000001054177
0.0968	0.1248	20.0000001054245
0.099	0.1248	20.0000001054315
0.1012	0.1248	20.0000001054315
0.1034	0.1248	20.0000001054316
0.1056	0.1248	20.0000001054316
0.1078	0.1248	20.0000001054316
0.11	0.1248	20.0000001054316
0	0.128	20.0000001052745
0.0022	0.128	20.0000001052746
0.0044	0.128	20.0000001052748
0.0066	0.128	20.0000001052752
0.0088	0.128	20.0000001052757
0.011	0.128	20.0000001052764
0.0132	0.128	20.0000001052772
0.0154	0.128	20.0000001052782
0.0176	0.128	20.0000001052793
0.0198	0.128	20.0000001052806
0.022	0.128	20.000000105282
0.0242	0.128	20.0000001052836
0.0264	0.128	20.0000001052853
0.0286	0.128	20.0000001052872
0.0308	0.128	20.0000001052893
0.033	0.128	20.0000001052915
0.0352	0.128	20.0000001052938
0.0374	0.128	20.0000001052963
0.0396	0.128	20.000000105299
0.0418	0.128	20.0000001053019
0.044	0.128	20.0000001053049
0.0462	0.128	20.000000105308
0.0484	0.128	20.0000001053113
0.0506	0.128	20.0000001053148
0.0528	0.128	20.0000001053184
0.055	0.128	20.0000001053221
0.0572	0.128	20.0000001053261
0.0594	0.128	20.0000001053301
0.0616	0.128	20.0000001053344
0.0638	0.128	20.0000001053388
0.066	0.128	20.0000001053434
0.0682	0.128	20.0000001053481
0.0704	0.128	20.000000105353
0.0726	0.128	20.000000105358
0.0748	0.128	20.0000001053633
0.077	0.128	20.0000001053687
0.0792	0.128	20.0000001053742
0.0814	0.128	20.0000001053799
0.0836	0.128	20.0000001053858
0.0858	0.128	20.0000001053918
0.088	0.128	20.000000105398
0.0902	0.128	20.0000001054044
0.0924	0.128	20.0000001054109
0.0946	0.128	20.0000001054176
0.0968	0.128	20.0000001054245
0.099	0.128	20.0000001054315
0.1012	0.128	20.0000001054316
0.1034	0.128	20.0000001054316
0.1056	0.128	20.0000001054316
0.1078	0.128	20.0000001054316
0.11	0.128	20.0000001054316
0	0.1312	20.0000001052739
0.0022	0.1312	20.000000105274
0.0044	0.1312	20.0000001052742
0.0066	0.1312	20.0000001052746
0.0088	0.1312	20.0000001052751
0.011	0.1312	20.0000001052758
0.0132	0.1312	20.0000001052766
0.0154	0.1312	20.0000001052776
0.0176	0.1312	20.0000001052788
0.0198	0.1312	20.00000010528
0.022	0.1312	20.0000001052815
0.0242	0.1312	20.0000001052831
0.0264	0.1312	20.0000001052848
0.0286	0.1312	20.0000001052867
0.0308	0.1312	20.0000001052888
0.033	0.1312	20.000000105291
0.0352	0.1312	20.0000001052933
0.0374	0.1312	20.0000001052959
0.0396	0.1312	20.0000001052986
0.0418	0.1312	20.0000001053014
0.044	0.1312	20.0000001053044
0.0462	0.1312	20.0000001053076
0.0484	0.1312	20.0000001053109
0.0506	0.1312	20.0000001053144
0.0528	0.1312	20.000000105318
0.055	0.1312	20.0000001053218
0.0572	0.1312	20.0000001053257
0.0594	0.1312	20.0000001053298
0.0616	0.1312	20.0000001053341
0.0638	0.1312	20.0000001053385
0.066	0.1312	20.0000001053431
0.0682	0.1312	20.0000001053478
0.0704	0.1312	20.0000001053528
0.0726	0.1312	20.0000001053578
0.0748	0.1312	20.0000001053631
0.077	0.1312	20.0000001053685
0.0792	0.1312	20.000000105374
0.0814	0.1312	20.0000001053798
0.0836	0.1312	20.0000001053857
0.0858	0.1312	20.0000001053917
0.088	0.1312	20.000000105398
0.0902	0.1312	20.0000001054043
0.0924	0.1312	20.0000001054109
0.0946	0.1312	20.0000001054176
0.0968	0.1312	20.0000001054245
0.099	0.1312	20.0000001054315
0.1012	0.1312	20.0000001054315
0.1034	0.1312	20.0000001054316
0.1056	0.1312	20.0000001054316
0.1078	0.1312	20.0000001054316
0.11	0.1312	20.0000001054315
0	0.1344	20.0000001052734
0.0022	0.1344	20.0000001052735
0.0044	0.1344	20.0000001052737
0.0066	0.1344	20.0000001052741
0.0088	0.1344	20.0000001052746
0.011	0.1344	20.0000001052753
0.0132	0.1344	20.0000001052761
0.0154	0.1344	20.0000001052771
0.0176	0.1344	20.0000001052783
0.0198	0.1344	20.0000001052796
0.022	0.1344	20.000000105281
0.0242	0.1344	20.0000001052826
0.0264	0.1344	20.0000001052843
0.0286	0.1344	20.0000001052863
0.0308	0.1344	20.0000001052883
0.033	0.1344	20.0000001052905
0.0352	0.1344	20.0000001052929
0.0374	0.1344	20.0000001052955
0.0396	0.1344	20.0000001052981
0.0418	0.1344	20.000000105301
0.044	0.1344	20.000000105304
0.0462	0.1344	20.0000001053072
0.0484	0.1344	20.0000001053105
0.0506	0.1344	20.000000105314
0.0528	0.1344	20.0000001053177
0.055	0.1344	20.0000001053215
0.0572	0.1344	20.0000001053254
0.0594	0.1344	20.0000001053295
0.0616	0.1344	20.0000001053338
0.0638	0.1344	20.0000001053382
0.066	0.1344	20.0000001053428
0.0682	0.1344	20.0000001053476
0.0704	0.1344	20.0000001053526
0.0726	0.1344	20.0000001053576
0.0748	0.1344	20.0000001053629
0.077	0.1344	20.0000001053683
0.0792	0.1344	20.0000001053739
0.0814	0.1344	20.0000001053797
0.0836	0.1344	20.0000001053856
0.0858	0.1344	20.0000001053917
0.088	0.1344	20.0000001053979
0.0902	0.1344	20.0000001054043
0.0924	0.1344	20.0000001054108
0.0946	0.1344	20.0000001054176
0.0968	0.1344	20.0000001054245
0.099	0.1344	20.0000001054315
0.1012	0.1344	20.0000001054315
0.1034	0.1344	20.0000001054316
0.1056	0.1344	20.0000001054316
0.1078	0.1344	20.0000001054316
0.11	0.1344	20.0000001054315
0	0.1376	20.0000001052729
0.0022	0.1376	20.000000105273
0.0044	0.1376	20.0000001052733
0.0066	0.1376	20.0000001052736
0.0088	0.1376	20.0000001052742
0.011	0.1376	20.0000001052748
0.0132	0.1376	20.0000001052757
0.0154	0.1376	20.0000001052767
0.0176	0.1376	20.0000001052778
0.0198	0.1376	20.0000001052791
0.022	0.1376	20.0000001052806
0.0242	0.1376	20.0000001052822
0.0264	0.1376	20.0000001052839
0.0286	0.1376	20.0000001052859
0.0308	0.1376	20.0000001052879
0.033	0.1376	20.0000001052902
0.0352	0.1376	20.0000001052925
0.0374	0.1376	20.0000001052951
0.0396	0.1376	20.0000001052978
0.0418	0.1376	20.0000001053007
0.044	0.1376	20.0000001053037
0.0462	0.1376	20.0000001053069
0.0484	0.1376	20.0000001053102
0.0506	0.1376	20.0000001053137
0.0528	0.1376	20.0000001053174
0.055	0.1376	20.0000001053212
0.0572	0.1376	20.0000001053252
0.0594	0.1376	20.0000001053293
0.0616	0.1376	20.0000001053336
0.0638	0.1376	20.000000105338
0.066	0.1376	20.0000001053426
0.0682	0.1376	20.0000001053474
0.0704	0.1376	20.0000001053524
0.0726	0.1376	20.0000001053575
0.0748	0.1376	20.0000001053628
0.077	0.1376	20.0000001053682
0.0792	0.1376	20.0000001053738
0.0814	0.1376	20.0000001053796
0.0836	0.1376	20.0000001053855
0.0858	0.1376	20.0000001053916
0.088	0.1376	20.0000001053978
0.0902	0.1376	20.0000001054042
0.0924	0.1376	20.0000001054108
0.0946	0.1376	20.0000001054176
0.0968	0.1376	20.0000001054245
0.099	0.1376	20.0000001054315
0.1012	0.1376	20.0000001054315
0.1034	0.1376	20.0000001054316
0.1056	0.1376	20.0000001054316
0.1078	0.1376	20.0000001054316
0.11	0.1376	20.0000001054315
0	0.1408	20.0000001052725
0.0022	0.1408	20.0000001052726
0.0044	0.1408	20.0000001052729
0.0066	0.1408	20.0000001052733
0.0088	0.1408	20.0000001052738
0.011	0.1408	20.0000001052745
0.0132	0.1408	20.0000001052753
0.0154	0.1408	20.0000001052763
0.0176	0.1408	20.0000001052775
0.0198	0.1408	20.0000001052788
0.022	0.1408	20.0000001052802
0.0242	0.1408	20.0000001052818
0.0264	0.1408	20.0000001052836
0.0286	0.1408	20.0000001052855
0.0308	0.1408	20.0000001052876
0.033	0.1408	20.0000001052898
0.0352	0.1408	20.0000001052922
0.0374	0.1408	20.0000001052948
0.0396	0.1408	20.0000001052975
0.0418	0.1408	20.0000001053004
0.044	0.1408	20.0000001053034
0.0462	0.1408	20.0000001053066
0.0484	0.1408	20.00000010531
0.0506	0.1408	20.0000001053135
0.0528	0.1408	20.0000001053171
0.055	0.1408	20.000000105321
0.0572	0.1408	20.0000001053249
0.0594	0.1408	20.0000001053291
0.0616	0.1408	20.0000001053334
0.0638	0.1408	20.0000001053378
0.066	0.1408	20.0000001053425
0.0682	0.1408	20.0000001053473
0.0704	0.1408	20.0000001053522
0.0726	0.1408	20.0000001053573
0.0748	0.1408	20.0000001053626
0.077	0.1408	20.0000001053681
0.0792	0.1408	20.0000001053737
0.0814	0.1408	20.0000001053795
0.0836	0.1408	20.0000001053854
0.0858	0.1408	20.0000001053915
0.088	0.1408	20.0000001053978
0.0902	0.1408	20.0000001054042
0.0924	0.1408	20.0000001054108
0.0946	0.1408	20.0000001054175
0.0968	0.1408	20.0000001054244
0.099	0.1408	20.0000001054315
0.1012	0.1408	20.0000001054315
0.1034	0.1408	20.0000001054316
0.1056	0.1408	20.0000001054316
0.1078	0.1408	20.0000001054316
0.11	0.1408	20.0000001054315
0	0.144	20.0000001052722
0.0022	0.144	20.0000001052723
0.0044	0.144	20.0000001052726
0.0066	0.144	20.0000001052729
0.0088	0.144	20.0000001052735
0.011	0.144	20.0000001052742
0.0132	0.144	20.000000105275
0.0154	0.144	20.000000105276
0.0176	0.144	20.0000001052772
0.0198	0.144	20.0000001052785
0.022	0.144	20.0000001052799
0.0242	0.144	20.0000001052815
0.0264	0.144	20.0000001052833
0.0286	0.144	20.0000001052852
0.0308	0.144	20.0000001052873
0.033	0.144	20.0000001052896
0.0352	0.144	20.000000105292
0.0374	0.144	20.0000001052945
0.0396	0.144	20.0000001052972
0.0418	0.144	20.0000001053001
0.044	0.144	20.0000001053032
0.0462	0.144	20.0000001053064
0.0484	0.144	20.0000001053097
0.0506	0.144	20.0000001053133
0.0528	0.144	20.0000001053169
0.055	0.144	20.0000001053208
0.0572	0.144	20.0000001053248
0.0594	0.144	20.0000001053289
0.0616	0.144	20.0000001053332
0.0638	0.144	20.0000001053377
0.066	0.144	20.0000001053423
0.0682	0.144	20.0000001053471
0.0704	0.144	20.0000001053521
0.0726	0.144	20.0000001053572
0.0748	0.144	20.0000001053625
0.077	0.144	20.000000105368
0.0792	0.144	20.0000001053736
0.0814	0.144	20.0000001053794
0.0836	0.144	20.0000001053854
0.0858	0.144	20.0000001053915
0.088	0.144	20.0000001053977
0.0902	0.144	20.0000001054042
0.0924	0.144	20.0000001054107
0.0946	0.144	20.0000001054175
0.0968	0.144	20.0000001054244
0.099	0.144	20.0000001054315
0.1012	0.144	20.0000001054315
0.1034	0.144	20.0000001054315
0.1056	0.144	20.0000001054315
0.1078	0.144	20.0000001054315
0.11	0.144	20.0000001054315
0	0.1472	20.000000105272
0.0022	0.1472	20.0000001052721
0.0044	0.1472	20.0000001052723
0.0066	0.1472	20.0000001052727
0.0088	0.1472	20.0000001052732
0.011	0.1472	20.0000001052739
0.0132	0.1472	20.0000001052748
0.0154	0.1472	20.0000001052758
0.0176	0.1472	20.0000001052769
0.0198	0.1472	20.0000001052782
0.022	0.1472	20.0000001052797
0.0242	0.1472	20.0000001052813
0.0264	0.1472	20.0000001052831
0.0286	0.1472	20.000000105285
0.0308	0.1472	20.0000001052871
0.033	0.1472	20.0000001052893
0.0352	0.1472	20.0000001052917
0.0374	0.1472	20.0000001052943
0.0396	0.1472	20.000000105297
0.0418	0.1472	20.0000001052999
0.044	0.1472	20.000000105303
0.0462	0.1472	20.0000001053062
0.0484	0.1472	20.0000001053096
0.0506	0.1472	20.0000001053131
0.0528	0.1472	20.0000001053168
0.055	0.1472	20.0000001053206
0.0572	0.1472	20.0000001053246
0.0594	0.1472	20.0000001053288
0.0616	0.1472	20.0000001053331
0.0638	0.1472	20.0000001053375
0.066	0.1472	20.0000001053422
0.0682	0.1472	20.000000105347
0.0704	0.1472	20.000000105352
0.0726	0.1472	20.0000001053571
0.0748	0.1472	20.0000001053624
0.077	0.1472	20.0000001053679
0.0792	0.1472	20.0000001053736
0.0814	0.1472	20.0000001053794
0.0836	0.1472	20.0000001053853
0.0858	0.1472	20.0000001053914
0.088	0.1472	20.0000001053977
0.0902	0.1472	20.0000001054041
0.0924	0.1472	20.0000001054107
0.0946	0.1472	20.0000001054175
0.0968	0.1472	20.0000001054244
0.099	0.1472	20.0000001054315
0.1012	0.1472	20.0000001054315
0.1034	0.1472	20.0000001054315
0.1056	0.1472	20.0000001054315
0.1078	0.1472	20.0000001054315
0.11	0.1472	20.0000001054315
0	0.1504	20.0000001052718
0.0022	0.1504	20.0000001052719
0.0044	0.1504	20.0000001052721
0.0066	0.1504	20.0000001052725
0.0088	0.1504	20.000000105273
0.011	0.1504	20.0000001052737
0.0132	0.1504	20.0000001052746
0.0154	0.1504	20.0000001052756
0.0176	0.1504	20.0000001052767
0.0198	0.1504	20.000000105278
0.022	0.1504	20.0000001052795
0.0242	0.1504	20.0000001052811
0.0264	0.1504	20.0000001052829
0.0286	0.1504	20.0000001052848
0.0308	0.1504	20.0000001052869
0.033	0.1504	20.0000001052892
0.0352	0.1504	20.0000001052916
0.0374	0.1504	20.0000001052941
0.0396	0.1504	20.0000001052969
0.0418	0.1504	20.0000001052998
0.044	0.1504	20.0000001053028
0.0462	0.1504	20.000000105306
0.0484	0.1504	20.0000001053094
0.0506	0.1504	20.0000001053129
0.0528	0.1504	20.0000001053166
0.055	0.1504	20.0000001053205
0.0572	0.1504	20.0000001053245
0.0594	0.1504	20.0000001053286
0.0616	0.1504	20.000000105333
0.0638	0.1504	20.0000001053375
0.066	0.1504	20.0000001053421
0.0682	0.1504	20.0000001053469
0.0704	0.1504	20.0000001053519
0.0726	0.1504	20.0000001053571
0.0748	0.1504	20.0000001053624
0.077	0.1504	20.0000001053679
0.0792	0.1504	20.0000001053735
0.0814	0.1504	20.0000001053793
0.0836	0.1504	20.0000001053853
0.0858	0.1504	20.0000001053914
0.088	0.1504	20.0000001053977
0.0902	0.1504	20.0000001054041
0.0924	0.1504	20.0000001054107
0.0946	0.1504	20.0000001054175
0.0968	0.1504	20.0000001054244
0.099	0.1504	20.0000001054315
0.1012	0.1504	20.0000001054315
0.1034	0.1504	20.0000001054315
0.1056	0.1504	20.0000001054315
0.1078	0.1504	20.0000001054316
0.11	0.1504	20.0000001054316
0	0.1536	20.0000001052716
0.0022	0.1536	20.0000001052717
0.0044	0.1536	20.0000001052719
0.0066	0.1536	20.0000001052723
0.0088	0.1536	20.0000001052729
0.011	0.1536	20.0000001052736
0.0132	0.1536	20.0000001052744
0.0154	0.1536	20.0000001052754
0.0176	0.1536	20.0000001052766
0.0198	0.1536	20.0000001052779
0.022	0.1536	20.0000001052794
0.0242	0.1536	20.000000105281
0.0264	0.1536	20.0000001052827
0.0286	0.1536	20.0000001052847
0.0308	0.1536	20.0000001052868
0.033	0.1536	20.000000105289
0.0352	0.1536	20.0000001052915
0.0374	0.1536	20.000000105294
0.0396	0.1536	20.0000001052968
0.0418	0.1536	20.0000001052997
0.044	0.1536	20.0000001053027
0.0462	0.1536	20.000000105306
0.0484	0.1536	20.0000001053093
0.0506	0.1536	20.0000001053128
0.0528	0.1536	20.0000001053166
0.055	0.1536	20.0000001053204
0.0572	0.1536	20.0000001053244
0.0594	0.1536	20.0000001053286
0.0616	0.1536	20.0000001053329
0.0638	0.1536	20.0000001053374
0.066	0.1536	20.0000001053421
0.0682	0.1536	20.0000001053469
0.0704	0.1536	20.0000001053519
0.0726	0.1536	20.000000105357
0.0748	0.1536	20.0000001053623
0.077	0.1536	20.0000001053678
0.0792	0.1536	20.0000001053735
0.0814	0.1536	20.0000001053793
0.0836	0.1536	20.0000001053853
0.0858	0.1536	20.0000001053914
0.088	0.1536	20.0000001053976
0.0902	0.1536	20.0000001054041
0.0924	0.1536	20.0000001054107
0.0946	0.1536	20.0000001054175
0.0968	0.1536	20.0000001054244
0.099	0.1536	20.0000001054315
0.1012	0.1536	20.0000001054315
0.1034	0.1536	20.0000001054315
0.1056	0.1536	20.0000001054315
0.1078	0.1536	20.0000001054315
0.11	0.1536	20.0000001054315
0	0.1568	20.0000001052715
0.0022	0.1568	20.0000001052716
0.0044	0.1568	20.0000001052719
0.0066	0.1568	20.0000001052723
0.0088	0.1568	20.0000001052728
0.011	0.1568	20.0000001052735
0.0132	0.1568	20.0000001052743
0.0154	0.1568	20.0000001052753
0.0176	0.1568	20.0000001052765
0.0198	0.1568	20.0000001052778
0.022	0.1568	20.0000001052793
0.0242	0.1568	20.0000001052809
0.0264	0.1568	20.0000001052827
0.0286	0.1568	20.0000001052846
0.0308	0.1568	20.0000001052867
0.033	0.1568	20.000000105289
0.0352	0.1568	20.0000001052914
0.0374	0.1568	20.000000105294
0.0396	0.1568	20.0000001052967
0.0418	0.1568	20.0000001052996
0.044	0.1568	20.0000001053027
0.0462	0.1568	20.0000001053059
0.0484	0.1568	20.0000001053093
0.0506	0.1568	20.0000001053128
0.0528	0.1568	20.0000001053165
0.055	0.1568	20.0000001053204
0.0572	0.1568	20.0000001053244
0.0594	0.1568	20.0000001053285
0.0616	0.1568	20.0000001053329
0.0638	0.1568	20.0000001053374
0.066	0.1568	20.000000105342
0.0682	0.1568	20.0000001053469
0.0704	0.1568	20.0000001053518
0.0726	0.1568	20.000000105357
0.0748	0.1568	20.0000001053623
0.077	0.1568	20.0000001053678
0.0792	0.1568	20.0000001053735
0.0814	0.1568	20.0000001053793
0.0836	0.1568	20.0000001053852
0.0858	0.1568	20.0000001053914
0.088	0.1568	20.0000001053976
0.0902	0.1568	20.0000001054041
0.0924	0.1568	20.0000001054107
0.0946	0.1568	20.0000001054175
0.0968	0.1568	20.0000001054244
0.099	0.1568	20.0000001054315
0.1012	0.1568	20.0000001054315
0.1034	0.1568	20.0000001054315
0.1056	0.1568	20.0000001054315
0.1078	0.1568	20.0000001054315
0.11	0.1568	20.0000001054315
0	0.16	20.0000001052715
0.0022	0.16	20.0000001052716
0.0044	0.16	20.0000001052718
0.0066	0.16	20.0000001052722
0.0088	0.16	20.0000001052728
0.011	0.16	20.0000001052735
0.0132	0.16	20.0000001052743
0.0154	0.16	20.0000001052753
0.0176	0.16	20.0000001052765
0.0198	0.16	20.0000001052778
0.022	0.16	20.0000001052792
0.0242	0.16	20.0000001052809
0.0264	0.16	20.0000001052827
0.0286	0.16	20.0000001052846
0.0308	0.16	20.0000001052867
0.033	0.16	20.000000105289
0.0352	0.16	20.0000001052914
0.0374	0.16	20.0000001052939
0.0396	0.16	20.0000001052967
0.0418	0.16	20.0000001052996
0.044	0.16	20.0000001053027
0.0462	0.16	20.0000001053059
0.0484	0.16	20.0000001053092
0.0506	0.16	20.0000001053128
0.0528	0.16	20.0000001053165
0.055	0.16	20.0000001053203
0.0572	0.16	20.0000001053243
0.0594	0.16	20.0000001053285
0.0616	0.16	20.0000001053328
0.0638	0.16	20.0000001053373
0.066	0.16	20.000000105342
0.0682	0.16	20.0000001053468
0.0704	0.16	20.0000001053518
0.0726	0.16	20.000000105357
0.0748	0.16	20.0000001053623
0.077	0.16	20.0000001053678
0.0792	0.16	20.0000001053735
0.0814	0.16	20.0000001053793
0.0836	0.16	20.0000001053852
0.0858	0.16	20.0000001053914
0.088	0.16	20.0000001053976
0.0902	0.16	20.0000001054041
0.0924	0.16	20.0000001054107
0.0946	0.16	20.0000001054175
0.0968	0.16	20.0000001054244
0.099	0.16	20.0000001054315
0.1012	0.16	20.0000001054315
0.1034	0.16	20.0000001054315
0.1056	0.16	20.0000001054315
0.1078	0.16	20.0000001054315
0.11	0.16	20.0000001054315
