0	0	-245.40076210373
0.0022	0	1094.54517925658
0.0044	0	2474.21663594574
0.0066	0	2598.2989763161
0.0088	0	2613.78768046245
0.011	0	2612.16822917508
0.0132	0	2612.21423102822
0.0154	0	2612.25929019839
0.0176	0	2612.25678501993
0.0198	0	2612.25719944461
0.022	0	2612.25735585485
0.0242	0	2612.25728394056
0.0264	0	2612.2572902491
0.0286	0	2612.2572919053
0.0308	0	2612.25729128882
0.033	0	2612.25729138467
0.0352	0	2612.25729137966
0.0374	0	2612.25729137806
0.0396	0	2612.25729137858
0.0418	0	2612.25729137849
0.044	0	2612.2572913785
0.0462	0	2612.2572913785
0.0484	0	2612.25729137851
0.0506	0	2612.2572913785
0.0528	0	2612.2572913785
0.055	0	2612.25729137849
0.0572	0	2612.2572913785
0.0594	0	2612.2572913785
0.0616	0	2612.2572913785
0.0638	0	2612.2572913785
0.066	0	2612.25729137851
0.0682	0	2612.2572913785
0.0704	0	2612.2572913785
0.0726	0	2612.25729137858
0.0748	0	2612.25729137849
0.077	0	2612.25729137853
0.0792	0	2612.25729137852
0.0814	0	2612.25729137859
0.0836	0	2612.25729137861
0.0858	0	2612.2572913787
0.088	0	2612.25729137874
0.0902	0	2612.25729137875
0.0924	0	2612.25729137875
0.0946	0	2612.25729137877
0.0968	0	2612.25729137882
0.099	0	2612.25729137893
0.1012	0	2612.25729137901
0.1034	0	2612.25729137904
0.1056	0	2612.25729137911
0.1078	0	2612.25729137911
0.11	0	2612.25729137915
0	0.0032	-258.634862184376
0.0022	0.0032	-63.0302667745784
0.0044	0.0032	154.9160056312
0.0066	0.0032	371.723537620844
0.0088	0.0032	374.432885365395
0.011	0.0032	370.729637769339
0.0132	0.0032	369.399210290919
0.0154	0.0032	369.331893699631
0.0176	0.0032	369.371459281774
0.0198	0.0032	369.375245909793
0.022	0.0032	369.374256695368
0.0242	0.0032	369.374306996637
0.0264	0.0032	369.374325074667
0.0286	0.0032	369.374319841067
0.0308	0.0032	369.374320520758
0.033	0.0032	369.374320499568
0.0352	0.0032	369.374320487458
0.0374	0.0032	369.374320490805
0.0396	0.0032	369.374320490371
0.0418	0.0032	369.374320490381
0.044	0.0032	369.37432049039
0.0462	0.0032	369.374320490388
0.0484	0.0032	369.374320490388
0.0506	0.0032	369.374320490389
0.0528	0.0032	369.374320490389
0.055	0.0032	369.374320490387
0.0572	0.0032	369.374320490388
0.0594	0.0032	369.374320490387
0.0616	0.0032	369.374320490387
0.0638	0.0032	369.374320490388
0.066	0.0032	369.374320490391
0.0682	0.0032	369.374320490385
0.0704	0.0032	369.37432049046
0.0726	0.0032	369.374320490275
0.0748	0.0032	369.374320490501
0.077	0.0032	369.374320490433
0.0792	0.0032	369.374320490418
0.0814	0.0032	369.374320490343
0.0836	0.0032	369.374320490325
0.0858	0.0032	369.374320490254
0.088	0.0032	369.374320490238
0.0902	0.0032	369.374320490201
0.0924	0.0032	369.374320490191
0.0946	0.0032	369.374320490103
0.0968	0.0032	369.374320490028
0.099	0.0032	369.374320489909
0.1012	0.0032	369.374320489825
0.1034	0.0032	369.374320489746
0.1056	0.0032	369.374320489675
0.1078	0.0032	369.374320489616
0.11	0.0032	369.374320489554
0	0.0064	234.712446474251
0.0022	0.0064	51.3615508391317
0.0044	0.0064	-0.0116419565739019
0.0066	0.0064	23.4369356500797
0.0088	0.0064	16.2306545194516
0.011	0.0064	-2.80075454427466
0.0132	0.0064	-6.97712575276269
0.0154	0.0064	-6.7916632437673
0.0176	0.0064	-6.67841814584672
0.0198	0.0064	-6.6923212108125
0.022	0.0064	-6.69406568356277
0.0242	0.0064	-6.69370113580187
0.0264	0.0064	-6.69373130280552
0.0286	0.0064	-6.69372770622396
0.0308	0.0064	-6.69372765629687
0.033	0.0064	-6.69372778809589
0.0352	0.0064	-6.69372776182813
0.0374	0.0064	-6.69372776326415
0.0396	0.0064	-6.69372776383841
0.0418	0.0064	-6.69372776367219
0.044	0.0064	-6.69372776369121
0.0462	0.0064	-6.69372776369193
0.0484	0.0064	-6.69372776369096
0.0506	0.0064	-6.69372776369149
0.0528	0.0064	-6.6937277636914
0.055	0.0064	-6.69372776369123
0.0572	0.0064	-6.69372776369145
0.0594	0.0064	-6.69372776369155
0.0616	0.0064	-6.69372776369139
0.0638	0.0064	-6.69372776369146
0.066	0.0064	-6.69372776369249
0.0682	0.0064	-6.69372776368703
0.0704	0.0064	-6.69372776366242
0.0726	0.0064	-6.69372776369395
0.0748	0.0064	-6.69372776332274
0.077	0.0064	-6.69372776334365
0.0792	0.0064	-6.69372776334413
0.0814	0.0064	-6.69372776333798
0.0836	0.0064	-6.69372776333061
0.0858	0.0064	-6.69372776334264
0.088	0.0064	-6.6937277633765
0.0902	0.0064	-6.69372776340582
0.0924	0.0064	-6.69372776344708
0.0946	0.0064	-6.6937277634653
0.0968	0.0064	-6.69372776346644
0.099	0.0064	-6.6937277634736
0.1012	0.0064	-6.69372776348838
0.1034	0.0064	-6.69372776351855
0.1056	0.0064	-6.69372776353655
0.1078	0.0064	-6.69372776357433
0.11	0.0064	-6.69372776361302
0	0.0096	-128.618175004944
0.0022	0.0096	-10.0943463277208
0.0044	0.0096	37.6299253935715
0.0066	0.0096	16.6210082698242
0.0088	0.0096	19.4320959541775
0.011	0.0096	17.655374527788
0.0132	0.0096	14.9176380993952
0.0154	0.0096	15.3682369861143
0.0176	0.0096	15.3524255299092
0.0198	0.0096	15.3463673571644
0.022	0.0096	15.3428188327198
0.0242	0.0096	15.3423518064594
0.0264	0.0096	15.3425762732656
0.0286	0.0096	15.342559190048
0.0308	0.0096	15.342555844496
0.033	0.0096	15.3425565361894
0.0352	0.0096	15.3425565207346
0.0374	0.0096	15.342556506634
0.0396	0.0096	15.3425565095691
0.0418	0.0096	15.3425565094244
0.044	0.0096	15.3425565093681
0.0462	0.0096	15.3425565093856
0.0484	0.0096	15.3425565093831
0.0506	0.0096	15.3425565093833
0.0528	0.0096	15.3425565093833
0.055	0.0096	15.3425565093832
0.0572	0.0096	15.3425565093833
0.0594	0.0096	15.3425565093833
0.0616	0.0096	15.3425565093833
0.0638	0.0096	15.3425565093832
0.066	0.0096	15.3425565093832
0.0682	0.0096	15.3425565093818
0.0704	0.0096	15.3425565094185
0.0726	0.0096	15.3425565093503
0.0748	0.0096	15.3425565088587
0.077	0.0096	15.3425565088411
0.0792	0.0096	15.3425565088202
0.0814	0.0096	15.3425565088137
0.0836	0.0096	15.3425565088073
0.0858	0.0096	15.3425565087961
0.088	0.0096	15.3425565087953
0.0902	0.0096	15.3425565087857
0.0924	0.0096	15.3425565087804
0.0946	0.0096	15.3425565087857
0.0968	0.0096	15.3425565087853
0.099	0.0096	15.3425565087909
0.1012	0.0096	15.3425565087945
0.1034	0.0096	15.3425565088015
0.1056	0.0096	15.3425565087922
0.1078	0.0096	15.3425565088039
0.11	0.0096	15.3425565088175
0	0.0128	123.947670960277
0.0022	0.0128	47.9977952809599
0.0044	0.0128	3.95475307738206
0.0066	0.0128	21.5182523796048
0.0088	0.0128	18.1434476551289
0.011	0.0128	18.8303581176542
0.0132	0.0128	19.5228998000154
0.0154	0.0128	20.2716922948691
0.0176	0.0128	21.3040855135987
0.0198	0.0128	21.3576688854514
0.022	0.0128	21.329793884197
0.0242	0.0128	21.3314314391442
0.0264	0.0128	21.3318197266814
0.0286	0.0128	21.3317514201642
0.0308	0.0128	21.331748556515
0.033	0.0128	21.3317509833331
0.0352	0.0128	21.331750654576
0.0374	0.0128	21.3317506572661
0.0396	0.0128	21.3317506653012
0.0418	0.0128	21.3317506632505
0.044	0.0128	21.3317506635188
0.0462	0.0128	21.3317506635088
0.0484	0.0128	21.3317506635036
0.0506	0.0128	21.3317506635052
0.0528	0.0128	21.331750663505
0.055	0.0128	21.331750663505
0.0572	0.0128	21.331750663505
0.0594	0.0128	21.331750663505
0.0616	0.0128	21.331750663505
0.0638	0.0128	21.331750663505
0.066	0.0128	21.3317506635049
0.0682	0.0128	21.3317506635067
0.0704	0.0128	21.3317506634957
0.0726	0.0128	21.3317506635742
0.0748	0.0128	21.3317506633024
0.077	0.0128	21.3317506633207
0.0792	0.0128	21.3317506633361
0.0814	0.0128	21.3317506633626
0.0836	0.0128	21.3317506633768
0.0858	0.0128	21.3317506634004
0.088	0.0128	21.3317506634082
0.0902	0.0128	21.3317506634348
0.0924	0.0128	21.3317506634618
0.0946	0.0128	21.3317506634877
0.0968	0.0128	21.3317506635087
0.099	0.0128	21.3317506635391
0.1012	0.0128	21.3317506635557
0.1034	0.0128	21.3317506635787
0.1056	0.0128	21.3317506636112
0.1078	0.0128	21.3317506636354
0.11	0.0128	21.3317506636567
0	0.016	-53.6067874964748
0.0022	0.016	-5.56428102111891
0.0044	0.016	33.9300596911018
0.0066	0.016	17.4710393982086
0.0088	0.016	18.7145950630121
0.011	0.016	18.1919490482375
0.0132	0.016	19.5418330194197
0.0154	0.016	20.1478777637635
0.0176	0.016	20.100717434857
0.0198	0.016	19.8700171947776
0.022	0.016	19.875467020268
0.0242	0.016	19.879306025475
0.0264	0.016	19.8799137103276
0.0286	0.016	19.8797597610886
0.0308	0.016	19.8797721122041
0.033	0.016	19.8797729612591
0.0352	0.016	19.8797724618608
0.0374	0.016	19.8797725309834
0.0396	0.016	19.8797725228533
0.0418	0.016	19.8797725237234
0.044	0.016	19.8797725238235
0.0462	0.016	19.8797725237637
0.0484	0.016	19.879772523778
0.0506	0.016	19.879772523776
0.0528	0.016	19.8797725237761
0.055	0.016	19.8797725237762
0.0572	0.016	19.8797725237761
0.0594	0.016	19.8797725237761
0.0616	0.016	19.8797725237761
0.0638	0.016	19.879772523776
0.066	0.016	19.8797725237763
0.0682	0.016	19.8797725237751
0.0704	0.016	19.8797725237746
0.0726	0.016	19.8797725237562
0.0748	0.016	19.8797725239429
0.077	0.016	19.8797725239333
0.0792	0.016	19.8797725239283
0.0814	0.016	19.8797725239227
0.0836	0.016	19.8797725239175
0.0858	0.016	19.8797725239111
0.088	0.016	19.8797725239158
0.0902	0.016	19.8797725238936
0.0924	0.016	19.8797725238707
0.0946	0.016	19.8797725238559
0.0968	0.016	19.8797725238442
0.099	0.016	19.8797725238296
0.1012	0.016	19.8797725238202
0.1034	0.016	19.8797725238115
0.1056	0.016	19.8797725237966
0.1078	0.016	19.8797725237903
0.11	0.016	19.8797725237809
0	0.0192	72.8857759861918
0.0022	0.0192	42.9129063664861
0.0044	0.0192	7.24275069322228
0.0066	0.0192	20.462127701279
0.0088	0.0192	17.9787040642155
0.011	0.0192	18.5201713542291
0.0132	0.0192	19.5122931415192
0.0154	0.0192	20.2203370701937
0.0176	0.0192	20.1033417096836
0.0198	0.0192	19.9743316361897
0.022	0.0192	19.9758785594791
0.0242	0.0192	19.9875889883983
0.0264	0.0192	19.9854339054282
0.0286	0.0192	19.9852581440083
0.0308	0.0192	19.9852557015828
0.033	0.0192	19.9852635163729
0.0352	0.0192	19.9852639063106
0.0374	0.0192	19.9852636146684
0.0396	0.0192	19.9852636664902
0.0418	0.0192	19.9852636636211
0.044	0.0192	19.985263662636
0.0462	0.0192	19.9852636629117
0.0484	0.0192	19.985263662874
0.0506	0.0192	19.9852636628748
0.0528	0.0192	19.9852636628758
0.055	0.0192	19.9852636628756
0.0572	0.0192	19.9852636628755
0.0594	0.0192	19.9852636628755
0.0616	0.0192	19.9852636628755
0.0638	0.0192	19.9852636628756
0.066	0.0192	19.9852636628756
0.0682	0.0192	19.9852636628752
0.0704	0.0192	19.9852636628737
0.0726	0.0192	19.9852636628796
0.0748	0.0192	19.985263662848
0.077	0.0192	19.98526366285
0.0792	0.0192	19.9852636628501
0.0814	0.0192	19.9852636628365
0.0836	0.0192	19.9852636628429
0.0858	0.0192	19.985263662835
0.088	0.0192	19.9852636627867
0.0902	0.0192	19.9852636628293
0.0924	0.0192	19.9852636628835
0.0946	0.0192	19.9852636628818
0.0968	0.0192	19.9852636628769
0.099	0.0192	19.9852636628757
0.1012	0.0192	19.9852636628776
0.1034	0.0192	19.9852636628773
0.1056	0.0192	19.9852636628811
0.1078	0.0192	19.9852636628842
0.11	0.0192	19.9852636628868
0	0.0224	-18.6146578358515
0.0022	0.0224	-0.455416484614799
0.0044	0.0224	30.7729688507021
0.0066	0.0224	18.0157133522188
0.0088	0.0224	18.2419411534493
0.011	0.0224	17.9801316667665
0.0132	0.0224	19.4839424513612
0.0154	0.0224	20.1820177443719
0.0176	0.0224	20.1159018750162
0.0198	0.0224	19.9769144739357
0.022	0.0224	19.9864106065199
0.0242	0.0224	20.0041418304379
0.0264	0.0224	20.0091773762164
0.0286	0.0224	20.0076941698506
0.0308	0.0224	20.0077199297416
0.033	0.0224	20.007758001718
0.0352	0.0224	20.0077508866924
0.0374	0.0224	20.0077510335334
0.0396	0.0224	20.0077511261505
0.0418	0.0224	20.0077511075012
0.044	0.0224	20.007751109518
0.0462	0.0224	20.0077511095497
0.0484	0.0224	20.0077511094952
0.0506	0.0224	20.0077511095116
0.0528	0.0224	20.0077511095088
0.055	0.0224	20.007751109509
0.0572	0.0224	20.0077511095091
0.0594	0.0224	20.007751109509
0.0616	0.0224	20.007751109509
0.0638	0.0224	20.007751109509
0.066	0.0224	20.0077511095089
0.0682	0.0224	20.0077511095094
0.0704	0.0224	20.0077511095074
0.0726	0.0224	20.0077511095308
0.0748	0.0224	20.0077511095
0.077	0.0224	20.0077511095026
0.0792	0.0224	20.0077511095073
0.0814	0.0224	20.0077511095682
0.0836	0.0224	20.0077511095383
0.0858	0.0224	20.0077511095617
0.088	0.0224	20.0077511097449
0.0902	0.0224	20.0077511096052
0.0924	0.0224	20.0077511094286
0.0946	0.0224	20.0077511094429
0.0968	0.0224	20.0077511094778
0.099	0.0224	20.0077511095007
0.1012	0.0224	20.007751109518
0.1034	0.0224	20.0077511095311
0.1056	0.0224	20.007751109537
0.1078	0.0224	20.0077511095417
0.11	0.0224	20.0077511095455
0	0.0256	48.6849868621921
0.0022	0.0256	37.9678449182425
0.0044	0.0256	9.9399373844102
0.0066	0.0256	19.5791888851042
0.0088	0.0256	17.7253034800917
0.011	0.0256	18.2108793911674
0.0132	0.0256	19.4750821516973
0.0154	0.0256	20.2499972205555
0.0176	0.0256	20.1187276535924
0.0198	0.0256	19.9750851525167
0.022	0.0256	19.9858649894361
0.0242	0.0256	20.0031653454158
0.0264	0.0256	20.0016015915195
0.0286	0.0256	19.9982334552681
0.0308	0.0256	19.9983870011643
0.033	0.0256	19.9983988234115
0.0352	0.0256	19.9983966700289
0.0374	0.0256	19.9983956629151
0.0396	0.0256	19.9983958952902
0.0418	0.0256	19.9983959144759
0.044	0.0256	19.9983959079462
0.0462	0.0256	19.9983959080622
0.0484	0.0256	19.9983959082117
0.0506	0.0256	19.9983959081695
0.0528	0.0256	19.9983959081734
0.055	0.0256	19.9983959081739
0.0572	0.0256	19.9983959081736
0.0594	0.0256	19.9983959081736
0.0616	0.0256	19.9983959081737
0.0638	0.0256	19.9983959081737
0.066	0.0256	19.9983959081738
0.0682	0.0256	19.9983959081727
0.0704	0.0256	19.9983959081805
0.0726	0.0256	19.9983959081639
0.0748	0.0256	19.9983959082884
0.077	0.0256	19.9983959082878
0.0792	0.0256	19.9983959082726
0.0814	0.0256	19.998395908057
0.0836	0.0256	19.9983959081783
0.0858	0.0256	19.9983959081163
0.088	0.0256	19.9983959074409
0.0902	0.0256	19.9983959079756
0.0924	0.0256	19.9983959086426
0.0946	0.0256	19.9983959086044
0.0968	0.0256	19.9983959084865
0.099	0.0256	19.9983959084086
0.1012	0.0256	19.9983959083465
0.1034	0.0256	19.9983959083057
0.1056	0.0256	19.9983959082829
0.1078	0.0256	19.9983959082634
0.11	0.0256	19.9983959082515
0	0.0288	-1.71571515736511
0.0022	0.0288	4.08880765067181
0.0044	0.0288	28.1896862350288
0.0066	0.0288	18.3485563224265
0.0088	0.0288	17.775310621485
0.011	0.0288	17.7366393499215
0.0132	0.0288	19.4301816331253
0.0154	0.0288	20.2183822728504
0.0176	0.0288	20.1303438469411
0.0198	0.0288	19.9764744641506
0.022	0.0288	19.9857634255392
0.0242	0.0288	20.0035241097729
0.0264	0.0288	20.001586484944
0.0286	0.0288	19.9995604660543
0.0308	0.0288	19.9997631326409
0.033	0.0288	20.000210826426
0.0352	0.0288	20.0001913407433
0.0374	0.0288	20.0001833228056
0.0396	0.0288	20.000184154248
0.0418	0.0288	20.0001841681762
0.044	0.0288	20.0001841337521
0.0462	0.0288	20.0001841398796
0.0484	0.0288	20.0001841396833
0.0506	0.0288	20.0001841395978
0.0528	0.0288	20.0001841396267
0.055	0.0288	20.0001841396214
0.0572	0.0288	20.0001841396221
0.0594	0.0288	20.000184139622
0.0616	0.0288	20.000184139622
0.0638	0.0288	20.0001841396218
0.066	0.0288	20.0001841396217
0.0682	0.0288	20.0001841396246
0.0704	0.0288	20.0001841396061
0.0726	0.0288	20.0001841397073
0.0748	0.0288	20.0001841392988
0.077	0.0288	20.0001841392991
0.0792	0.0288	20.0001841393537
0.0814	0.0288	20.000184140155
0.0836	0.0288	20.0001841397078
0.0858	0.0288	20.0001841399279
0.088	0.0288	20.0001841424563
0.0902	0.0288	20.0001841404723
0.0924	0.0288	20.000184137975
0.0946	0.0288	20.0001841381142
0.0968	0.0288	20.0001841385467
0.099	0.0288	20.0001841388331
0.1012	0.0288	20.0001841390728
0.1034	0.0288	20.000184139226
0.1056	0.0288	20.0001841393175
0.1078	0.0288	20.000184139393
0.11	0.0288	20.0001841394475
0	0.032	36.719389609329
0.0022	0.032	33.7860838548649
0.0044	0.032	12.0647289588787
0.0066	0.032	18.8451248908867
0.0088	0.032	17.3940654638103
0.011	0.032	17.8933963493196
0.0132	0.032	19.4362952792007
0.0154	0.032	20.2828848106644
0.0176	0.032	20.1348056694286
0.0198	0.032	19.9743924025188
0.022	0.032	19.9851194598926
0.0242	0.032	20.003077801664
0.0264	0.032	20.0016504430618
0.0286	0.032	19.9995523630085
0.0308	0.032	19.9997383244554
0.033	0.032	20.0000338525947
0.0352	0.032	20.0000132859701
0.0374	0.032	20.0000003483068
0.0396	0.032	20.0000040175824
0.0418	0.032	20.0000040519457
0.044	0.032	20.0000040146527
0.0462	0.032	20.0000040173376
0.0484	0.032	20.0000040171161
0.0506	0.032	20.0000040172005
0.0528	0.032	20.0000040171613
0.055	0.032	20.0000040171679
0.0572	0.032	20.0000040171677
0.0594	0.032	20.0000040171676
0.0616	0.032	20.0000040171673
0.0638	0.032	20.0000040171681
0.066	0.032	20.0000040171672
0.0682	0.032	20.000004017161
0.0704	0.032	20.0000040172177
0.0726	0.032	20.0000040169234
0.0748	0.032	20.0000040183009
0.077	0.032	20.000004018323
0.0792	0.032	20.0000040181235
0.0814	0.032	20.0000040151442
0.0836	0.032	20.0000040167978
0.0858	0.032	20.0000040159983
0.088	0.032	20.0000040065276
0.0902	0.032	20.00000401389
0.0924	0.032	20.0000040232387
0.0946	0.032	20.0000040227634
0.0968	0.032	20.0000040211873
0.099	0.032	20.0000040201448
0.1012	0.032	20.0000040192679
0.1034	0.032	20.0000040187103
0.1056	0.032	20.0000040183773
0.1078	0.032	20.0000040181035
0.11	0.032	20.0000040179019
0	0.0352	6.85513086757589
0.0022	0.0352	7.77801334423865
0.0044	0.0352	26.1233827715934
0.0066	0.0352	18.5038530831225
0.0088	0.0352	17.3049226259434
0.011	0.0352	17.465492290382
0.0132	0.0352	19.3804881659132
0.0154	0.0352	20.2566363954414
0.0176	0.0352	20.1454288607627
0.0198	0.0352	19.9758783340536
0.022	0.0352	19.984961155911
0.0242	0.0352	20.0034219388376
0.0264	0.0352	20.0016443128382
0.0286	0.0352	19.9995550666663
0.0308	0.0352	19.9997311539859
0.033	0.0352	20.0000278826436
0.0352	0.0352	20.0000111772363
0.0374	0.0352	19.999991565388
0.0396	0.0352	19.9999907196692
0.0418	0.0352	19.9999918707836
0.044	0.0352	19.9999916625812
0.0462	0.0352	19.9999916414183
0.0484	0.0352	19.9999916506992
0.0506	0.0352	19.9999916493289
0.0528	0.0352	19.9999916493837
0.055	0.0352	19.9999916494106
0.0572	0.0352	19.9999916494028
0.0594	0.0352	19.9999916494037
0.0616	0.0352	19.9999916494049
0.0638	0.0352	19.9999916494007
0.066	0.0352	19.9999916494092
0.0682	0.0352	19.999991649416
0.0704	0.0352	19.9999916492407
0.0726	0.0352	19.9999916502478
0.0748	0.0352	19.9999916464562
0.077	0.0352	19.9999916463019
0.0792	0.0352	19.9999916470386
0.0814	0.0352	19.9999916581253
0.0836	0.0352	19.9999916520295
0.0858	0.0352	19.9999916549605
0.088	0.0352	19.999991690466
0.0902	0.0352	19.9999916631818
0.0924	0.0352	19.9999916282163
0.0946	0.0352	19.9999916298431
0.0968	0.0352	19.9999916356137
0.099	0.0352	19.9999916394204
0.1012	0.0352	19.9999916426352
0.1034	0.0352	19.9999916446692
0.1056	0.0352	19.9999916458797
0.1078	0.0352	19.999991646871
0.11	0.0352	19.9999916476012
0	0.0384	30.4543146997118
0.0022	0.0384	30.4554677876961
0.0044	0.0384	13.7023443972144
0.0066	0.0384	18.2302639000298
0.0088	0.0384	16.9947928832105
0.011	0.0384	17.566575010506
0.0132	0.0384	19.3971987440034
0.0154	0.0384	20.3188111882119
0.0176	0.0384	20.1511736176885
0.0198	0.0384	19.973577574598
0.022	0.0384	19.9843572052299
0.0242	0.0384	20.0029671641053
0.0264	0.0384	20.001710534161
0.0286	0.0384	19.9995439327421
0.0308	0.0384	19.999718132422
0.033	0.0384	20.0000343486136
0.0352	0.0384	20.0000119153178
0.0374	0.0384	19.9999933371844
0.0396	0.0384	19.9999995342542
0.0418	0.0384	20.0000029584437
0.044	0.0384	20.0000024881568
0.0462	0.0384	20.00000256979
0.0484	0.0384	20.0000025760966
0.0506	0.0384	20.0000025748469
0.0528	0.0384	20.0000025749101
0.055	0.0384	20.0000025748936
0.0572	0.0384	20.0000025748989
0.0594	0.0384	20.0000025748994
0.0616	0.0384	20.0000025748938
0.0638	0.0384	20.0000025749131
0.066	0.0384	20.0000025748629
0.0682	0.0384	20.0000025749063
0.0704	0.0384	20.0000025754033
0.0726	0.0384	20.0000025718071
0.0748	0.0384	20.0000025797302
0.077	0.0384	20.0000025805619
0.0792	0.0384	20.0000025778487
0.0814	0.0384	20.0000025365901
0.0836	0.0384	20.0000025590496
0.0858	0.0384	20.0000025483045
0.088	0.0384	20.0000024151952
0.0902	0.0384	20.0000025162952
0.0924	0.0384	20.0000026470527
0.0946	0.0384	20.0000026415166
0.0968	0.0384	20.0000026203873
0.099	0.0384	20.0000026064841
0.1012	0.0384	20.0000025947032
0.1034	0.0384	20.0000025872721
0.1056	0.0384	20.000002582874
0.1078	0.0384	20.0000025792728
0.11	0.0384	20.0000025766245
0	0.0416	11.4809584356938
0.0022	0.0416	10.6456138963405
0.0044	0.0416	24.4882119653567
0.0066	0.0416	18.5194877726638
0.0088	0.0416	16.8221383098942
0.011	0.0416	17.1709922154936
0.0132	0.0416	19.3347079581594
0.0154	0.0416	20.2968365113268
0.0176	0.0416	20.1610626640126
0.0198	0.0416	19.9750822117847
0.022	0.0416	19.9841635074184
0.0242	0.0416	20.0032911685857
0.0264	0.0416	20.0017133133699
0.0286	0.0416	19.9995460549273
0.0308	0.0416	19.9997102010775
0.033	0.0416	20.0000317498858
0.0352	0.0416	20.0000118702477
0.0374	0.0416	19.9999919035023
0.0396	0.0416	19.9999993805942
0.0418	0.0416	20.0000004409817
0.044	0.0416	19.9999999045194
0.0462	0.0416	19.999999434006
0.0484	0.0416	19.9999994650294
0.0506	0.0416	19.9999994692093
0.0528	0.0416	19.9999994674652
0.055	0.0416	19.9999994677062
0.0572	0.0416	19.9999994677039
0.0594	0.0416	19.9999994676929
0.0616	0.0416	19.9999994677166
0.0638	0.0416	19.9999994676324
0.066	0.0416	19.9999994678909
0.0682	0.0416	19.9999994674259
0.0704	0.0416	19.9999994662002
0.0726	0.0416	19.9999994840546
0.0748	0.0416	19.999999373642
0.077	0.0416	19.9999993716941
0.0792	0.0416	19.9999993875131
0.0814	0.0416	19.9999996374455
0.0836	0.0416	19.9999994996076
0.0858	0.0416	19.999999570938
0.088	0.0416	20.000000409895
0.0902	0.0416	19.9999997609426
0.0924	0.0416	19.9999989125789
0.0946	0.0416	19.9999989518713
0.0968	0.0416	19.9999990959258
0.099	0.0416	19.9999991928788
0.1012	0.0416	19.9999992762369
0.1034	0.0416	19.9999993300943
0.1056	0.0416	19.9999993628024
0.1078	0.0416	19.999999390222
0.11	0.0416	19.9999994107559
0	0.0448	26.9376885494981
0.0022	0.0448	27.8788089399434
0.0044	0.0448	14.9507207880984
0.0066	0.0448	17.7091752684244
0.0088	0.0448	16.5366986348427
0.011	0.0448	17.2302554374711
0.0132	0.0448	19.3588781615579
0.0154	0.0448	20.3574826545593
0.0176	0.0448	20.1678136086962
0.0198	0.0448	19.9726190017388
0.022	0.0448	19.9835872523199
0.0242	0.0448	20.0028299759582
0.0264	0.0448	20.00178117795
0.0286	0.0448	19.9995351251152
0.0308	0.0448	19.9996962527799
0.033	0.0448	20.000038279251
0.0352	0.0448	20.0000128148828
0.0374	0.0448	19.9999927152276
0.0396	0.0448	19.9999995176237
0.0418	0.0448	20.0000004890495
0.044	0.0448	20.0000000294131
0.0462	0.0448	19.9999999827094
0.0484	0.0448	20.0000000797594
0.0506	0.0448	20.0000000804452
0.0528	0.0448	20.0000000784593
0.055	0.0448	20.0000000788651
0.0572	0.0448	20.0000000788417
0.0594	0.0448	20.0000000788545
0.0616	0.0448	20.0000000787728
0.0638	0.0448	20.0000000791171
0.066	0.0448	20.0000000778948
0.0682	0.0448	20.0000000810803
0.0704	0.0448	20.0000000795316
0.0726	0.0448	20.0000000307183
0.0748	0.0448	20.0000004244486
0.077	0.0448	20.0000004421096
0.0792	0.0448	20.0000003803964
0.0814	0.0448	19.9999993797781
0.0836	0.0448	19.999999920333
0.0858	0.0448	19.9999996403448
0.088	0.0448	19.9999962291072
0.0902	0.0448	19.999998804544
0.0924	0.0448	20.0000022406574
0.0946	0.0448	20.0000021149058
0.0968	0.0448	20.0000015584186
0.099	0.0448	20.0000011852031
0.1012	0.0448	20.0000008609376
0.1034	0.0448	20.0000006519588
0.1056	0.0448	20.0000005256957
0.1078	0.0448	20.0000004192647
0.11	0.0448	20.0000003389426
0	0.048	14.1576644515156
0.0022	0.048	12.8256793413816
0.0044	0.048	23.2033654411786
0.0066	0.048	18.4314873997658
0.0088	0.048	16.3205129990943
0.011	0.048	16.8575368832373
0.0132	0.048	19.2927267359224
0.0154	0.048	20.3389819108856
0.0176	0.048	20.1771438312223
0.0198	0.048	19.9740868905862
0.022	0.048	19.9833741247644
0.0242	0.048	20.0031291558965
0.0264	0.048	20.0017945075627
0.0286	0.048	19.999536036437
0.0308	0.048	19.9996883881062
0.033	0.048	20.0000362350844
0.0352	0.048	20.0000127222692
0.0374	0.048	19.9999913755762
0.0396	0.048	19.9999994434256
0.0418	0.048	20.0000004716045
0.044	0.048	19.9999999615851
0.0462	0.048	19.9999999955833
0.0484	0.048	20.0000000037502
0.0506	0.048	19.9999999984709
0.0528	0.048	19.9999999938201
0.055	0.048	19.9999999941035
0.0572	0.048	19.9999999941739
0.0594	0.048	19.9999999940953
0.0616	0.048	19.999999994393
0.0638	0.048	19.999999993061
0.066	0.048	19.9999999983717
0.0682	0.048	19.999999981216
0.0704	0.048	20.0000000134939
0.0726	0.048	20.0000000983113
0.0748	0.048	19.9999988483964
0.077	0.048	19.9999987304717
0.0792	0.048	19.9999989661359
0.0814	0.048	20.000002897212
0.0836	0.048	20.0000008289351
0.0858	0.048	20.0000018983463
0.088	0.048	20.0000155220741
0.0902	0.048	20.000005545222
0.0924	0.048	19.9999919080434
0.0946	0.048	19.9999922491913
0.0968	0.048	19.9999943264081
0.099	0.048	19.9999957105978
0.1012	0.048	19.9999969285251
0.1034	0.048	19.9999977091008
0.1056	0.048	19.9999981760839
0.1078	0.048	19.9999985717098
0.11	0.048	19.9999988725632
0	0.0512	24.811232003125
0.0022	0.0512	25.9151956206391
0.0044	0.0512	15.9016518441843
0.0066	0.0512	17.263966077109
0.0088	0.0512	16.0279030427276
0.011	0.0512	16.8853948356481
0.0132	0.0512	19.3221467723358
0.0154	0.0512	20.39863165986
0.0176	0.0512	20.1846905639048
0.0198	0.0512	19.97150028871
0.022	0.0512	19.9828182185664
0.0242	0.0512	20.0026619314194
0.0264	0.0512	20.0018647497844
0.0286	0.0512	19.9995250465898
0.0308	0.0512	19.9996736479697
0.033	0.0512	20.0000428820039
0.0352	0.0512	20.0000136419266
0.0374	0.0512	19.9999921153457
0.0396	0.0512	19.9999996049454
0.0418	0.0512	20.0000005266355
0.044	0.0512	20.0000000237762
0.0462	0.0512	19.9999999894132
0.0484	0.0512	20.0000000012334
0.0506	0.0512	20.0000000006582
0.0528	0.0512	19.9999999988322
0.055	0.0512	19.9999999987817
0.0572	0.0512	19.9999999988121
0.0594	0.0512	19.9999999989897
0.0616	0.0512	19.9999999979958
0.0638	0.0512	20.0000000028551
0.066	0.0512	19.9999999814001
0.0682	0.0512	20.0000000622588
0.0704	0.0512	19.999999839511
0.0726	0.0512	19.9999999628949
0.0748	0.0512	20.0000034263124
0.077	0.0512	20.0000041006085
0.0792	0.0512	20.0000031972147
0.0814	0.0512	19.9999876799639
0.0836	0.0512	19.9999955933639
0.0858	0.0512	19.9999915002361
0.088	0.0512	19.9999367555549
0.0902	0.0512	19.9999754722142
0.0924	0.0512	20.0000298598096
0.0946	0.0512	20.0000291804558
0.0968	0.0512	20.0000214666243
0.099	0.0512	20.0000163727048
0.1012	0.0512	20.0000118229248
0.1034	0.0512	20.0000089319794
0.1056	0.0512	20.0000072289512
0.1078	0.0512	20.0000057796518
0.11	0.0512	20.0000046700615
0	0.0544	15.8155802017403
0.0022	0.0544	14.4665754198607
0.0044	0.0544	22.2043670998281
0.0066	0.0544	18.2729484030722
0.0088	0.0544	15.7958523403639
0.011	0.0544	16.5296858608185
0.0132	0.0544	19.2544065635814
0.0154	0.0544	20.3830295821593
0.0176	0.0544	20.1935729164678
0.0198	0.0544	19.9728934861676
0.022	0.0544	19.9825974203741
0.0242	0.0544	20.0029326030077
0.0264	0.0544	20.0018900369313
0.0286	0.0544	19.9995243116849
0.0308	0.0544	19.9996659779893
0.033	0.0544	20.0000413750408
0.0352	0.0544	20.0000134906175
0.0374	0.0544	19.9999908995035
0.0396	0.0544	19.9999995202638
0.0418	0.0544	20.0000005078194
0.044	0.0544	19.9999999581752
0.0462	0.0544	19.9999999945156
0.0484	0.0544	20.0000000021816
0.0506	0.0544	19.9999999993002
0.0528	0.0544	20.0000000006972
0.055	0.0544	20.0000000006694
0.0572	0.0544	20.0000000007422
0.0594	0.0544	20.0000000001868
0.0616	0.0544	20.0000000033385
0.0638	0.0544	19.9999999866764
0.066	0.0544	20.0000000676307
0.0682	0.0544	19.9999997207007
0.0704	0.0544	20.0000009165931
0.0726	0.0544	19.999998567071
0.0748	0.0544	19.9999918615308
0.077	0.0544	19.9999882913765
0.0792	0.0544	19.9999917879769
0.0814	0.0544	20.0000535574313
0.0836	0.0544	20.0000232154807
0.0858	0.0544	20.0000389890384
0.088	0.0544	20.0002611434162
0.0902	0.0544	20.0001102043799
0.0924	0.0544	19.9998914863856
0.0946	0.0544	19.9998912705598
0.0968	0.0544	19.999919809456
0.099	0.0544	19.9999384175792
0.1012	0.0544	19.9999553447028
0.1034	0.0544	19.9999659616827
0.1056	0.0544	19.9999720689977
0.1078	0.0544	19.9999772850548
0.11	0.0544	19.999981300353
0	0.0576	23.4325244861156
0.0022	0.0576	24.432832959499
0.0044	0.0576	16.6362704739027
0.0066	0.0576	16.8847353499442
0.0088	0.0576	15.4754484549127
0.011	0.0576	16.5340688947454
0.0132	0.0576	19.2875070555123
0.0154	0.0576	20.4420274341306
0.0176	0.0576	20.2017503643825
0.0198	0.0576	19.9702112943751
0.022	0.0576	19.9820578009057
0.0242	0.0576	20.0024587585441
0.0264	0.0576	20.0019637448755
0.0286	0.0576	19.9995128519788
0.0308	0.0576	19.9996506566396
0.033	0.0576	20.0000481142929
0.0352	0.0576	20.0000143757697
0.0374	0.0576	19.9999915884142
0.0396	0.0576	19.9999996999103
0.0418	0.0576	20.0000005562112
0.044	0.0576	20.0000000172362
0.0462	0.0576	19.9999999945882
0.0484	0.0576	20.0000000032235
0.0506	0.0576	20.0000000001268
0.0528	0.0576	19.9999999997204
0.055	0.0576	19.9999999998503
0.0572	0.0576	19.9999999995929
0.0594	0.0576	20.0000000011359
0.0616	0.0576	19.9999999918356
0.0638	0.0576	20.0000000450893
0.066	0.0576	19.9999997607623
0.0682	0.0576	20.0000011323187
0.0704	0.0576	19.9999955173473
0.0726	0.0576	20.0000119572566
0.0748	0.0576	20.0000057158746
0.077	0.0576	20.000023814695
0.0792	0.0576	20.000010056655
0.0814	0.0576	19.9997612702465
0.0836	0.0576	19.9998779352198
0.0858	0.0576	19.999816438952
0.088	0.0576	19.9989030701068
0.0902	0.0576	19.9994952226839
0.0924	0.0576	20.0003845464043
0.0946	0.0576	20.0003983883069
0.0968	0.0576	20.0002933140701
0.099	0.0576	20.0002260367598
0.1012	0.0576	20.0001633927054
0.1034	0.0576	20.0001248605785
0.1056	0.0576	20.0001035072524
0.1078	0.0576	20.0000852332036
0.11	0.0576	20.0000711153045
0	0.0608	16.9042272661182
0.0022	0.0608	15.701749027289
0.0044	0.0608	21.4452739121375
0.0066	0.0608	18.0744964023786
0.0088	0.0608	15.2458965495855
0.011	0.0608	16.1922943116046
0.0132	0.0608	19.2194983797281
0.0154	0.0608	20.4289213802082
0.0176	0.0608	20.2102456280812
0.0198	0.0608	19.9715058480619
0.022	0.0608	19.9818377900129
0.0242	0.0608	20.0026979873237
0.0264	0.0608	20.0020022886296
0.0286	0.0608	19.9995100122979
0.0308	0.0608	19.9996433468634
0.033	0.0608	20.0000471047617
0.0352	0.0608	20.0000141652749
0.0374	0.0608	19.9999905054525
0.0396	0.0608	19.9999996031528
0.0418	0.0608	20.0000005346559
0.044	0.0608	19.9999999547735
0.0462	0.0608	19.9999999953848
0.0484	0.0608	20.0000000026694
0.0506	0.0608	19.9999999995218
0.0528	0.0608	20.0000000000712
0.055	0.0608	19.9999999999728
0.0572	0.0608	20.0000000005475
0.0594	0.0608	19.999999996676
0.0616	0.0608	20.0000000217957
0.0638	0.0608	19.999999865477
0.066	0.0608	20.0000007846521
0.0682	0.0608	19.9999958017814
0.0704	0.0608	20.0000195934401
0.0726	0.0608	19.9999296067178
0.0748	0.0608	20.0001051554061
0.077	0.0608	20.0000158509808
0.0792	0.0608	20.0000714800082
0.0814	0.0608	20.0010906543737
0.0836	0.0608	20.0006403333917
0.0858	0.0608	20.000884991373
0.088	0.0608	20.0047082914121
0.0902	0.0608	20.0023644799304
0.0924	0.0608	19.9986932872346
0.0946	0.0608	19.9985778190443
0.0968	0.0608	19.9989620406666
0.099	0.0608	19.9992015187273
0.1012	0.0608	19.999431678262
0.1034	0.0608	19.999569062181
0.1056	0.0608	19.9996406604963
0.1078	0.0608	19.9997018746713
0.11	0.0608	19.9997492010081
0	0.064	22.4862324870775
0.0022	0.064	23.3256324145535
0.0044	0.064	17.2257602169754
0.0066	0.064	16.5689609580661
0.0088	0.064	14.8854323348888
0.011	0.064	16.1794457585207
0.0132	0.064	19.255107911986
0.0154	0.064	20.4874917563467
0.0176	0.064	20.2189160737959
0.0198	0.064	19.9687497329852
0.022	0.064	19.9813122589068
0.0242	0.064	20.0022163495917
0.0264	0.064	20.0020807939065
0.0286	0.064	19.9994975559688
0.0308	0.064	19.9996277145854
0.033	0.064	20.0000538833114
0.0352	0.064	20.0000150143432
0.0374	0.064	19.9999911654268
0.0396	0.064	19.999999789605
0.0418	0.064	20.0000005770878
0.044	0.064	20.0000000098222
0.0462	0.064	20.0000000001858
0.0484	0.064	20.0000000046591
0.0506	0.064	19.9999999997995
0.0528	0.064	19.9999999999142
0.055	0.064	20.0000000001516
0.0572	0.064	19.9999999989343
0.0594	0.064	20.0000000075536
0.0616	0.064	19.9999999471177
0.0638	0.064	20.0000003580317
0.066	0.064	19.9999976818019
0.0682	0.064	20.0000140591943
0.0704	0.064	19.9999230472893
0.0726	0.064	20.0003504833746
0.0748	0.064	19.9989864582877
0.077	0.064	19.9994184868103
0.0792	0.064	19.9991833643744
0.0814	0.064	19.9948970923763
0.0836	0.064	19.9966470880981
0.0858	0.064	19.9956367116718
0.088	0.064	19.9792089093087
0.0902	0.064	19.9886153600881
0.0924	0.064	20.0041100041216
0.0946	0.064	20.0048684177653
0.0968	0.064	20.0034776495046
0.099	0.064	20.0026465841572
0.1012	0.064	20.0018094494795
0.1034	0.064	20.0013333825047
0.1056	0.064	20.0011113912899
0.1078	0.064	20.000923083406
0.11	0.064	20.0007780879327
0	0.0672	17.6528627369999
0.0022	0.0672	16.6434408551196
0.0044	0.0672	20.8973829970463
0.0066	0.0672	17.8650992210156
0.0088	0.0672	14.6698768311752
0.011	0.0672	15.8506612076077
0.0132	0.0672	19.1875435722747
0.0154	0.0672	20.4766174593163
0.0176	0.0672	20.2270438379569
0.0198	0.0672	19.969933684387
0.022	0.0672	19.9810986434726
0.0242	0.0672	20.0024218389911
0.0264	0.0672	20.0021338189802
0.0286	0.0672	19.9994921140875
0.0308	0.0672	19.9996209772676
0.033	0.0672	20.0000533038499
0.0352	0.0672	20.0000147527094
0.0374	0.0672	19.9999902247321
0.0396	0.0672	19.9999996761551
0.0418	0.0672	20.0000005527458
0.044	0.0672	19.999999951213
0.0462	0.0672	19.9999999977755
0.0484	0.0672	20.0000000041687
0.0506	0.0672	19.9999999995527
0.0528	0.0672	20.0000000000135
0.055	0.0672	19.9999999997714
0.0572	0.0672	20.0000000018601
0.0594	0.0672	19.9999999856529
0.0616	0.0672	20.0000001092004
0.0638	0.0672	19.9999991849345
0.066	0.0672	20.0000059127617
0.0682	0.0672	19.9999589257106
0.0704	0.0672	20.0002660936974
0.0726	0.0672	19.9984778720181
0.0748	0.0672	20.0066125503977
0.077	0.0672	20.0045712647861
0.0792	0.0672	20.0056373530203
0.0814	0.0672	20.0244916918647
0.0836	0.0672	20.0175735108991
0.0858	0.0672	20.0220680404616
0.088	0.0672	20.0956333696123
0.0902	0.0672	20.0569087428147
0.0924	0.0672	19.9891195552582
0.0946	0.0672	19.984477977129
0.0968	0.0672	19.9894323680817
0.099	0.0672	19.992186403938
0.1012	0.0672	19.9951905180118
0.1034	0.0672	19.9967595827664
0.1056	0.0672	19.9973326683885
0.1078	0.0672	19.9978043377879
0.11	0.0672	19.9981630047782
0	0.0704	21.8109720113883
0.0022	0.0704	22.5157100744594
0.0044	0.0704	17.7333629248468
0.0066	0.0704	16.3205288902764
0.0088	0.0704	14.2631039807062
0.011	0.0704	15.825768062794
0.0132	0.0704	19.2246891552757
0.0154	0.0704	20.534922484304
0.0176	0.0704	20.2360813014836
0.0198	0.0704	19.9671237623665
0.022	0.0704	19.9805855536539
0.0242	0.0704	20.0019310190374
0.0264	0.0704	20.0022185899561
0.0286	0.0704	19.9994780425499
0.0308	0.0704	19.999605362128
0.033	0.0704	20.0000600370958
0.0352	0.0704	20.0000155751468
0.0374	0.0704	19.9999908764431
0.0396	0.0704	19.9999998562054
0.0418	0.0704	20.0000005910569
0.044	0.0704	20.0000000014366
0.0462	0.0704	20.0000000053307
0.0484	0.0704	20.0000000061958
0.0506	0.0704	19.9999999996089
0.0528	0.0704	19.9999999999096
0.055	0.0704	20.0000000003152
0.0572	0.0704	19.9999999975023
0.0594	0.0704	20.0000000208519
0.0616	0.0704	19.9999998260427
0.0638	0.0704	20.0000014456877
0.066	0.0704	19.9999880832955
0.0682	0.0704	20.0000966499653
0.0704	0.0704	19.9992404868002
0.0726	0.0704	20.0055985864141
0.0748	0.0704	19.9644134993224
0.077	0.0704	19.9734795888022
0.0792	0.0704	19.9681080159463
0.0814	0.0704	19.8774072816644
0.0836	0.0704	19.9067158611372
0.0858	0.0704	19.8831001553061
0.088	0.0704	19.5281611772249
0.0902	0.0704	19.6978547702212
0.0924	0.0704	20.0156265508549
0.0946	0.0704	20.0443111425641
0.0968	0.0704	20.0270440343382
0.099	0.0704	20.0186972574073
0.1012	0.0704	20.0079773221566
0.1034	0.0704	20.003226711898
0.1056	0.0704	20.0025194082276
0.1078	0.0704	20.0020585785059
0.11	0.0704	20.0017079485989
0	0.0736	18.1882134775314
0.0022	0.0736	17.3847827687158
0.0044	0.0736	20.5465235868611
0.0066	0.0736	17.6727856871659
0.0088	0.0736	14.0680322259845
0.011	0.0736	15.5106754713478
0.0132	0.0736	19.1577678378033
0.0154	0.0736	20.5261360241186
0.0176	0.0736	20.2438240583748
0.0198	0.0736	19.9681966054224
0.022	0.0736	19.9803811043693
0.0242	0.0736	20.0021011327524
0.0264	0.0736	20.0022872364859
0.0286	0.0736	19.9994694607026
0.0308	0.0736	19.99959946157
0.033	0.0736	20.0000597870097
0.0352	0.0736	20.0000152826379
0.0374	0.0736	19.9999900860244
0.0396	0.0736	19.9999997184911
0.0418	0.0736	20.0000005658179
0.044	0.0736	19.9999999465398
0.0462	0.0736	20.0000000002296
0.0484	0.0736	20.0000000061189
0.0506	0.0736	19.9999999995106
0.0528	0.0736	19.9999999999759
0.055	0.0736	19.9999999998056
0.0572	0.0736	20.0000000019086
0.0594	0.0736	19.9999999825326
0.0616	0.0736	20.0000001613886
0.0638	0.0736	19.9999984846727
0.066	0.0736	20.0000145445685
0.0682	0.0736	19.9998564689415
0.0704	0.0736	20.0014634024539
0.0726	0.0736	19.9845340770212
0.0748	0.0736	20.1696071613171
0.077	0.0736	20.1357340958583
0.0792	0.0736	20.1682396690978
0.0814	0.0736	20.7165700605262
0.0836	0.0736	20.5245444081148
0.0858	0.0736	20.7262277716037
0.088	0.0736	22.7538688371721
0.0902	0.0736	21.7921183238997
0.0924	0.0736	20.0066682439486
0.0946	0.0736	19.8216539366711
0.0968	0.0736	19.8964642353886
0.099	0.0736	19.9292581716579
0.1012	0.0736	19.9798061901602
0.1034	0.0736	19.9996030813026
0.1056	0.0736	19.999005254411
0.1078	0.0736	19.9979235438813
0.11	0.0736	19.9974860014226
0	0.0768	21.3217054521664
0.0022	0.0768	21.9508740876025
0.0044	0.0768	18.215918956003
0.0066	0.0768	16.1486934271832
0.0088	0.0768	13.612867723788
0.011	0.0768	15.4783573900579
0.0132	0.0768	19.19551003359
0.0154	0.0768	20.5843263099648
0.0176	0.0768	20.2531000163655
0.0198	0.0768	19.9653558250705
0.022	0.0768	19.9798780475746
0.0242	0.0768	20.0015999115373
0.0264	0.0768	20.0023797614053
0.0286	0.0768	19.999453093309
0.0308	0.0768	19.9995842459467
0.033	0.0768	20.0000663551727
0.0352	0.0768	20.0000161022806
0.0374	0.0768	19.9999907471123
0.0396	0.0768	19.9999998771204
0.0418	0.0768	20.0000006036877
0.044	0.0768	19.9999999906657
0.0462	0.0768	20.0000000082822
0.0484	0.0768	20.000000007838
0.0506	0.0768	19.9999999994867
0.0528	0.0768	19.9999999999445
0.055	0.0768	19.9999999999371
0.0572	0.0768	20.0000000006047
0.0594	0.0768	19.999999995208
0.0616	0.0768	20.0000000428721
0.0638	0.0768	19.9999995592584
0.066	0.0768	20.0000050754117
0.0682	0.0768	19.9999372324087
0.0704	0.0768	20.0008058181538
0.0726	0.0768	19.9894687342555
0.0748	0.0768	20.1388151485768
0.077	0.0768	20.1358986633483
0.0792	0.0768	20.1300958445301
0.0814	0.0768	20.6073239431675
0.0836	0.0768	20.5114783754704
0.0858	0.0768	20.5024540800696
0.088	0.0768	22.1303393141079
0.0902	0.0768	21.7806760509891
0.0924	0.0768	20.2902074199916
0.0946	0.0768	19.8386193538444
0.0968	0.0768	19.9274869747294
0.099	0.0768	19.9788810138342
0.1012	0.0768	20.014632496676
0.1034	0.0768	20.0000503385591
0.1056	0.0768	19.99812200405
0.1078	0.0768	19.9972528450218
0.11	0.0768	19.9968836368963
0	0.08	18.589071243852
0.0022	0.08	18.0041001543523
0.0044	0.08	20.3894835374667
0.0066	0.08	17.5251627893596
0.0088	0.08	13.4411069109235
0.011	0.08	15.1789602013756
0.0132	0.08	19.1289667384624
0.0154	0.08	20.5776003892021
0.0176	0.08	20.2604027488085
0.0198	0.08	19.9663293613173
0.022	0.08	19.9796822716247
0.0242	0.08	20.0017338348471
0.0264	0.08	20.0024650273028
0.0286	0.08	19.9994408081639
0.0308	0.08	19.9995794985429
0.033	0.08	20.0000662959538
0.0352	0.08	20.0000158151834
0.0374	0.08	19.9999901114687
0.0396	0.08	19.9999997049755
0.0418	0.08	20.0000005819402
0.044	0.08	19.9999999381107
0.0462	0.08	20.0000000003318
0.0484	0.08	20.0000000079766
0.0506	0.08	19.9999999994582
0.0528	0.08	19.9999999998762
0.055	0.08	20.0000000004035
0.0572	0.08	19.9999999971111
0.0594	0.08	20.0000000216899
0.0616	0.08	19.9999998398027
0.0638	0.08	20.0000011363072
0.066	0.08	19.9999927025948
0.0682	0.08	20.0000343508654
0.0704	0.08	20.0000608732665
0.0726	0.08	19.9947522053458
0.0748	0.08	20.1095811716802
0.077	0.08	20.1703119367466
0.0792	0.08	20.2018258411355
0.0814	0.08	20.6230132433557
0.0836	0.08	20.4534262500948
0.0858	0.08	20.702934144772
0.088	0.08	22.2918945868548
0.0902	0.08	21.3750149455205
0.0924	0.08	19.9864005321508
0.0946	0.08	19.8933554676039
0.0968	0.08	19.9399518036349
0.099	0.08	19.9925138134253
0.1012	0.08	19.9922057201024
0.1034	0.08	19.998080443551
0.1056	0.08	19.9985940196045
0.1078	0.08	19.997110716622
0.11	0.08	19.9967999737967
0	0.0832	20.9748737194213
0.0022	0.0832	21.6004475600164
0.0044	0.0832	18.7240635931022
0.0066	0.0832	16.0671240000148
0.0088	0.0832	12.9381685136489
0.011	0.0832	15.1436495943172
0.0132	0.0832	19.166259802896
0.0154	0.0832	20.6358619449121
0.0176	0.0832	20.2697721270016
0.0198	0.0832	19.9634880342286
0.022	0.0832	19.9791846510469
0.0242	0.0832	20.0012216032943
0.0264	0.0832	20.0025666734209
0.0286	0.0832	19.9994214418644
0.0308	0.0832	19.9995651120148
0.033	0.0832	20.0000725413581
0.0352	0.0832	20.0000166738187
0.0374	0.0832	19.9999907942665
0.0396	0.0832	19.9999998257691
0.0418	0.0832	20.0000006255546
0.044	0.0832	19.9999999737557
0.0462	0.0832	20.0000000066455
0.0484	0.0832	20.0000000091663
0.0506	0.0832	19.9999999993766
0.0528	0.0832	20.0000000000036
0.055	0.0832	19.9999999993505
0.0572	0.0832	20.0000000052645
0.0594	0.0832	19.9999999583861
0.0616	0.0832	20.0000003363421
0.0638	0.0832	19.9999971723019
0.066	0.0832	20.0000252674735
0.0682	0.0832	19.999755043707
0.0704	0.0832	20.0026010631954
0.0726	0.0832	19.9699732201096
0.0748	0.0832	20.3694050115752
0.077	0.0832	20.4661593129286
0.0792	0.0832	20.4988650545955
0.0814	0.0832	20.5296426958888
0.0836	0.0832	20.446551039755
0.0858	0.0832	20.4591537325642
0.088	0.0832	21.6695573426117
0.0902	0.0832	21.440643346267
0.0924	0.0832	20.316293913854
0.0946	0.0832	19.88448995119
0.0968	0.0832	19.9681034357966
0.099	0.0832	19.9960027625137
0.1012	0.0832	20.0049386945416
0.1034	0.0832	20.0003307364817
0.1056	0.0832	19.9973134556464
0.1078	0.0832	19.9964555327086
0.11	0.0832	19.9961086603655
0	0.0864	18.9127431161638
0.0022	0.0864	18.5686134144052
0.0044	0.0864	20.4294923589125
0.0066	0.0864	17.4498041144379
0.0088	0.0864	12.7898133098499
0.011	0.0864	14.8630244486916
0.0132	0.0864	19.0993801384158
0.0154	0.0864	20.6312949004633
0.0176	0.0864	20.2765376248107
0.0198	0.0864	19.964388621655
0.022	0.0864	19.9789929077437
0.0242	0.0864	20.001319656014
0.0264	0.0864	20.0026693028005
0.0286	0.0864	19.9994048986944
0.0308	0.0864	19.9995618795555
0.033	0.0864	20.0000724941247
0.0352	0.0864	20.000016448143
0.0374	0.0864	19.9999903118315
0.0396	0.0864	19.999999607153
0.0418	0.0864	20.0000006147303
0.044	0.0864	19.9999999203396
0.0462	0.0864	19.9999999954708
0.0484	0.0864	20.0000000092272
0.0506	0.0864	19.9999999993378
0.0528	0.0864	19.9999999998013
0.055	0.0864	20.0000000008745
0.0572	0.0864	19.9999999936622
0.0594	0.0864	20.0000000456361
0.0616	0.0864	19.9999996953827
0.0638	0.0864	20.0000016927271
0.066	0.0864	19.9999957575604
0.0682	0.0864	19.9999166768428
0.0704	0.0864	20.0021536821767
0.0726	0.0864	19.9638384275861
0.0748	0.0864	20.5310041161971
0.077	0.0864	20.6231117912758
0.0792	0.0864	20.6452136595274
0.0814	0.0864	20.7589394431747
0.0836	0.0864	20.8323659219587
0.0858	0.0864	20.9633508533374
0.088	0.0864	21.8424220640296
0.0902	0.0864	21.0684558429495
0.0924	0.0864	19.9423955796535
0.0946	0.0864	19.9481086775989
0.0968	0.0864	19.9603383836923
0.099	0.0864	19.999398835172
0.1012	0.0864	19.9970085849602
0.1034	0.0864	19.997394318147
0.1056	0.0864	19.9976548863203
0.1078	0.0864	19.9961282741123
0.11	0.0864	19.995915007335
0	0.0896	20.7528020544456
0.0022	0.0896	21.4501210042758
0.0044	0.0896	19.300606260346
0.0066	0.0896	16.0931878590998
0.0088	0.0896	12.2412382381441
0.011	0.0896	14.8292710863948
0.0132	0.0896	19.1349477176541
0.0154	0.0896	20.6898951714226
0.0176	0.0896	20.2858240224969
0.0198	0.0896	19.961589455081
0.022	0.0896	19.9784922759931
0.0242	0.0896	20.0007969508432
0.0264	0.0896	20.0027811360853
0.0286	0.0896	19.9993818636545
0.0308	0.0896	19.999548785683
0.033	0.0896	20.0000782203883
0.0352	0.0896	20.0000174089299
0.0374	0.0896	19.9999910206593
0.0396	0.0896	19.9999996731378
0.0418	0.0896	20.0000006733464
0.044	0.0896	19.9999999431952
0.0462	0.0896	19.9999999986077
0.0484	0.0896	20.000000009951
0.0506	0.0896	19.9999999991416
0.0528	0.0896	20.0000000000472
0.055	0.0896	19.9999999989516
0.0572	0.0896	20.0000000091232
0.0594	0.0896	19.9999999207649
0.0616	0.0896	20.0000007103631
0.0638	0.0896	19.9999933842022
0.066	0.0896	20.0000642974853
0.0682	0.0896	19.9993465555252
0.0704	0.0896	20.0069373382017
0.0726	0.0896	19.9233507991823
0.0748	0.0896	20.8764497503829
0.077	0.0896	21.011135333425
0.0792	0.0896	21.0447909412989
0.0814	0.0896	21.1816120440893
0.0836	0.0896	21.2299118827187
0.0858	0.0896	21.3741091900332
0.088	0.0896	21.2563902537008
0.0902	0.0896	21.1859246899769
0.0924	0.0896	20.3394213883897
0.0946	0.0896	19.9088914712681
0.0968	0.0896	19.9940261494542
0.099	0.0896	19.9952398324436
0.1012	0.0896	20.0017548382159
0.1034	0.0896	19.9992466498357
0.1056	0.0896	19.9963461038842
0.1078	0.0896	19.9953386193433
0.11	0.0896	19.9951696129495
0	0.0928	19.2085540888508
0.0022	0.0928	19.1358449243964
0.0044	0.0928	20.670532463253
0.0066	0.0928	17.4746911242074
0.0088	0.0928	12.1142234401915
0.011	0.0928	14.5714393239056
0.0132	0.0928	19.0665507005066
0.0154	0.0928	20.6877318201726
0.0176	0.0928	20.2919039446637
0.0198	0.0928	19.9624617232948
0.022	0.0928	19.978294387923
0.0242	0.0928	20.0008610739201
0.0264	0.0928	20.0029014436718
0.0286	0.0928	19.9993605745512
0.0308	0.0928	19.9995474597742
0.033	0.0928	20.0000779662222
0.0352	0.0928	20.0000173236264
0.0374	0.0928	19.9999906808926
0.0396	0.0928	19.9999993953004
0.0418	0.0928	20.000000684321
0.044	0.0928	19.9999998830815
0.0462	0.0928	19.9999999847726
0.0484	0.0928	20.0000000102436
0.0506	0.0928	19.9999999989619
0.0528	0.0928	19.999999999837
0.055	0.0928	20.0000000006984
0.0572	0.0928	19.9999999949088
0.0594	0.0928	20.0000000383713
0.0616	0.0928	19.999999719528
0.0638	0.0928	20.0000019179237
0.066	0.0928	19.9999888446343
0.0682	0.0928	20.0000341927923
0.0704	0.0928	20.0004571019615
0.0726	0.0928	19.9866169688617
0.0748	0.0928	20.2365068704559
0.077	0.0928	20.2564321183968
0.0792	0.0928	20.2583467136634
0.0814	0.0928	20.2786131575266
0.0836	0.0928	20.2835118831729
0.0858	0.0928	20.3037009117927
0.088	0.0928	20.3562504036157
0.0902	0.0928	20.4334882826602
0.0924	0.0928	20.0006726913789
0.0946	0.0928	19.9581673293603
0.0968	0.0928	19.973756336276
0.099	0.0928	20.0029478854543
0.1012	0.0928	19.9980515524789
0.1034	0.0928	19.9964196125077
0.1056	0.0928	19.9962725606861
0.1078	0.0928	19.9948419938113
0.11	0.0928	19.9948284865609
0	0.096	20.6564438225974
0.0022	0.096	21.4950742485061
0.0044	0.096	19.9769433774001
0.0066	0.096	16.2476480616443
0.0088	0.096	11.5226707141926
0.011	0.096	14.5441715012022
0.0132	0.096	19.0987680043559
0.0154	0.096	20.7470677518618
0.0176	0.096	20.3008830571499
0.0198	0.096	19.9597657200991
0.022	0.096	19.9777764219907
0.0242	0.096	20.0003302550054
0.0264	0.096	20.0030239914624
0.0286	0.096	19.9993333128634
0.0308	0.096	19.999536133754
0.033	0.096	20.0000829406627
0.0352	0.096	20.0000184738557
0.0374	0.096	19.9999914090458
0.0396	0.096	19.9999993902825
0.0418	0.096	20.0000007705871
0.044	0.096	19.9999998859729
0.0462	0.096	19.9999999855466
0.0484	0.096	20.0000000115165
0.0506	0.096	19.9999999986315
0.0528	0.096	19.999999999973
0.055	0.096	19.999999999828
0.0572	0.096	20.0000000012124
0.0594	0.096	19.9999999944739
0.0616	0.096	20.0000000058308
0.0638	0.096	20.000000301991
0.066	0.096	19.9999944671588
0.0682	0.096	20.0000710331511
0.0704	0.096	19.9992213459514
0.0726	0.096	20.0075478172178
0.0748	0.096	19.9374236739181
0.077	0.096	19.9298767735185
0.0792	0.096	19.928323520131
0.0814	0.096	19.9204496430595
0.0836	0.096	19.9176339862228
0.0858	0.096	19.909445972432
0.088	0.096	19.8941550628978
0.0902	0.096	19.8709494308806
0.0924	0.096	19.975597962625
0.0946	0.096	19.9847809902327
0.0968	0.096	19.9897573525047
0.099	0.096	19.9988768749923
0.1012	0.096	19.9995128126823
0.1034	0.096	19.997179522858
0.1056	0.096	19.9949314990851
0.1078	0.096	19.9938471927689
0.11	0.096	19.9940168210718
0	0.0992	19.5243957955018
0.0022	0.0992	19.7510677307297
0.0044	0.0992	21.1104624883773
0.0066	0.0992	17.6289377246058
0.0088	0.0992	11.4130355556348
0.011	0.0992	14.3140616949577
0.0132	0.0992	19.0271594711638
0.0154	0.0992	20.7477319339143
0.0176	0.0992	20.3060645102487
0.0198	0.0992	19.9606779086955
0.022	0.0992	19.9775547061647
0.0242	0.0992	20.0003647033037
0.0264	0.0992	20.0031616087524
0.0286	0.0992	19.9993069453664
0.0308	0.0992	19.9995371084341
0.033	0.0992	20.0000822251879
0.0352	0.0992	20.0000186329847
0.0374	0.0992	19.9999911893329
0.0396	0.0992	19.9999990414543
0.0418	0.0992	20.0000008177552
0.044	0.0992	19.9999998097958
0.0462	0.0992	19.9999999724984
0.0484	0.0992	20.0000000133563
0.0506	0.0992	19.9999999982851
0.0528	0.0992	19.9999999999631
0.055	0.0992	20.0000000000333
0.0572	0.0992	20.0000000003505
0.0594	0.0992	19.9999999950162
0.0616	0.0992	20.0000000554484
0.0638	0.0992	19.9999994506839
0.066	0.0992	20.0000050004235
0.0682	0.0992	19.999958036681
0.0704	0.0992	20.0003185323024
0.0726	0.0992	19.9979392998592
0.0748	0.0992	20.0091815098196
0.077	0.0992	20.0109577050402
0.0792	0.0992	20.0114665744339
0.0814	0.0992	20.0133788662269
0.0836	0.0992	20.0142593070499
0.0858	0.0992	20.0163202814657
0.088	0.0992	20.0204154611158
0.0902	0.0992	20.0264269136388
0.0924	0.0992	20.0005070418908
0.0946	0.0992	19.9977848646003
0.0968	0.0992	19.9965060627878
0.099	0.0992	19.9960726100547
0.1012	0.0992	19.9957653865008
0.1034	0.0992	19.9943708415208
0.1056	0.0992	19.9943628122309
0.1078	0.0992	19.9931236494984
0.11	0.0992	19.9935193584453
0	0.1024	20.7003386245471
0.0022	0.1024	21.7295970883987
0.0044	0.1024	20.7678426181906
0.0066	0.1024	16.5549535126019
0.0088	0.1024	10.7807850785847
0.011	0.1024	14.2988337839616
0.0132	0.1024	19.0539331563599
0.0154	0.1024	20.808382927834
0.0176	0.1024	20.3144446868743
0.0198	0.1024	19.9581715252945
0.022	0.1024	19.9769966773455
0.0242	0.1024	19.9998308247075
0.0264	0.1024	20.0032945447759
0.0286	0.1024	19.9992751214147
0.0308	0.1024	19.9995280018991
0.033	0.1024	20.0000861861191
0.0352	0.1024	20.0000200854671
0.0374	0.1024	19.9999919159879
0.0396	0.1024	19.999998951923
0.0418	0.1024	20.0000009475764
0.044	0.1024	19.9999997817603
0.0462	0.1024	19.9999999761999
0.0484	0.1024	20.0000000167438
0.0506	0.1024	19.9999999977889
0.0528	0.1024	20.0000000000117
0.055	0.1024	20.0000000001071
0.0572	0.1024	19.9999999994017
0.0594	0.1024	20.0000000051767
0.0616	0.1024	19.9999999567169
0.0638	0.1024	20.0000003455366
0.066	0.1024	19.9999973719269
0.0682	0.1024	20.0000189655731
0.0704	0.1024	19.9998703308073
0.0726	0.1024	20.0008542955472
0.0748	0.1024	19.9941272399008
0.077	0.1024	19.993327304273
0.0792	0.1024	19.9931124920478
0.0814	0.1024	19.9922624679433
0.0836	0.1024	19.9919055013314
0.0858	0.1024	19.9909945627287
0.088	0.1024	19.9897689969483
0.0902	0.1024	19.9878058502011
0.0924	0.1024	19.9941146185247
0.0946	0.1024	19.994483153115
0.0968	0.1024	19.9946060428849
0.099	0.1024	19.9943920888602
0.1012	0.1024	19.994245949959
0.1034	0.1024	19.9937263955332
0.1056	0.1024	19.9928630205599
0.1078	0.1024	19.9918572578359
0.11	0.1024	19.9926209914316
0	0.1056	19.9072802563985
0.0022	0.1056	20.4387576920244
0.0044	0.1056	21.7335133565437
0.0066	0.1056	17.9439864182531
0.0088	0.1056	10.6826633926654
0.011	0.1056	14.1023323313428
0.0132	0.1056	18.9768297271273
0.0154	0.1056	20.8125223154487
0.0176	0.1056	20.318431851169
0.0198	0.1056	19.9592226880218
0.022	0.1056	19.9767232897609
0.0242	0.1056	19.9998431100618
0.0264	0.1056	20.003448069076
0.0286	0.1056	19.9992436259221
0.0308	0.1056	19.9995316306167
0.033	0.1056	20.0000847301288
0.0352	0.1056	20.0000206185139
0.0374	0.1056	19.9999917786157
0.0396	0.1056	19.999998523602
0.0418	0.1056	20.0000010482957
0.044	0.1056	19.9999996760652
0.0462	0.1056	19.999999972136
0.0484	0.1056	20.0000000124611
0.0506	0.1056	19.9999999983982
0.0528	0.1056	20.0000000000131
0.055	0.1056	19.9999999999804
0.0572	0.1056	20.0000000004101
0.0594	0.1056	19.9999999968746
0.0616	0.1056	20.0000000222875
0.0638	0.1056	19.999999851822
0.066	0.1056	20.0000008777496
0.0682	0.1056	19.999995980873
0.0704	0.1056	20.0000034437807
0.0726	0.1056	20.0002483113809
0.0748	0.1056	19.995269167832
0.077	0.1056	19.9950616939324
0.0792	0.1056	19.9950589106918
0.0814	0.1056	19.9948661533462
0.0836	0.1056	19.9948705999087
0.0858	0.1056	19.9946934881553
0.088	0.1056	19.9948921267575
0.0902	0.1056	19.9949864400298
0.0924	0.1056	19.9932413820329
0.0946	0.1056	19.9927019262736
0.0968	0.1056	19.9924801206342
0.099	0.1056	19.9920739563118
0.1012	0.1056	19.9918845881319
0.1034	0.1056	19.9915411288609
0.1056	0.1056	19.9914867120534
0.1078	0.1056	19.9908799833474
0.11	0.1056	19.9919335106234
0	0.1088	20.9045520064384
0.0022	0.1088	22.1309005721678
0.0044	0.1088	21.6657003227475
0.0066	0.1088	17.0441963221726
0.0088	0.1088	10.0107489760427
0.011	0.1088	14.1055840002004
0.0132	0.1088	18.9954673684031
0.0154	0.1088	20.8753108982767
0.0176	0.1088	20.3258306872975
0.0198	0.1088	19.9570266744213
0.022	0.1088	19.9760908688153
0.0242	0.1088	19.9993150450292
0.0264	0.1088	20.0035897964572
0.0286	0.1088	19.999207278797
0.0308	0.1088	19.9995251187874
0.033	0.1088	20.0000874018634
0.0352	0.1088	20.0000225080983
0.0374	0.1088	19.9999924756149
0.0396	0.1088	19.9999983043029
0.0418	0.1088	20.00000138396
0.044	0.1088	19.999999900204
0.0462	0.1088	20.0000000000308
0.0484	0.1088	20.000000004188
0.0506	0.1088	19.9999999994208
0.0528	0.1088	19.9999999999922
0.055	0.1088	20.0000000000512
0.0572	0.1088	19.9999999997219
0.0594	0.1088	20.0000000020167
0.0616	0.1088	19.9999999853711
0.0638	0.1088	20.0000001063701
0.066	0.1088	19.999999208718
0.0682	0.1088	20.0000062127911
0.0704	0.1088	19.9999466832417
0.0726	0.1088	20.0005106218733
0.0748	0.1088	19.9945822371752
0.077	0.1088	19.9941886480154
0.0792	0.1088	19.9941131211795
0.0814	0.1088	19.9937123309763
0.0836	0.1088	19.9935981819315
0.0858	0.1088	19.9931864040982
0.088	0.1088	19.992985427045
0.0902	0.1088	19.9924925791567
0.0924	0.1088	19.9927510817238
0.0946	0.1088	19.9924152583008
0.0968	0.1088	19.9922517341114
0.099	0.1088	19.9918672049148
0.1012	0.1088	19.9916585038463
0.1034	0.1088	19.9912396818304
0.1056	0.1088	19.9909577806326
0.1078	0.1088	19.9905842069653
0.11	0.1088	19.9902403700519
0	0.112	20.3950670235016
0.0022	0.112	21.1861523991577
0.0044	0.112	22.5035953881322
0.0066	0.112	18.4552912401725
0.0088	0.112	9.91612578070682
0.011	0.112	13.9496716267001
0.0132	0.112	18.9098898976196
0.0154	0.112	20.8838550850225
0.0176	0.112	20.3282208388142
0.0198	0.112	19.9583560672507
0.022	0.112	19.9757243257184
0.0242	0.112	19.9993171856228
0.0264	0.112	20.0037563187276
0.0286	0.112	19.9991710659596
0.0308	0.112	19.9995316486761
0.033	0.112	20.0000849283498
0.0352	0.112	20.0000235374073
0.0374	0.112	19.9999924779965
0.0396	0.112	19.9999973654872
0.0418	0.112	20.0000007520365
0.044	0.112	19.9999999278517
0.0462	0.112	19.9999999886015
0.0484	0.112	20.0000000033367
0.0506	0.112	19.999999999578
0.0528	0.112	20.0000000000136
0.055	0.112	19.9999999999837
0.0572	0.112	20.000000000168
0.0594	0.112	19.9999999987725
0.0616	0.112	20.0000000088745
0.0638	0.112	19.999999935633
0.066	0.112	20.0000004699504
0.0682	0.112	19.9999965502727
0.0704	0.112	20.0000251644603
0.0726	0.112	19.9998237698782
0.0748	0.112	20.0010752284765
0.077	0.112	20.0011866049795
0.0792	0.112	20.001214494581
0.0814	0.112	20.0013296941736
0.0836	0.112	20.0013705340408
0.0858	0.112	20.0014909653306
0.088	0.112	20.0015575005107
0.0902	0.112	20.0017019158955
0.0924	0.112	20.001654207253
0.0946	0.112	20.0017595917878
0.0968	0.112	20.0018229734377
0.099	0.112	20.0019441244275
0.1012	0.112	20.0020230340528
0.1034	0.112	20.0021568671144
0.1056	0.112	20.0022590914365
0.1078	0.112	20.0023858788699
0.11	0.112	20.0025088320046
0	0.1152	21.2769391613983
0.0022	0.1152	22.635766830125
0.0044	0.1152	22.6362726567834
0.0066	0.1152	17.7505803390641
0.0088	0.1152	9.20347980389688
0.011	0.1152	13.9790149222107
0.0132	0.1152	18.9169526182896
0.0154	0.1152	20.9499178406106
0.0176	0.1152	20.3341367058901
0.0198	0.1152	19.9566364401138
0.022	0.1152	19.9749675456041
0.0242	0.1152	19.9988090749647
0.0264	0.1152	20.003903421638
0.0286	0.1152	19.9991308188963
0.0308	0.1152	19.999527944962
0.033	0.1152	20.0000860804039
0.0352	0.1152	20.0000258869112
0.0374	0.1152	19.9999935876199
0.0396	0.1152	19.9999993359312
0.0418	0.1152	20.000000292225
0.044	0.1152	19.9999999831999
0.0462	0.1152	19.9999999957429
0.0484	0.1152	20.0000000012073
0.0506	0.1152	19.9999999998941
0.0528	0.1152	19.9999999999892
0.055	0.1152	20.0000000000178
0.0572	0.1152	19.9999999999058
0.0594	0.1152	20.0000000006562
0.0616	0.1152	19.9999999954345
0.0638	0.1152	20.0000000314517
0.066	0.1152	19.9999997868122
0.0682	0.1152	20.000001404366
0.0704	0.1152	19.9999912275941
0.0726	0.1152	20.0000493489325
0.0748	0.1152	19.999781263852
0.077	0.1152	19.9997503828034
0.0792	0.1152	19.9997413835837
0.0814	0.1152	19.9997090112665
0.0836	0.1152	19.9996959081157
0.0858	0.1152	19.9996615604243
0.088	0.1152	19.9996409640989
0.0902	0.1152	19.9995996079097
0.0924	0.1152	19.9996074717275
0.0946	0.1152	19.9995757698849
0.0968	0.1152	19.9995542576004
0.099	0.1152	19.9995175996032
0.1012	0.1152	19.9994910225498
0.1034	0.1152	19.9994500271412
0.1056	0.1152	19.9994162070848
0.1078	0.1152	19.9993757573557
0.11	0.1152	19.9993352510589
0	0.1184	20.9926981300409
0.0022	0.1184	21.9195429860082
0.0044	0.1184	23.3606296680569
0.0066	0.1184	19.204219919802
0.0088	0.1184	9.10178111467327
0.011	0.1184	13.8719813417251
0.0132	0.1184	18.8190888076384
0.0154	0.1184	20.9641507293805
0.0176	0.1184	20.3343899088021
0.0198	0.1184	19.9584354602334
0.022	0.1184	19.9744482655228
0.0242	0.1184	19.9988191981498
0.0264	0.1184	20.0040779728443
0.0286	0.1184	19.9990907472801
0.0308	0.1184	19.9995383624445
0.033	0.1184	20.0000788382499
0.0352	0.1184	20.0000141335009
0.0374	0.1184	19.999995025093
0.0396	0.1184	20.0000001480372
0.0418	0.1184	20.0000000565221
0.044	0.1184	19.9999999891727
0.0462	0.1184	20.0000000005323
0.0484	0.1184	20.0000000000681
0.0506	0.1184	19.9999999999871
0.0528	0.1184	20.0000000000019
0.055	0.1184	19.999999999993
0.0572	0.1184	20.0000000000461
0.0594	0.1184	19.9999999996917
0.0616	0.1184	20.0000000020362
0.0638	0.1184	19.9999999868648
0.066	0.1184	20.0000000819479
0.0682	0.1184	19.9999995139858
0.0704	0.1184	20.000002658789
0.0726	0.1184	19.9999873442918
0.0748	0.1184	20.000045577065
0.077	0.1184	20.0000540271212
0.0792	0.1184	20.0000567492862
0.0814	0.1184	20.000065714206
0.0836	0.1184	20.0000696908372
0.0858	0.1184	20.0000793287855
0.088	0.1184	20.0000854653956
0.0902	0.1184	20.0000971305078
0.0924	0.1184	20.0000961665022
0.0946	0.1184	20.0001054554583
0.0968	0.1184	20.0001122874334
0.099	0.1184	20.0001230993971
0.1012	0.1184	20.0001315258104
0.1034	0.1184	20.0001437501794
0.1056	0.1184	20.0001543829997
0.1078	0.1184	20.0001668144988
0.11	0.1184	20.0001795452028
0	0.1216	21.7759140600392
0.0022	0.1216	23.1135296536654
0.0044	0.1216	23.6182280389933
0.0066	0.1216	18.7169740711798
0.0088	0.1216	8.34441601877183
0.011	0.1216	13.9365189246664
0.0132	0.1216	18.8102235499428
0.0154	0.1216	21.035021440122
0.0176	0.1216	20.3381674175533
0.0198	0.1216	19.957417065992
0.022	0.1216	19.9734964533707
0.0242	0.1216	19.9983522895498
0.0264	0.1216	20.0042245336343
0.0286	0.1216	19.9990479944143
0.0308	0.1216	19.9995376827708
0.033	0.1216	20.0000259279085
0.0352	0.1216	20.000007942094
0.0374	0.1216	19.9999987782854
0.0396	0.1216	20.000000051107
0.0418	0.1216	20.000000035509
0.044	0.1216	19.9999999925249
0.0462	0.1216	20.00000000061
0.0484	0.1216	20.000000000041
0.0506	0.1216	19.9999999999763
0.0528	0.1216	20.0000000000041
0.055	0.1216	20.0000000000027
0.0572	0.1216	19.9999999999797
0.0594	0.1216	20.0000000001304
0.0616	0.1216	19.9999999991872
0.0638	0.1216	20.0000000049008
0.066	0.1216	19.9999999717805
0.0682	0.1216	20.0000001521536
0.0704	0.1216	19.9999992564916
0.0726	0.1216	20.0000031019247
0.0748	0.1216	19.9999902906092
0.077	0.1216	19.9999879990446
0.0792	0.1216	19.9999872052411
0.0814	0.1216	19.9999847472948
0.0836	0.1216	19.9999835793958
0.0858	0.1216	19.999980905107
0.088	0.1216	19.9999791203526
0.0902	0.1216	19.9999758645753
0.0924	0.1216	19.9999758534416
0.0946	0.1216	19.9999731795079
0.0968	0.1216	19.9999710935313
0.099	0.1216	19.9999679599025
0.1012	0.1216	19.999965384598
0.1034	0.1216	19.9999618061735
0.1056	0.1216	19.9999585692439
0.1078	0.1216	19.9999548426852
0.11	0.1216	19.9999509614698
0	0.1248	21.6215418851413
0.0022	0.1248	22.4819492662047
0.0044	0.1248	24.2216962848989
0.0066	0.1248	20.2397182904721
0.0088	0.1248	8.22201964427332
0.011	0.1248	13.8882403586599
0.0132	0.1248	18.6952612597838
0.0154	0.1248	21.0566682028717
0.0176	0.1248	20.3355705149287
0.0198	0.1248	19.9599398171955
0.022	0.1248	19.9727553595562
0.0242	0.1248	19.9983492676781
0.0264	0.1248	20.0045605656538
0.0286	0.1248	19.999724801778
0.0308	0.1248	19.9999611827221
0.033	0.1248	20.000013553404
0.0352	0.1248	20.000000027012
0.0374	0.1248	19.9999996684108
0.0396	0.1248	20.0000000120797
0.0418	0.1248	20.000000002381
0.044	0.1248	19.9999999998592
0.0462	0.1248	19.9999999998923
0.0484	0.1248	20.0000000000318
0.0506	0.1248	19.9999999999966
0.0528	0.1248	20
0.055	0.1248	19.9999999999987
0.0572	0.1248	20.0000000000082
0.0594	0.1248	19.9999999999495
0.0616	0.1248	20.0000000002978
0.0638	0.1248	19.9999999983178
0.066	0.1248	20.0000000089897
0.0682	0.1248	19.9999999554941
0.0704	0.1248	20.0000001974471
0.0726	0.1248	19.9999992587446
0.0748	0.1248	20.0000021088548
0.077	0.1248	20.0000027263188
0.0792	0.1248	20.0000029525272
0.0814	0.1248	20.0000036216118
0.0836	0.1248	20.0000039574011
0.0858	0.1248	20.0000046935105
0.088	0.1248	20.0000052041589
0.0902	0.1248	20.000006105899
0.0924	0.1248	20.000006173208
0.0946	0.1248	20.000006933352
0.0968	0.1248	20.0000075540962
0.099	0.1248	20.0000084510106
0.1012	0.1248	20.0000092190588
0.1034	0.1248	20.0000102526316
0.1056	0.1248	20.0000112165621
0.1078	0.1248	20.0000123141879
0.11	0.1248	20.0000134727295
0	0.128	22.2399003863285
0.0022	0.128	23.3508696843545
0.0044	0.128	24.5271699299778
0.0066	0.128	19.995150814309
0.0088	0.128	7.4122808925053
0.011	0.128	13.9989106624395
0.0132	0.128	18.6650125395955
0.0154	0.128	21.1343708136899
0.0176	0.128	20.3363709986849
0.0198	0.128	19.9598843859964
0.022	0.128	19.9716367320723
0.0242	0.128	19.9975378689769
0.0264	0.128	20.0012455546437
0.0286	0.128	19.9999494791876
0.0308	0.128	19.9999617671444
0.033	0.128	20.0000074074603
0.0352	0.128	19.9999999984756
0.0374	0.128	19.9999998575854
0.0396	0.128	20.0000000273416
0.0418	0.128	19.9999999979026
0.044	0.128	19.9999999998031
0.0462	0.128	20.0000000001014
0.0484	0.128	19.9999999999776
0.0506	0.128	20.0000000000034
0.0528	0.128	19.9999999999996
0.055	0.128	20.0000000000006
0.0572	0.128	19.9999999999969
0.0594	0.128	20.0000000000183
0.0616	0.128	19.999999999898
0.0638	0.128	20.0000000005419
0.066	0.128	19.9999999972964
0.0682	0.128	20.0000000124023
0.0704	0.128	19.9999999493638
0.0726	0.128	20.0000001745202
0.0748	0.128	19.9999995350381
0.077	0.128	19.9999993694742
0.0792	0.128	19.9999993059841
0.0814	0.128	19.9999991248247
0.0836	0.128	19.9999990296462
0.0858	0.128	19.9999988282212
0.088	0.128	19.9999986837734
0.0902	0.128	19.9999984354748
0.0924	0.128	19.9999984019162
0.0946	0.128	19.9999981878388
0.0968	0.128	19.9999980063931
0.099	0.128	19.9999977520936
0.1012	0.128	19.9999975269848
0.1034	0.128	19.9999972314872
0.1056	0.128	19.9999969489794
0.1078	0.128	19.9999966299284
0.11	0.128	19.9999962894205
0	0.1312	22.0314157353835
0.0022	0.1312	22.6366306162994
0.0044	0.1312	24.9854066868746
0.0066	0.1312	21.6196689422832
0.0088	0.1312	7.25196808308813
0.011	0.1312	14.0212279660628
0.0132	0.1312	18.5268053998093
0.0154	0.1312	21.1661304474429
0.0176	0.1312	20.328627698012
0.0198	0.1312	19.9678895128484
0.022	0.1312	19.9856495508993
0.0242	0.1312	20.00321139904
0.0264	0.1312	20.0003104288892
0.0286	0.1312	19.9999541651299
0.0308	0.1312	19.9999973102709
0.033	0.1312	19.9999998199404
0.0352	0.1312	20.0000001195425
0.0374	0.1312	19.9999999778103
0.0396	0.1312	19.9999999992742
0.0418	0.1312	20.0000000010685
0.044	0.1312	19.9999999997871
0.0462	0.1312	20.0000000000179
0.0484	0.1312	20.0000000000026
0.0506	0.1312	19.9999999999986
0.0528	0.1312	20.0000000000004
0.055	0.1312	19.9999999999998
0.0572	0.1312	20.0000000000012
0.0594	0.1312	19.9999999999938
0.0616	0.1312	20.0000000000331
0.0638	0.1312	19.999999999834
0.066	0.1312	20.0000000007779
0.0682	0.1312	19.9999999966647
0.0704	0.1312	20.0000000126766
0.0726	0.1312	19.9999999593073
0.0748	0.1312	20.0000001038245
0.077	0.1312	20.0000001480904
0.0792	0.1312	20.0000001657468
0.0814	0.1312	20.0000002146109
0.0836	0.1312	20.0000002413129
0.0858	0.1312	20.0000002961597
0.088	0.1312	20.0000003366542
0.0902	0.1312	20.0000004047103
0.0924	0.1312	20.0000004174848
0.0946	0.1312	20.0000004773357
0.0968	0.1312	20.0000005296706
0.099	0.1312	20.0000006012346
0.1012	0.1312	20.0000006663654
0.1034	0.1312	20.0000007501712
0.1056	0.1312	20.0000008319678
0.1078	0.1312	20.0000009237511
0.11	0.1312	20.0000010226405
0	0.1344	22.294973717861
0.0022	0.1344	23.0812127941464
0.0044	0.1344	25.2595382868851
0.0066	0.1344	21.6472149169539
0.0088	0.1344	6.37771944239938
0.011	0.1344	14.1913809716621
0.0132	0.1344	18.4678584333089
0.0154	0.1344	21.2549094922475
0.0176	0.1344	20.3203906470249
0.0198	0.1344	19.9729546103921
0.022	0.1344	19.9928365023816
0.0242	0.1344	20.0003323978291
0.0264	0.1344	20.0001186654985
0.0286	0.1344	19.9999733709785
0.0308	0.1344	20.0000013455008
0.033	0.1344	20.0000005203742
0.0352	0.1344	19.999999888427
0.0374	0.1344	20.0000000150733
0.0396	0.1344	19.9999999989937
0.0418	0.1344	19.9999999997652
0.044	0.1344	20.0000000000921
0.0462	0.1344	19.9999999999821
0.0484	0.1344	20.0000000000019
0.0506	0.1344	20.0000000000001
0.0528	0.1344	19.9999999999999
0.055	0.1344	20.0000000000002
0.0572	0.1344	19.9999999999997
0.0594	0.1344	20.0000000000021
0.0616	0.1344	19.9999999999897
0.0638	0.1344	20.0000000000489
0.066	0.1344	19.999999999784
0.0682	0.1344	20.0000000008698
0.0704	0.1344	19.9999999968955
0.0726	0.1344	20.0000000094738
0.0748	0.1344	19.9999999769365
0.077	0.1344	19.9999999651573
0.0792	0.1344	19.9999999602889
0.0814	0.1344	19.9999999471606
0.0836	0.1344	19.9999999397255
0.0858	0.1344	19.9999999248475
0.088	0.1344	19.999999913565
0.0902	0.1344	19.9999998949768
0.0924	0.1344	19.9999998906373
0.0946	0.1344	19.9999998739831
0.0968	0.1344	19.9999998590153
0.099	0.1344	19.9999998389686
0.1012	0.1344	19.9999998202778
0.1034	0.1344	19.9999997966333
0.1056	0.1344	19.9999997731253
0.1078	0.1344	19.9999997469113
0.11	0.1344	19.9999997184411
0	0.1376	21.7612301407179
0.0022	0.1376	22.1343257018416
0.0044	0.1376	25.5275877589555
0.0066	0.1376	23.4225473084502
0.0088	0.1376	6.13334380944757
0.011	0.1376	14.3685606096664
0.0132	0.1376	18.0890019017231
0.0154	0.1376	20.0529260336911
0.0176	0.1376	20.0058362893051
0.0198	0.1376	19.9944644852691
0.022	0.1376	19.998661421657
0.0242	0.1376	20.0002120959392
0.0264	0.1376	20.0000174504223
0.0286	0.1376	19.9999969255996
0.0308	0.1376	19.9999994364782
0.033	0.1376	20.0000001218697
0.0352	0.1376	19.9999999967737
0.0374	0.1376	19.999999996239
0.0396	0.1376	20.0000000011181
0.0418	0.1376	19.9999999998532
0.044	0.1376	20.0000000000022
0.0462	0.1376	20.0000000000043
0.0484	0.1376	19.9999999999988
0.0506	0.1376	20.0000000000002
0.0528	0.1376	20.0000000000001
0.055	0.1376	20
0.0572	0.1376	20.0000000000002
0.0594	0.1376	19.9999999999994
0.0616	0.1376	20.0000000000032
0.0638	0.1376	19.9999999999861
0.066	0.1376	20.0000000000584
0.0682	0.1376	19.999999999776
0.0704	0.1376	20.000000000757
0.0726	0.1376	19.999999997837
0.0748	0.1376	20.0000000053743
0.077	0.1376	20.0000000085064
0.0792	0.1376	20.0000000098351
0.0814	0.1376	20.0000000133487
0.0836	0.1376	20.0000000153927
0.0858	0.1376	20.0000000194207
0.088	0.1376	20.0000000225443
0.0902	0.1376	20.0000000276039
0.0924	0.1376	20.0000000289891
0.0946	0.1376	20.0000000335929
0.0968	0.1376	20.0000000378263
0.099	0.1376	20.0000000434037
0.1012	0.1376	20.0000000487021
0.1034	0.1376	20.0000000553221
0.1056	0.1376	20.0000000620033
0.1078	0.1376	20.0000000694094
0.11	0.1376	20.000000077517
0	0.1408	21.5075002507215
0.0022	0.1408	22.0967203586244
0.0044	0.1408	25.6595213642496
0.0066	0.1408	23.808900681673
0.0088	0.1408	5.05036638555263
0.011	0.1408	14.961674398369
0.0132	0.1408	19.4978608935254
0.0154	0.1408	20.0764820586949
0.0176	0.1408	20.017198133174
0.0198	0.1408	19.9971663165609
0.022	0.1408	19.9999002961962
0.0242	0.1408	20.0000371507116
0.0264	0.1408	20.0000025615683
0.0286	0.1408	19.9999998724408
0.0308	0.1408	20.0000000826534
0.033	0.1408	19.9999999725051
0.0352	0.1408	20.0000000047028
0.0374	0.1408	19.9999999998114
0.0396	0.1408	19.9999999998135
0.0418	0.1408	20.0000000000594
0.044	0.1408	19.9999999999901
0.0462	0.1408	20.0000000000007
0.0484	0.1408	20.0000000000002
0.0506	0.1408	20
0.0528	0.1408	20.0000000000001
0.055	0.1408	20
0.0572	0.1408	20
0.0594	0.1408	20.0000000000002
0.0616	0.1408	19.9999999999991
0.0638	0.1408	20.0000000000039
0.066	0.1408	19.9999999999844
0.0682	0.1408	20.0000000000563
0.0704	0.1408	19.9999999998189
0.0726	0.1408	20.0000000005212
0.0748	0.1408	19.9999999987468
0.077	0.1408	19.9999999979144
0.0792	0.1408	19.9999999975596
0.0814	0.1408	19.9999999966212
0.0836	0.1408	19.9999999960636
0.0858	0.1408	19.9999999949756
0.088	0.1408	19.9999999941162
0.0902	0.1408	19.9999999927414
0.0924	0.1408	19.9999999923144
0.0946	0.1408	19.9999999910434
0.0968	0.1408	19.99999998986
0.099	0.1408	19.9999999883168
0.1012	0.1408	19.9999999868289
0.1034	0.1408	19.9999999849862
0.1056	0.1408	19.9999999831047
0.1078	0.1408	19.9999999810245
0.11	0.1408	19.9999999787367
0	0.144	19.6386830451147
0.0022	0.144	21.6622040772204
0.0044	0.144	24.3169097475907
0.0066	0.144	28.8322249382688
0.0088	0.144	20.2337705916983
0.011	0.144	19.4486291201086
0.0132	0.144	19.87767666891
0.0154	0.144	20.0101309212149
0.0176	0.144	20.0059928804227
0.0198	0.144	20.0004932705002
0.022	0.144	19.9998754067331
0.0242	0.144	20.0000113456007
0.0264	0.144	19.9999994303328
0.0286	0.144	19.9999997206966
0.0308	0.144	20.0000000455214
0.033	0.144	20.0000000000001
0.0352	0.144	19.9999999986055
0.0374	0.144	20.0000000003858
0.0396	0.144	19.9999999999632
0.0418	0.144	19.9999999999946
0.044	0.144	20.0000000000029
0.0462	0.144	19.9999999999994
0.0484	0.144	20.0000000000001
0.0506	0.144	20
0.0528	0.144	20
0.055	0.144	20
0.0572	0.144	20
0.0594	0.144	20
0.0616	0.144	20.0000000000002
0.0638	0.144	19.999999999999
0.066	0.144	20.000000000004
0.0682	0.144	19.9999999999858
0.0704	0.144	20.0000000000448
0.0726	0.144	19.999999999883
0.0748	0.144	20.0000000002383
0.077	0.144	20.0000000004598
0.0792	0.144	20.0000000005572
0.0814	0.144	20.0000000008052
0.0836	0.144	20.0000000009589
0.0858	0.144	20.0000000012527
0.088	0.144	20.0000000014905
0.0902	0.144	20.0000000018679
0.0924	0.144	20.0000000019997
0.0946	0.144	20.0000000023557
0.0968	0.144	20.0000000026869
0.099	0.144	20.0000000031178
0.1012	0.144	20.0000000035339
0.1034	0.144	20.0000000040462
0.1056	0.144	20.0000000045781
0.1078	0.144	20.0000000051624
0.11	0.144	20.000000005809
0	0.1472	16.6360954437857
0.0022	0.1472	22.1979221986073
0.0044	0.1472	23.405234456223
0.0066	0.1472	19.8506112515915
0.0088	0.1472	20.1595850708128
0.011	0.1472	20.1262123571506
0.0132	0.1472	20.0335915902888
0.0154	0.1472	19.9997935588008
0.0176	0.1472	19.9994627438465
0.0198	0.1472	20.0000052567819
0.022	0.1472	20.0000080472572
0.0242	0.1472	19.9999956004155
0.0264	0.1472	20.0000009934252
0.0286	0.1472	19.9999999465158
0.0308	0.1472	19.9999999879346
0.033	0.1472	20.0000000031844
0.0352	0.1472	19.999999999647
0.0374	0.1472	19.9999999999627
0.0396	0.1472	20.000000000019
0.0418	0.1472	19.9999999999971
0.044	0.1472	20
0.0462	0.1472	20.0000000000002
0.0484	0.1472	19.9999999999999
0.0506	0.1472	20
0.0528	0.1472	20
0.055	0.1472	20
0.0572	0.1472	20
0.0594	0.1472	20.0000000000001
0.0616	0.1472	20
0.0638	0.1472	20.0000000000003
0.066	0.1472	19.9999999999989
0.0682	0.1472	20.0000000000033
0.0704	0.1472	19.9999999999888
0.0726	0.1472	20.0000000000244
0.0748	0.1472	19.9999999999045
0.077	0.1472	19.9999999998459
0.0792	0.1472	19.999999999817
0.0814	0.1472	19.9999999997533
0.0836	0.1472	19.999999999713
0.0858	0.1472	19.9999999996367
0.088	0.1472	19.99999999957
0.0902	0.1472	19.999999999471
0.0924	0.1472	19.999999999436
0.0946	0.1472	19.9999999993433
0.0968	0.1472	19.9999999992555
0.099	0.1472	19.9999999991419
0.1012	0.1472	19.999999999028
0.1034	0.1472	19.9999999988886
0.1056	0.1472	19.9999999987391
0.1078	0.1472	19.9999999985777
0.11	0.1472	19.9999999983939
0	0.1504	16.7044514585067
0.0022	0.1504	18.1598975257151
0.0044	0.1504	20.2694711979758
0.0066	0.1504	20.3884968508886
0.0088	0.1504	19.9666729462687
0.011	0.1504	19.963847798933
0.0132	0.1504	19.994804055782
0.0154	0.1504	20.0009992068831
0.0176	0.1504	20.000071241609
0.0198	0.1504	19.9999886955403
0.022	0.1504	20.0000007683464
0.0242	0.1504	20.0000003057216
0.0264	0.1504	19.9999997329462
0.0286	0.1504	20.0000000524321
0.0308	0.1504	19.9999999962606
0.033	0.1504	19.9999999995807
0.0352	0.1504	20.0000000002053
0.0374	0.1504	19.9999999999704
0.0396	0.1504	20.0000000000003
0.0418	0.1504	20.0000000000009
0.044	0.1504	19.9999999999998
0.0462	0.1504	20
0.0484	0.1504	20
0.0506	0.1504	20
0.0528	0.1504	20
0.055	0.1504	20
0.0572	0.1504	20
0.0594	0.1504	20
0.0616	0.1504	20
0.0638	0.1504	19.9999999999999
0.066	0.1504	20.0000000000002
0.0682	0.1504	19.9999999999994
0.0704	0.1504	20.0000000000008
0.0726	0.1504	19.99999999999
0.0748	0.1504	20.0000000000113
0.077	0.1504	20.0000000000247
0.0792	0.1504	20.0000000000303
0.0814	0.1504	20.0000000000486
0.0836	0.1504	20.0000000000557
0.0858	0.1504	20.0000000000747
0.088	0.1504	20.0000000000884
0.0902	0.1504	20.000000000112
0.0924	0.1504	20.000000000121
0.0946	0.1504	20.0000000001458
0.0968	0.1504	20.0000000001693
0.099	0.1504	20.0000000001986
0.1012	0.1504	20.0000000002296
0.1034	0.1504	20.000000000274
0.1056	0.1504	20.0000000003147
0.1078	0.1504	20.000000000361
0.11	0.1504	20.000000000419
0	0.1536	20.0873811309179
0.0022	0.1536	19.9784331749936
0.0044	0.1536	19.8319890862443
0.0066	0.1536	19.9521178148069
0.0088	0.1536	20.0250267703118
0.011	0.1536	20.0060225991469
0.0132	0.1536	19.9992950508144
0.0154	0.1536	19.9995556003696
0.0176	0.1536	20.0000158582467
0.0198	0.1536	20.0000035512389
0.022	0.1536	19.9999998772294
0.0242	0.1536	20.0000001030187
0.0264	0.1536	20.0000000257944
0.0286	0.1536	19.999999985155
0.0308	0.1536	20.0000000027027
0.033	0.1536	19.9999999997406
0.0352	0.1536	19.9999999999811
0.0374	0.1536	20.0000000000116
0.0396	0.1536	19.999999999998
0.0418	0.1536	20.0000000000001
0.044	0.1536	20
0.0462	0.1536	20
0.0484	0.1536	20
0.0506	0.1536	20
0.0528	0.1536	20
0.055	0.1536	20
0.0572	0.1536	20
0.0594	0.1536	19.9999999999999
0.0616	0.1536	20
0.0638	0.1536	19.9999999999999
0.066	0.1536	19.9999999999999
0.0682	0.1536	20.0000000000004
0.0704	0.1536	19.9999999999988
0.0726	0.1536	19.9999999999889
0.0748	0.1536	19.9999999999263
0.077	0.1536	19.9999999999252
0.0792	0.1536	19.9999999999242
0.0814	0.1536	19.99999999992
0.0836	0.1536	19.9999999999219
0.0858	0.1536	19.9999999999191
0.088	0.1536	19.999999999922
0.0902	0.1536	19.9999999999179
0.0924	0.1536	19.9999999999213
0.0946	0.1536	19.9999999999126
0.0968	0.1536	19.9999999999064
0.099	0.1536	19.9999999998976
0.1012	0.1536	19.999999999889
0.1034	0.1536	19.9999999998762
0.1056	0.1536	19.9999999998643
0.1078	0.1536	19.9999999998548
0.11	0.1536	19.9999999998451
0	0.1568	20.0126491123113
0.0022	0.1568	20.0169755767987
0.0044	0.1568	20.0243666004788
0.0066	0.1568	19.9975257809372
0.0088	0.1568	19.9934099320787
0.011	0.1568	20.0001500200251
0.0132	0.1568	20.0005230446869
0.0154	0.1568	20.0000834005914
0.0176	0.1568	19.9999839845434
0.0198	0.1568	19.999999833454
0.022	0.1568	19.999999930297
0.0242	0.1568	19.9999999699602
0.0264	0.1568	20.0000000056059
0.0286	0.1568	20.000000001912
0.0308	0.1568	19.9999999992232
0.033	0.1568	20.0000000001607
0.0352	0.1568	19.9999999999824
0.0374	0.1568	19.9999999999996
0.0396	0.1568	20.0000000000006
0.0418	0.1568	19.9999999999999
0.044	0.1568	20
0.0462	0.1568	20
0.0484	0.1568	20
0.0506	0.1568	20
0.0528	0.1568	20
0.055	0.1568	20
0.0572	0.1568	20.0000000000001
0.0594	0.1568	20
0.0616	0.1568	20
0.0638	0.1568	20
0.066	0.1568	20.0000000000001
0.0682	0.1568	20
0.0704	0.1568	19.9999999999976
0.0726	0.1568	19.9999999999757
0.0748	0.1568	19.9999999999253
0.077	0.1568	19.9999999999269
0.0792	0.1568	19.9999999999269
0.0814	0.1568	19.9999999999293
0.0836	0.1568	19.9999999999268
0.0858	0.1568	19.9999999999303
0.088	0.1568	19.9999999999331
0.0902	0.1568	19.9999999999374
0.0924	0.1568	19.9999999999365
0.0946	0.1568	19.9999999999479
0.0968	0.1568	19.9999999999512
0.099	0.1568	19.9999999999577
0.1012	0.1568	19.9999999999554
0.1034	0.1568	19.9999999999573
0.1056	0.1568	19.9999999999575
0.1078	0.1568	19.9999999999527
0.11	0.1568	19.9999999999468
0	0.16	19.9954136533969
0.0022	0.16	19.9965695309976
0.0044	0.16	19.9961486711547
0.0066	0.16	20.0038922774101
0.0088	0.16	20.0020102444112
0.011	0.16	19.9993618852136
0.0132	0.16	19.9997455415277
0.0154	0.16	19.9999916471286
0.0176	0.16	20.0000104090855
0.0198	0.16	19.9999994927165
0.022	0.16	20.0000000807358
0.0242	0.16	20.0000000028091
0.0264	0.16	19.9999999947572
0.0286	0.16	20.0000000001905
0.0308	0.16	20.0000000002415
0.033	0.16	19.9999999999115
0.0352	0.16	20.0000000000172
0.0374	0.16	19.9999999999983
0.0396	0.16	19.9999999999999
0.0418	0.16	20
0.044	0.16	20
0.0462	0.16	20
0.0484	0.16	20.0000000000001
0.0506	0.16	20.0000000000001
0.0528	0.16	20
0.055	0.16	20
0.0572	0.16	20
0.0594	0.16	20.0000000000001
0.0616	0.16	20.0000000000001
0.0638	0.16	20
0.066	0.16	20.0000000000001
0.0682	0.16	20.0000000000001
0.0704	0.16	19.9999999999948
0.0726	0.16	19.999999999981
0.0748	0.16	19.9999999999609
0.077	0.16	19.9999999999581
0.0792	0.16	19.9999999999586
0.0814	0.16	19.9999999999562
0.0836	0.16	19.9999999999566
0.0858	0.16	19.9999999999532
0.088	0.16	19.9999999999521
0.0902	0.16	19.9999999999485
0.0924	0.16	19.9999999999507
0.0946	0.16	19.9999999999488
0.0968	0.16	19.9999999999475
0.099	0.16	19.9999999999444
0.1012	0.16	19.9999999999439
0.1034	0.16	19.9999999999457
0.1056	0.16	19.9999999999466
0.1078	0.16	19.9999999999448
0.11	0.16	19.9999999999444
